       MJD   Upper    Mean   Lower  Cenwave  Zeropoint  Filter 
 52465.283    99.0    99.0    99.0  4369.53    4323.91       B 
 52465.283    99.0    99.0    99.0  5467.57     3617.5       V 
 52465.283    99.0    99.0    99.0  8568.89    2309.23       I 
 52467.931    99.0    99.0  24.269  5467.57     3617.5       V 
 52467.931    99.0    99.0  24.338  4369.53    4323.91       B 
 52467.931    99.0    99.0  24.429  8568.89    2309.23       I 
 52470.579    99.0    99.0  22.074  5467.57     3617.5       V 
 52470.579    99.0    99.0  22.082  4369.53    4323.91       B 
 52470.579    99.0    99.0  22.337  8568.89    2309.23       I 
 52473.227    99.0   63.89  21.209  5467.57     3617.5       V 
 52473.227    99.0   63.96  21.249  4369.53    4323.91       B 
 52473.227    99.0  63.998  21.428  8568.89    2309.23       I 
 52475.874    99.0  22.701  20.675  5467.57     3617.5       V 
 52475.874    99.0   22.73  20.717  4369.53    4323.91       B 
 52475.874    99.0  22.939  20.889  8568.89    2309.23       I 
 52478.522    99.0   21.71  20.333  5467.57     3617.5       V 
 52478.522    99.0  21.724  20.411  4369.53    4323.91       B 
 52478.522    99.0  21.907  20.566  8568.89    2309.23       I 
  52481.17    99.0  21.135  20.102  5467.57     3617.5       V 
  52481.17    99.0  21.177  20.175  4369.53    4323.91       B 
  52481.17    99.0  21.318  20.328  8568.89    2309.23       I 
 52483.818  24.614  20.809  20.029  4369.53    4323.91       B 
 52483.818  24.625  20.749   19.95  5467.57     3617.5       V 
 52483.818  24.918  20.918  20.116  8568.89    2309.23       I 
 52486.466  21.976  20.474  19.825  5467.57     3617.5       V 
 52486.466  22.048  20.507  19.909  4369.53    4323.91       B 
 52486.466  22.231  20.635  19.985  8568.89    2309.23       I 
 52489.114  21.293  20.238  19.721  5467.57     3617.5       V 
 52489.114  21.337  20.328  19.803  4369.53    4323.91       B 
 52489.114  21.504  20.408  19.875  8568.89    2309.23       I 
 52491.762  20.904  20.056  19.634  5467.57     3617.5       V 
 52491.762   21.02  20.164   19.71  4369.53    4323.91       B 
 52491.762  21.095  20.219  19.774  8568.89    2309.23       I 
  52494.41  20.636  19.921   19.55  5467.57     3617.5       V 
  52494.41  20.728  20.031   19.64  4369.53    4323.91       B 
  52494.41  20.784  20.059  19.679  8568.89    2309.23       I 
 52497.058  20.422    19.8  19.468  5467.57     3617.5       V 
 52497.058  20.509  19.917  19.566  4369.53    4323.91       B 
 52497.058   20.55  19.929  19.596  8568.89    2309.23       I 
 52499.706  20.223  19.703  19.406  5467.57     3617.5       V 
 52499.706  20.317  19.819  19.507  4369.53    4323.91       B 
 52499.706  20.351  19.824  19.525  8568.89    2309.23       I 
 52502.354  20.073   19.62  19.347  5467.57     3617.5       V 
 52502.354  20.182  19.739  19.459  4369.53    4323.91       B 
 52502.354  20.185  19.725  19.463  8568.89    2309.23       I 
 52505.002  19.939  19.547  19.291  5467.57     3617.5       V 
 52505.002  20.041  19.637  19.402  8568.89    2309.23       I 
 52505.002  20.072   19.68  19.417  4369.53    4323.91       B 
 52507.649  19.828   19.48  19.243  5467.57     3617.5       V 
 52507.649  19.929  19.561  19.348  8568.89    2309.23       I 
 52507.649  19.974  19.622  19.379  4369.53    4323.91       B 
 52510.297   19.74   19.42  19.201  5467.57     3617.5       V 
 52510.297  19.822  19.494    19.3  8568.89    2309.23       I 
 52510.297  19.879  19.558  19.351  4369.53    4323.91       B 
 52512.945  19.654  19.364  19.166  5467.57     3617.5       V 
 52512.945  19.726  19.434  19.256  8568.89    2309.23       I 
 52512.945  19.802  19.512  19.329  4369.53    4323.91       B 
 52515.593  19.574  19.313  19.141  5467.57     3617.5       V 
 52515.593  19.644   19.38  19.217  8568.89    2309.23       I 
 52515.593  19.726  19.471  19.306  4369.53    4323.91       B 
 52518.241    19.5  19.273  19.114  5467.57     3617.5       V 
 52518.241  19.571  19.333  19.181  8568.89    2309.23       I 
 52518.241  19.661  19.437  19.284  4369.53    4323.91       B 
 52520.889  19.435  19.236  19.088  5467.57     3617.5       V 
 52520.889  19.503  19.287  19.147  8568.89    2309.23       I 
 52520.889  19.613  19.413  19.269  4369.53    4323.91       B 
 52523.537  19.377  19.201  19.068  5467.57     3617.5       V 
 52523.537  19.443  19.247  19.119  8568.89    2309.23       I 
 52523.537  19.567  19.388   19.25  4369.53    4323.91       B 
 52526.185  19.325  19.169  19.053  5467.57     3617.5       V 
 52526.185  19.389  19.213  19.093  8568.89    2309.23       I 
 52526.185  19.521  19.364  19.234  4369.53    4323.91       B 
 52528.833  19.288  19.143  19.039  5467.57     3617.5       V 
 52528.833  19.337  19.179  19.071  8568.89    2309.23       I 
 52528.833  19.482  19.346  19.224  4369.53    4323.91       B 
 52531.481  19.254  19.119  19.029  5467.57     3617.5       V 
 52531.481  19.295  19.149   19.05  8568.89    2309.23       I 
 52531.481  19.453  19.333   19.22  4369.53    4323.91       B 
 52534.129  19.223  19.101  19.017  5467.57     3617.5       V 
 52534.129  19.258  19.121  19.031  8568.89    2309.23       I 
 52534.129  19.432  19.318  19.219  4369.53    4323.91       B 
 52536.776  19.195  19.084  19.007  5467.57     3617.5       V 
 52536.776  19.224  19.096  19.012  8568.89    2309.23       I 
 52536.776  19.413  19.307   19.22  4369.53    4323.91       B 
 52539.424   19.17  19.069  18.997  5467.57     3617.5       V 
 52539.424   19.19  19.075  18.996  8568.89    2309.23       I 
 52539.424  19.394  19.303  19.218  4369.53    4323.91       B 
 52542.072  19.148   19.06  18.991  5467.57     3617.5       V 
 52542.072  19.159  19.053  18.982  8568.89    2309.23       I 
 52542.072  19.382  19.298  19.219  4369.53    4323.91       B 
  52544.72  19.132  19.052  18.987  5467.57     3617.5       V 
  52544.72  19.134  19.035  18.971  8568.89    2309.23       I 
  52544.72  19.374  19.299  19.224  4369.53    4323.91       B 
 52547.368   19.11   19.02  18.961  8568.89    2309.23       I 
 52547.368  19.116  19.046  18.984  5467.57     3617.5       V 
 52547.368   19.37  19.298  19.232  4369.53    4323.91       B 
 52550.016  19.088  19.006  18.953  8568.89    2309.23       I 
 52550.016  19.102   19.04  18.983  5467.57     3617.5       V 
 52550.016  19.363    19.3  19.235  4369.53    4323.91       B 
 52552.664  19.066  18.993  18.943  8568.89    2309.23       I 
 52552.664   19.09  19.036  18.986  5467.57     3617.5       V 
 52552.664  19.361  19.306  19.244  4369.53    4323.91       B 
 52555.312   19.05  18.982  18.937  8568.89    2309.23       I 
 52555.312  19.086  19.034   18.99  5467.57     3617.5       V 
 52555.312  19.365  19.314  19.255  4369.53    4323.91       B 
  52557.96  19.035  18.973  18.931  8568.89    2309.23       I 
  52557.96  19.081  19.035  18.993  5467.57     3617.5       V 
  52557.96  19.367  19.321  19.268  4369.53    4323.91       B 
 52560.608  19.023  18.966  18.926  8568.89    2309.23       I 
 52560.608  19.079  19.035  18.998  5467.57     3617.5       V 
 52560.608  19.371  19.326  19.281  4369.53    4323.91       B 
   52562.8  19.014  18.961  18.923  8568.89    2309.23       I 
   52562.8  19.078   19.04    19.0  5467.57     3617.5       V 
   52562.8  19.378  19.335  19.292  4369.53    4323.91       B 
 52563.256  19.012   18.96  18.922  8568.89    2309.23       I 
 52563.256  19.077   19.04  19.001  5467.57     3617.5       V 
 52563.256   19.38  19.336  19.294  4369.53    4323.91       B 
 52565.904  19.004  18.956   18.92  8568.89    2309.23       I 
 52565.904  19.079  19.044  19.008  5467.57     3617.5       V 
 52565.904  19.392  19.347  19.307  4369.53    4323.91       B 
 52568.551  18.997  18.951  18.918  8568.89    2309.23       I 
 52568.551  19.082  19.053  19.017  5467.57     3617.5       V 
 52568.551  19.404  19.362  19.322  4369.53    4323.91       B 
 52571.199  18.993  18.949  18.918  8568.89    2309.23       I 
 52571.199  19.088   19.06  19.027  5467.57     3617.5       V 
 52571.199  19.417  19.378  19.339  4369.53    4323.91       B 
   52572.7   18.99  18.948  18.918  8568.89    2309.23       I 
   52572.7  19.092  19.066  19.034  5467.57     3617.5       V 
   52572.7  19.425  19.389  19.352  4369.53    4323.91       B 
   52572.8   18.99  18.948  18.918  8568.89    2309.23       I 
   52572.8  19.093  19.067  19.035  5467.57     3617.5       V 
   52572.8  19.426   19.39  19.353  4369.53    4323.91       B 
 52573.847  18.989  18.948  18.918  8568.89    2309.23       I 
 52573.847  19.096  19.069   19.04  5467.57     3617.5       V 
 52573.847  19.432  19.397  19.362  4369.53    4323.91       B 
   52574.7  18.988  18.949  18.918  8568.89    2309.23       I 
   52574.7    19.1  19.072  19.044  5467.57     3617.5       V 
   52574.7  19.437  19.402  19.368  4369.53    4323.91       B 
 52576.495  18.986  18.949  18.919  8568.89    2309.23       I 
 52576.495  19.107  19.079  19.053  5467.57     3617.5       V 
 52576.495  19.449  19.415  19.382  4369.53    4323.91       B 
   52576.8  18.985   18.95  18.919  8568.89    2309.23       I 
   52576.8  19.108   19.08  19.054  5467.57     3617.5       V 
   52576.8  19.451  19.417  19.384  4369.53    4323.91       B 
   52577.8  18.984  18.951   18.92  8568.89    2309.23       I 
   52577.8  19.112  19.084  19.057  5467.57     3617.5       V 
   52577.8  19.457  19.425  19.392  4369.53    4323.91       B 
 52579.143  18.983  18.952  18.921  8568.89    2309.23       I 
 52579.143  19.118  19.091  19.062  5467.57     3617.5       V 
 52579.143  19.468  19.436  19.404  4369.53    4323.91       B 
 52581.791  18.983  18.954  18.925  8568.89    2309.23       I 
 52581.791   19.13  19.103  19.074  5467.57     3617.5       V 
 52581.791   19.49  19.457  19.427  4369.53    4323.91       B 
 52584.439  18.987  18.958   18.93  8568.89    2309.23       I 
 52584.439  19.143  19.117   19.09  5467.57     3617.5       V 
 52584.439  19.513  19.479  19.449  4369.53    4323.91       B 
   52585.8  18.988   18.96  18.933  8568.89    2309.23       I 
   52585.8  19.151  19.125  19.098  5467.57     3617.5       V 
   52585.8  19.525  19.491   19.46  4369.53    4323.91       B 
   52586.8   18.99  18.962  18.935  8568.89    2309.23       I 
   52586.8  19.157  19.131  19.104  5467.57     3617.5       V 
   52586.8  19.534  19.501  19.469  4369.53    4323.91       B 
 52587.087   18.99  18.963  18.936  8568.89    2309.23       I 
 52587.087  19.159  19.133  19.106  5467.57     3617.5       V 
 52587.087  19.537  19.504  19.472  4369.53    4323.91       B 
 52589.735  18.996  18.969  18.941  8568.89    2309.23       I 
 52589.735  19.177  19.149  19.125  5467.57     3617.5       V 
 52589.735  19.562  19.533  19.497  4369.53    4323.91       B 
   52590.8  18.999  18.972  18.943  8568.89    2309.23       I 
   52590.8  19.185  19.157  19.132  5467.57     3617.5       V 
   52590.8  19.573  19.544  19.507  4369.53    4323.91       B 
 52592.383  19.003  18.976  18.947  8568.89    2309.23       I 
 52592.383  19.196  19.168  19.141  5467.57     3617.5       V 
 52592.383   19.59  19.561  19.523  4369.53    4323.91       B 
 52595.031  19.012  18.984  18.956  8568.89    2309.23       I 
 52595.031  19.216  19.189  19.162  5467.57     3617.5       V 
 52595.031  19.618   19.59  19.551  4369.53    4323.91       B 
   52596.7  19.018   18.99  18.962  8568.89    2309.23       I 
   52596.7  19.229  19.202  19.176  5467.57     3617.5       V 
   52596.7  19.637  19.609  19.569  4369.53    4323.91       B 
 52597.678  19.022  18.994  18.966  8568.89    2309.23       I 
 52597.678  19.237   19.21  19.184  5467.57     3617.5       V 
 52597.678  19.648  19.621   19.58  4369.53    4323.91       B 
 52600.326  19.033  19.004  18.974  8568.89    2309.23       I 
 52600.326  19.259  19.232  19.206  5467.57     3617.5       V 
 52600.326  19.679  19.654  19.613  4369.53    4323.91       B 
 52602.974  19.044  19.015  18.985  8568.89    2309.23       I 
 52602.974  19.283  19.257  19.228  5467.57     3617.5       V 
 52602.974  19.712  19.687  19.648  4369.53    4323.91       B 
 52605.622  19.058  19.027  18.996  8568.89    2309.23       I 
 52605.622  19.307  19.282  19.252  5467.57     3617.5       V 
 52605.622  19.746   19.72  19.681  4369.53    4323.91       B 
  52608.27  19.072   19.04  19.007  8568.89    2309.23       I 
  52608.27  19.333  19.306  19.277  5467.57     3617.5       V 
  52608.27  19.781  19.755  19.717  4369.53    4323.91       B 
 52610.918  19.088  19.054  19.018  8568.89    2309.23       I 
 52610.918   19.36  19.333  19.303  5467.57     3617.5       V 
 52610.918   19.82  19.792  19.754  4369.53    4323.91       B 
   52611.7  19.092  19.058  19.021  8568.89    2309.23       I 
   52611.7  19.368   19.34  19.311  5467.57     3617.5       V 
   52611.7  19.832  19.803  19.765  4369.53    4323.91       B 
 52613.566  19.103  19.068   19.03  8568.89    2309.23       I 
 52613.566  19.388   19.36   19.33  5467.57     3617.5       V 
 52613.566   19.86  19.829  19.791  4369.53    4323.91       B 
   52615.8  19.117  19.081  19.041  8568.89    2309.23       I 
   52615.8  19.413  19.385  19.354  5467.57     3617.5       V 
   52615.8  19.893  19.863  19.824  4369.53    4323.91       B 
 52616.214  19.119  19.083  19.044  8568.89    2309.23       I 
 52616.214  19.418  19.389  19.359  5467.57     3617.5       V 
 52616.214    19.9  19.869   19.83  4369.53    4323.91       B 
 52618.862  19.135    19.1  19.059  8568.89    2309.23       I 
 52618.862  19.448  19.419  19.389  5467.57     3617.5       V 
 52618.862  19.941  19.911  19.871  4369.53    4323.91       B 
   52619.6  19.139  19.105  19.064  8568.89    2309.23       I 
   52619.6  19.457  19.428  19.398  5467.57     3617.5       V 
   52619.6  19.953  19.923  19.883  4369.53    4323.91       B 
  52621.51  19.152  19.117  19.075  8568.89    2309.23       I 
  52621.51  19.479  19.451  19.419  5467.57     3617.5       V 
  52621.51  19.984  19.955  19.913  4369.53    4323.91       B 
 52624.158   19.17  19.134  19.092  8568.89    2309.23       I 
 52624.158  19.512  19.483  19.451  5467.57     3617.5       V 
 52624.158  20.027  19.998  19.957  4369.53    4323.91       B 
 52626.806   19.19  19.152  19.109  8568.89    2309.23       I 
 52626.806  19.545  19.516  19.483  5467.57     3617.5       V 
 52626.806  20.072  20.042  20.002  4369.53    4323.91       B 
 52629.453   19.21  19.171  19.128  8568.89    2309.23       I 
 52629.453  19.579  19.552  19.518  5467.57     3617.5       V 
 52629.453  20.118  20.089  20.049  4369.53    4323.91       B 
 52632.101  19.232  19.192  19.148  8568.89    2309.23       I 
 52632.101  19.615  19.586  19.553  5467.57     3617.5       V 
 52632.101  20.167  20.135  20.095  4369.53    4323.91       B 
 52634.749  19.254  19.213  19.169  8568.89    2309.23       I 
 52634.749  19.653  19.623  19.588  5467.57     3617.5       V 
 52634.749  20.216  20.182  20.143  4369.53    4323.91       B 
 52637.397  19.276  19.234  19.191  8568.89    2309.23       I 
 52637.397  19.691   19.66  19.624  5467.57     3617.5       V 
 52637.397  20.267  20.232  20.194  4369.53    4323.91       B 
 52640.045  19.299  19.255  19.214  8568.89    2309.23       I 
 52640.045  19.729  19.698  19.662  5467.57     3617.5       V 
 52640.045  20.319  20.281  20.244  4369.53    4323.91       B 
 52642.693  19.322  19.278  19.236  8568.89    2309.23       I 
 52642.693  19.768  19.738    19.7  5467.57     3617.5       V 
 52642.693  20.371  20.332  20.295  4369.53    4323.91       B 
 52645.341  19.345  19.301  19.262  8568.89    2309.23       I 
 52645.341  19.808  19.776   19.74  5467.57     3617.5       V 
 52645.341  20.423  20.384  20.348  4369.53    4323.91       B 
   52646.6  19.356  19.312  19.273  8568.89    2309.23       I 
   52646.6  19.828  19.796  19.759  5467.57     3617.5       V 
   52646.6  20.449  20.409  20.374  4369.53    4323.91       B 
 52647.989  19.369  19.324  19.288  8568.89    2309.23       I 
 52647.989  19.849  19.817  19.781  5467.57     3617.5       V 
 52647.989  20.478  20.437  20.402  4369.53    4323.91       B 
 52650.637  19.394  19.349  19.314  8568.89    2309.23       I 
 52650.637  19.892  19.858  19.822  5467.57     3617.5       V 
 52650.637  20.533  20.494  20.457  4369.53    4323.91       B 
 52653.285  19.419  19.376  19.337  8568.89    2309.23       I 
 52653.285  19.936  19.903  19.865  5467.57     3617.5       V 
 52653.285   20.59  20.548  20.513  4369.53    4323.91       B 
 52655.933  19.444  19.404  19.366  8568.89    2309.23       I 
 52655.933   19.98  19.947  19.909  5467.57     3617.5       V 
 52655.933  20.644  20.604  20.571  4369.53    4323.91       B 
  52658.58  19.474   19.43  19.394  8568.89    2309.23       I 
  52658.58  20.023   19.99  19.953  5467.57     3617.5       V 
  52658.58  20.703   20.66  20.626  4369.53    4323.91       B 
 52661.228  19.503  19.457   19.42  8568.89    2309.23       I 
 52661.228  20.066  20.034  19.997  5467.57     3617.5       V 
 52661.228  20.764  20.715  20.682  4369.53    4323.91       B 
 52663.876  19.533  19.486  19.448  8568.89    2309.23       I 
 52663.876  20.111   20.08  20.042  5467.57     3617.5       V 
 52663.876  20.824  20.776  20.741  4369.53    4323.91       B 
   52665.6  19.557  19.505  19.467  8568.89    2309.23       I 
   52665.6  20.141  20.109  20.072  5467.57     3617.5       V 
   52665.6  20.863  20.816  20.779  4369.53    4323.91       B 
 52666.524  19.567  19.515  19.478  8568.89    2309.23       I 
 52666.524  20.158  20.125  20.088  5467.57     3617.5       V 
 52666.524  20.884  20.838  20.798  4369.53    4323.91       B 
 52669.172  19.597  19.544  19.505  8568.89    2309.23       I 
 52669.172  20.205  20.173  20.135  5467.57     3617.5       V 
 52669.172  20.939  20.899  20.856  4369.53    4323.91       B 
  52671.82  19.629  19.574  19.534  8568.89    2309.23       I 
  52671.82  20.254  20.218  20.182  5467.57     3617.5       V 
  52671.82  21.003   20.96  20.914  4369.53    4323.91       B 
   52672.6   19.64  19.582  19.543  8568.89    2309.23       I 
   52672.6  20.269  20.232  20.196  5467.57     3617.5       V 
   52672.6  21.023  20.978  20.933  4369.53    4323.91       B 
   52673.6  19.654  19.595  19.555  8568.89    2309.23       I 
   52673.6  20.287  20.251  20.214  5467.57     3617.5       V 
   52673.6  21.047  21.002  20.957  4369.53    4323.91       B 
 52674.468  19.665  19.604  19.565  8568.89    2309.23       I 
 52674.468  20.303  20.266  20.229  5467.57     3617.5       V 
 52674.468  21.064  21.022  20.977  4369.53    4323.91       B 
 52677.116  19.696  19.632  19.595  8568.89    2309.23       I 
 52677.116  20.352  20.313  20.276  5467.57     3617.5       V 
 52677.116  21.129  21.085  21.039  4369.53    4323.91       B 
 52679.764  19.729  19.662  19.624  8568.89    2309.23       I 
 52679.764  20.405  20.362  20.324  5467.57     3617.5       V 
 52679.764  21.196  21.148  21.099  4369.53    4323.91       B 
 52682.412  19.762  19.695  19.651  8568.89    2309.23       I 
 52682.412  20.454   20.41  20.375  5467.57     3617.5       V 
 52682.412   21.26  21.209  21.159  4369.53    4323.91       B 
  52685.06  19.796  19.726  19.679  8568.89    2309.23       I 
  52685.06  20.507  20.462  20.423  5467.57     3617.5       V 
  52685.06   21.33  21.275  21.213  4369.53    4323.91       B 
 52687.708  19.833  19.758  19.709  8568.89    2309.23       I 
 52687.708  20.557  20.513   20.47  5467.57     3617.5       V 
 52687.708  21.395  21.341  21.268  4369.53    4323.91       B 
 52690.355  19.868  19.791   19.74  8568.89    2309.23       I 
 52690.355  20.604  20.564  20.521  5467.57     3617.5       V 
 52690.355   21.46  21.407  21.317  4369.53    4323.91       B 
 52693.003  19.901  19.823  19.775  8568.89    2309.23       I 
 52693.003  20.654  20.613  20.568  5467.57     3617.5       V 
 52693.003  21.525  21.471   21.37  4369.53    4323.91       B 
 52695.651  19.942  19.858  19.808  8568.89    2309.23       I 
 52695.651  20.704  20.661  20.613  5467.57     3617.5       V 
 52695.651   21.59  21.533  21.423  4369.53    4323.91       B 
 52698.299  19.981  19.893  19.841  8568.89    2309.23       I 
 52698.299  20.748  20.707  20.657  5467.57     3617.5       V 
 52698.299  21.652   21.59  21.478  4369.53    4323.91       B 
 52700.947  20.019   19.93  19.876  8568.89    2309.23       I 
 52700.947  20.806  20.754  20.701  5467.57     3617.5       V 
 52700.947  21.708  21.645  21.527  4369.53    4323.91       B 
   52701.5  20.027  19.937  19.882  8568.89    2309.23       I 
   52701.5  20.818  20.762  20.709  5467.57     3617.5       V 
   52701.5  21.722   21.66  21.534  4369.53    4323.91       B 
 52703.595  20.059  19.968  19.908  8568.89    2309.23       I 
 52703.595  20.855    20.8  20.747  5467.57     3617.5       V 
 52703.595   21.77  21.699  21.564  4369.53    4323.91       B 
 52706.243  20.095  20.002  19.941  8568.89    2309.23       I 
 52706.243  20.898  20.845  20.793  5467.57     3617.5       V 
 52706.243  21.838  21.744  21.604  4369.53    4323.91       B 
 52708.891  20.135  20.038  19.977  8568.89    2309.23       I 
 52708.891  20.942  20.887  20.835  5467.57     3617.5       V 
 52708.891  21.905  21.785  21.644  4369.53    4323.91       B 
   52710.5  20.158  20.059  19.996  8568.89    2309.23       I 
   52710.5  20.973  20.911  20.863  5467.57     3617.5       V 
   52710.5  21.939  21.815  21.668  4369.53    4323.91       B 
 52711.539  20.173  20.074  20.008  8568.89    2309.23       I 
 52711.539  20.991  20.927  20.877  5467.57     3617.5       V 
 52711.539  21.967  21.833  21.684  4369.53    4323.91       B 
 52714.187  20.213  20.112  20.042  8568.89    2309.23       I 
 52714.187  21.038  20.969  20.916  5467.57     3617.5       V 
 52714.187  22.028  21.874  21.725  4369.53    4323.91       B 
 52716.835  20.256   20.15  20.076  8568.89    2309.23       I 
 52716.835  21.085   21.01  20.952  5467.57     3617.5       V 
 52716.835  22.088  21.913  21.764  4369.53    4323.91       B 
 52719.482    20.3  20.186  20.109  8568.89    2309.23       I 
 52719.482  21.132  21.052  20.989  5467.57     3617.5       V 
 52719.482  22.151  21.951  21.802  4369.53    4323.91       B 
  52722.13  20.342  20.221  20.143  8568.89    2309.23       I 
  52722.13  21.177  21.092  21.022  5467.57     3617.5       V 
  52722.13  22.197   21.99  21.839  4369.53    4323.91       B 
 52724.778  20.383  20.256  20.176  8568.89    2309.23       I 
 52724.778  21.215   21.13  21.058  5467.57     3617.5       V 
 52724.778  22.257  22.026  21.876  4369.53    4323.91       B 
 52727.426  20.421  20.293  20.207  8568.89    2309.23       I 
 52727.426  21.257  21.171  21.096  5467.57     3617.5       V 
 52727.426  22.307  22.059  21.919  4369.53    4323.91       B 
 52730.074  20.458  20.329  20.238  8568.89    2309.23       I 
 52730.074  21.299  21.207  21.133  5467.57     3617.5       V 
 52730.074  22.348  22.096  21.953  4369.53    4323.91       B 
 52732.722  20.497  20.364  20.268  8568.89    2309.23       I 
 52732.722  21.341  21.243  21.171  5467.57     3617.5       V 
 52732.722  22.383  22.134  21.991  4369.53    4323.91       B 
  52735.37  20.535  20.399  20.298  8568.89    2309.23       I 
  52735.37  21.377  21.281  21.207  5467.57     3617.5       V 
  52735.37  22.423  22.172  22.025  4369.53    4323.91       B 
 52738.018   20.57  20.434  20.328  8568.89    2309.23       I 
 52738.018  21.418  21.318   21.24  5467.57     3617.5       V 
 52738.018  22.466  22.208  22.061  4369.53    4323.91       B 
 52740.666  20.607  20.469  20.358  8568.89    2309.23       I 
 52740.666  21.454  21.355  21.272  5467.57     3617.5       V 
 52740.666  22.502  22.243  22.098  4369.53    4323.91       B 
 52743.314  20.643  20.504  20.388  8568.89    2309.23       I 
 52743.314  21.487  21.388  21.306  5467.57     3617.5       V 
 52743.314  22.533  22.276  22.137  4369.53    4323.91       B 
 52745.962  20.678  20.538  20.418  8568.89    2309.23       I 
 52745.962  21.518  21.422  21.338  5467.57     3617.5       V 
 52745.962  22.564  22.309  22.172  4369.53    4323.91       B 
  52748.61  20.713  20.568  20.446  8568.89    2309.23       I 
  52748.61  21.553  21.456   21.37  5467.57     3617.5       V 
  52748.61  22.594  22.342  22.204  4369.53    4323.91       B 
 52751.257  20.749  20.599  20.475  8568.89    2309.23       I 
 52751.257  21.585  21.489  21.402  5467.57     3617.5       V 
 52751.257  22.623  22.377  22.234  4369.53    4323.91       B 
 52753.905  20.784  20.629  20.506  8568.89    2309.23       I 
 52753.905  21.617  21.518  21.433  5467.57     3617.5       V 
 52753.905  22.653  22.411  22.267  4369.53    4323.91       B 
 52756.553  20.818  20.659  20.535  8568.89    2309.23       I 
 52756.553  21.649  21.551  21.465  5467.57     3617.5       V 
 52756.553  22.683  22.441  22.298  4369.53    4323.91       B 
 52759.201  20.849  20.689  20.565  8568.89    2309.23       I 
 52759.201  21.681  21.585  21.496  5467.57     3617.5       V 
 52759.201  22.713  22.474  22.328  4369.53    4323.91       B 
 52761.849  20.879  20.719  20.595  8568.89    2309.23       I 
 52761.849  21.712  21.616  21.527  5467.57     3617.5       V 
 52761.849  22.741  22.504  22.358  4369.53    4323.91       B 
 52764.497  20.913  20.751  20.624  8568.89    2309.23       I 
 52764.497  21.742  21.647  21.555  5467.57     3617.5       V 
 52764.497  22.772  22.535  22.387  4369.53    4323.91       B 
 52767.145  20.945  20.783  20.652  8568.89    2309.23       I 
 52767.145  21.772  21.676  21.582  5467.57     3617.5       V 
 52767.145  22.801  22.567   22.42  4369.53    4323.91       B 
 52769.793  20.977  20.814  20.679  8568.89    2309.23       I 
 52769.793  21.803  21.707   21.61  5467.57     3617.5       V 
 52769.793   22.83  22.594  22.453  4369.53    4323.91       B 
 52772.441  21.008  20.844  20.704  8568.89    2309.23       I 
 52772.441  21.832  21.735   21.64  5467.57     3617.5       V 
 52772.441  22.858   22.62   22.48  4369.53    4323.91       B 
 52775.089  21.038  20.873  20.729  8568.89    2309.23       I 
 52775.089  21.863  21.764  21.667  5467.57     3617.5       V 
 52775.089  22.886  22.649  22.505  4369.53    4323.91       B 
 52777.737  21.072  20.903  20.753  8568.89    2309.23       I 
 52777.737  21.891  21.791  21.694  5467.57     3617.5       V 
 52777.737  22.913  22.678  22.531  4369.53    4323.91       B 
 52780.384  21.107   20.93  20.776  8568.89    2309.23       I 
 52780.384  21.924  21.818  21.718  5467.57     3617.5       V 
 52780.384   22.94  22.708  22.558  4369.53    4323.91       B 
 52783.032  21.139  20.954  20.798  8568.89    2309.23       I 
 52783.032  21.956  21.844  21.742  5467.57     3617.5       V 
 52783.032  22.967  22.735  22.586  4369.53    4323.91       B 
  52785.68   21.17  20.977  20.819  8568.89    2309.23       I 
  52785.68  21.987  21.868  21.766  5467.57     3617.5       V 
  52785.68  22.993  22.766  22.611  4369.53    4323.91       B 
 52788.328    21.2  21.002  20.841  8568.89    2309.23       I 
 52788.328  22.014  21.892   21.79  5467.57     3617.5       V 
 52788.328  23.018  22.794  22.635  4369.53    4323.91       B 
 52790.976  21.229  21.027  20.862  8568.89    2309.23       I 
 52790.976   22.04  21.918  21.815  5467.57     3617.5       V 
 52790.976  23.041  22.821  22.661  4369.53    4323.91       B 
 52793.624  21.257  21.052  20.883  8568.89    2309.23       I 
 52793.624  22.067  21.945  21.839  5467.57     3617.5       V 
 52793.624  23.065  22.845  22.688  4369.53    4323.91       B 
 52796.272  21.285  21.077  20.905  8568.89    2309.23       I 
 52796.272  22.093   21.97  21.863  5467.57     3617.5       V 
 52796.272  23.088  22.869  22.714  4369.53    4323.91       B 
  52798.92  21.312  21.103  20.928  8568.89    2309.23       I 
  52798.92  22.118  21.996  21.887  5467.57     3617.5       V 
  52798.92  23.112  22.892  22.739  4369.53    4323.91       B 
 52801.568  21.339  21.128   20.95  8568.89    2309.23       I 
 52801.568   22.14  22.022  21.912  5467.57     3617.5       V 
 52801.568  23.137  22.917  22.762  4369.53    4323.91       B 
 52804.216  21.367  21.153  20.973  8568.89    2309.23       I 
 52804.216  22.163  22.046  21.937  5467.57     3617.5       V 
 52804.216  23.165  22.942  22.785  4369.53    4323.91       B 
 52806.864  21.394  21.177  20.994  8568.89    2309.23       I 
 52806.864  22.188   22.07   21.96  5467.57     3617.5       V 
 52806.864  23.193  22.965  22.808  4369.53    4323.91       B 
 52809.512   21.42  21.201  21.014  8568.89    2309.23       I 
 52809.512  22.211  22.094  21.983  5467.57     3617.5       V 
 52809.512  23.221  22.988  22.831  4369.53    4323.91       B 
 52812.159  21.446  21.225  21.033  8568.89    2309.23       I 
 52812.159  22.237  22.116  22.005  5467.57     3617.5       V 
 52812.159  23.247   23.01  22.856  4369.53    4323.91       B 
 52814.807   21.47  21.248  21.053  8568.89    2309.23       I 
 52814.807  22.258  22.138  22.027  5467.57     3617.5       V 
 52814.807  23.272  23.031   22.88  4369.53    4323.91       B 
 52817.455  21.496   21.27  21.072  8568.89    2309.23       I 
 52817.455  22.284   22.16  22.049  5467.57     3617.5       V 
 52817.455  23.297  23.052  22.903  4369.53    4323.91       B 
 52820.103  21.521  21.293  21.092  8568.89    2309.23       I 
 52820.103  22.306   22.18  22.071  5467.57     3617.5       V 
 52820.103   23.32  23.073  22.926  4369.53    4323.91       B 
 52822.751  21.544  21.315  21.111  8568.89    2309.23       I 
 52822.751  22.329  22.202  22.093  5467.57     3617.5       V 
 52822.751  23.347  23.094  22.948  4369.53    4323.91       B 
 52825.399  21.566  21.337  21.131  8568.89    2309.23       I 
 52825.399  22.352  22.224  22.114  5467.57     3617.5       V 
 52825.399  23.372  23.117  22.969  4369.53    4323.91       B 
 52828.047  21.587  21.359  21.151  8568.89    2309.23       I 
 52828.047  22.375  22.246  22.135  5467.57     3617.5       V 
 52828.047  23.397  23.141  22.991  4369.53    4323.91       B 
 52830.695  21.608   21.38   21.17  8568.89    2309.23       I 
 52830.695  22.397  22.268  22.156  5467.57     3617.5       V 
 52830.695  23.419  23.162  23.012  4369.53    4323.91       B 
 52833.343  21.629    21.4   21.19  8568.89    2309.23       I 
 52833.343  22.418  22.289  22.176  5467.57     3617.5       V 
 52833.343  23.439  23.183  23.034  4369.53    4323.91       B 
 52835.991   21.65  21.419   21.21  8568.89    2309.23       I 
 52835.991  22.438   22.31  22.196  5467.57     3617.5       V 
 52835.991  23.458  23.203  23.055  4369.53    4323.91       B 
 52838.639  21.672  21.439   21.23  8568.89    2309.23       I 
 52838.639  22.459   22.33  22.215  5467.57     3617.5       V 
 52838.639  23.476  23.224  23.074  4369.53    4323.91       B 
 52841.286  21.692  21.458   21.25  8568.89    2309.23       I 
 52841.286  22.479  22.349  22.235  5467.57     3617.5       V 
 52841.286  23.495  23.246  23.092  4369.53    4323.91       B 
   52841.9  21.697  21.463  21.254  8568.89    2309.23       I 
   52841.9  22.484  22.353  22.239  5467.57     3617.5       V 
   52841.9  23.499  23.251  23.097  4369.53    4323.91       B 
 52843.934  21.712  21.478  21.269  8568.89    2309.23       I 
 52843.934  22.499  22.368  22.254  5467.57     3617.5       V 
 52843.934  23.513  23.268  23.112  4369.53    4323.91       B 
 52846.582  21.733  21.497  21.289  8568.89    2309.23       I 
 52846.582  22.519  22.387  22.274  5467.57     3617.5       V 
 52846.582  23.532  23.289  23.132  4369.53    4323.91       B 
   52848.9  21.751  21.513  21.306  8568.89    2309.23       I 
   52848.9  22.537  22.404  22.291  5467.57     3617.5       V 
   52848.9   23.55  23.306   23.15  4369.53    4323.91       B 
  52849.23  21.754  21.516  21.309  8568.89    2309.23       I 
  52849.23  22.539  22.407  22.294  5467.57     3617.5       V 
  52849.23  23.552  23.309  23.153  4369.53    4323.91       B 
 52851.878  21.775  21.534  21.328  8568.89    2309.23       I 
 52851.878  22.558  22.426  22.313  5467.57     3617.5       V 
 52851.878  23.572  23.329  23.173  4369.53    4323.91       B 
 52854.526  21.795  21.553  21.347  8568.89    2309.23       I 
 52854.526  22.578  22.445  22.333  5467.57     3617.5       V 
 52854.526  23.591  23.349  23.193  4369.53    4323.91       B 
 52857.174  21.815  21.571  21.367  8568.89    2309.23       I 
 52857.174  22.598  22.464  22.352  5467.57     3617.5       V 
 52857.174   23.61  23.368  23.214  4369.53    4323.91       B 
 52859.822  21.834  21.589  21.386  8568.89    2309.23       I 
 52859.822  22.619  22.483  22.371  5467.57     3617.5       V 
 52859.822   23.63  23.387  23.231  4369.53    4323.91       B 
  52862.47  21.854  21.607  21.405  8568.89    2309.23       I 
  52862.47  22.638  22.502  22.389  5467.57     3617.5       V 
  52862.47  23.648  23.406  23.249  4369.53    4323.91       B 
 52865.118  21.873  21.625  21.425  8568.89    2309.23       I 
 52865.118  22.657   22.52  22.406  5467.57     3617.5       V 
 52865.118  23.667  23.426  23.267  4369.53    4323.91       B 
 52867.766  21.891  21.643  21.442  8568.89    2309.23       I 
 52867.766  22.676  22.539  22.422  5467.57     3617.5       V 
 52867.766  23.686  23.444  23.284  4369.53    4323.91       B 
 52870.414   21.91  21.661  21.459  8568.89    2309.23       I 
 52870.414  22.695  22.556  22.439  5467.57     3617.5       V 
 52870.414  23.704  23.462  23.301  4369.53    4323.91       B 
 52873.061  21.928  21.679  21.477  8568.89    2309.23       I 
 52873.061  22.715  22.575  22.455  5467.57     3617.5       V 
 52873.061  23.722  23.479  23.318  4369.53    4323.91       B 
 52875.709  21.946  21.696  21.494  8568.89    2309.23       I 
 52875.709  22.736  22.593  22.471  5467.57     3617.5       V 
 52875.709  23.741  23.497  23.336  4369.53    4323.91       B 
 52878.357  21.963  21.715   21.51  8568.89    2309.23       I 
 52878.357  22.756  22.611  22.487  5467.57     3617.5       V 
 52878.357  23.759  23.514  23.353  4369.53    4323.91       B 
 52881.005  21.982  21.734  21.527  8568.89    2309.23       I 
 52881.005  22.775  22.629  22.502  5467.57     3617.5       V 
 52881.005  23.777  23.531  23.369  4369.53    4323.91       B 
 52883.653    22.0  21.751  21.544  8568.89    2309.23       I 
 52883.653  22.794  22.648  22.518  5467.57     3617.5       V 
 52883.653  23.794   23.55  23.385  4369.53    4323.91       B 
 52886.301  22.017  21.768  21.561  8568.89    2309.23       I 
 52886.301  22.813  22.666  22.533  5467.57     3617.5       V 
 52886.301  23.812  23.569  23.404  4369.53    4323.91       B 
 52888.949  22.034  21.784  21.577  8568.89    2309.23       I 
 52888.949  22.831  22.684  22.549  5467.57     3617.5       V 
 52888.949  23.829  23.587   23.42  4369.53    4323.91       B 
 52891.597  22.051    21.8  21.594  8568.89    2309.23       I 
 52891.597  22.849  22.701  22.564  5467.57     3617.5       V 
 52891.597  23.847  23.606  23.437  4369.53    4323.91       B 
 52894.245  22.068  21.817   21.61  8568.89    2309.23       I 
 52894.245  22.868  22.717  22.579  5467.57     3617.5       V 
 52894.245  23.864  23.624  23.453  4369.53    4323.91       B 
 52896.893  22.085  21.834  21.626  8568.89    2309.23       I 
 52896.893  22.888  22.734  22.594  5467.57     3617.5       V 
 52896.893  23.881  23.639  23.469  4369.53    4323.91       B 
 52899.541  22.101  21.852  21.642  8568.89    2309.23       I 
 52899.541  22.905  22.753  22.609  5467.57     3617.5       V 
 52899.541  23.898  23.654  23.484  4369.53    4323.91       B 
 52902.188  22.118  21.869  21.658  8568.89    2309.23       I 
 52902.188  22.922   22.77  22.624  5467.57     3617.5       V 
 52902.188  23.915   23.67  23.499  4369.53    4323.91       B 
 52904.836  22.134  21.886  21.674  8568.89    2309.23       I 
 52904.836   22.94  22.788  22.639  5467.57     3617.5       V 
 52904.836  23.932  23.684  23.514  4369.53    4323.91       B 
 52907.484   22.15  21.903   21.69  8568.89    2309.23       I 
 52907.484  22.957  22.807  22.654  5467.57     3617.5       V 
 52907.484  23.949  23.698  23.529  4369.53    4323.91       B 
 52910.132  22.166  21.919  21.706  8568.89    2309.23       I 
 52910.132  22.974  22.822  22.669  5467.57     3617.5       V 
 52910.132  23.966  23.713  23.544  4369.53    4323.91       B 
  52912.78  22.182  21.935  21.722  8568.89    2309.23       I 
  52912.78  22.989  22.837  22.683  5467.57     3617.5       V 
  52912.78  23.982  23.729  23.559  4369.53    4323.91       B 
 52915.428  22.198  21.952  21.739  8568.89    2309.23       I 
 52915.428  23.006  22.852  22.698  5467.57     3617.5       V 
 52915.428  23.998  23.745  23.575  4369.53    4323.91       B 
 52918.076  22.213  21.969  21.754  8568.89    2309.23       I 
 52918.076  23.023  22.869  22.713  5467.57     3617.5       V 
 52918.076  24.014  23.762  23.591  4369.53    4323.91       B 
 52920.724  22.229  21.985  21.768  8568.89    2309.23       I 
 52920.724  23.041  22.886  22.729  5467.57     3617.5       V 
 52920.724  24.029  23.777  23.606  4369.53    4323.91       B 
 52923.372  22.244    22.0  21.782  8568.89    2309.23       I 
 52923.372  23.058  22.901  22.745  5467.57     3617.5       V 
 52923.372  24.044  23.793  23.622  4369.53    4323.91       B 
  52926.02  22.259  22.016  21.796  8568.89    2309.23       I 
  52926.02  23.075  22.918  22.761  5467.57     3617.5       V 
  52926.02  24.059   23.81  23.636  4369.53    4323.91       B 
 52928.668  22.274  22.033   21.81  8568.89    2309.23       I 
 52928.668  23.091  22.933  22.777  5467.57     3617.5       V 
 52928.668  24.073  23.827   23.65  4369.53    4323.91       B 
 52931.316  22.289   22.05  21.824  8568.89    2309.23       I 
 52931.316  23.106  22.948  22.791  5467.57     3617.5       V 
 52931.316  24.088  23.846  23.664  4369.53    4323.91       B 
 52933.963  22.304  22.067  21.838  8568.89    2309.23       I 
 52933.963  23.121  22.965  22.807  5467.57     3617.5       V 
 52933.963  24.103  23.864  23.679  4369.53    4323.91       B 
 52936.611  22.319  22.083  21.852  8568.89    2309.23       I 
 52936.611  23.135  22.981  22.823  5467.57     3617.5       V 
 52936.611  24.119  23.882  23.693  4369.53    4323.91       B 
 52939.259  22.334  22.098  21.866  8568.89    2309.23       I 
 52939.259   23.15  22.997  22.839  5467.57     3617.5       V 
 52939.259  24.135  23.897  23.708  4369.53    4323.91       B 
 52941.907  22.349  22.112  21.881  8568.89    2309.23       I 
 52941.907  23.165  23.013  22.855  5467.57     3617.5       V 
 52941.907  24.152  23.912  23.724  4369.53    4323.91       B 
 52944.555  22.363  22.127  21.896  8568.89    2309.23       I 
 52944.555  23.179  23.027  22.871  5467.57     3617.5       V 
 52944.555  24.168  23.928  23.739  4369.53    4323.91       B 
 52947.203  22.378  22.141  21.912  8568.89    2309.23       I 
 52947.203  23.195   23.04  22.888  5467.57     3617.5       V 
 52947.203  24.185  23.944  23.752  4369.53    4323.91       B 
 52949.851  22.392  22.155  21.927  8568.89    2309.23       I 
 52949.851  23.211  23.055  22.904  5467.57     3617.5       V 
 52949.851  24.201  23.959  23.767  4369.53    4323.91       B 
 52952.499  22.406   22.17  21.942  8568.89    2309.23       I 
 52952.499  23.227   23.07  22.919  5467.57     3617.5       V 
 52952.499  24.217  23.974  23.782  4369.53    4323.91       B 
 52955.147  22.421  22.184  21.955  8568.89    2309.23       I 
 52955.147  23.243  23.086  22.933  5467.57     3617.5       V 
 52955.147  24.232  23.989  23.796  4369.53    4323.91       B 
 52957.795  22.435  22.199   21.97  8568.89    2309.23       I 
 52957.795  23.259  23.101  22.945  5467.57     3617.5       V 
 52957.795  24.246  24.004  23.809  4369.53    4323.91       B 
 52960.443  22.449  22.213  21.985  8568.89    2309.23       I 
 52960.443  23.274  23.116  22.961  5467.57     3617.5       V 
 52960.443  24.259  24.018  23.822  4369.53    4323.91       B 
  52963.09  22.463  22.227    22.0  8568.89    2309.23       I 
  52963.09  23.289  23.131  22.976  5467.57     3617.5       V 
  52963.09  24.274  24.033  23.835  4369.53    4323.91       B 
 52965.738   22.48  22.241  22.017  8568.89    2309.23       I 
 52965.738  23.304  23.146  22.989  5467.57     3617.5       V 
 52965.738   24.29  24.049   23.85  4369.53    4323.91       B 
 52968.386  22.497  22.257  22.034  8568.89    2309.23       I 
 52968.386  23.318   23.16  23.001  5467.57     3617.5       V 
 52968.386  24.306  24.066  23.864  4369.53    4323.91       B 
 52971.034  22.513  22.273   22.05  8568.89    2309.23       I 
 52971.034  23.333  23.173  23.014  5467.57     3617.5       V 
 52971.034  24.322  24.081  23.878  4369.53    4323.91       B 
 52973.682  22.532  22.288  22.065  8568.89    2309.23       I 
 52973.682  23.348  23.186  23.027  5467.57     3617.5       V 
 52973.682  24.338  24.098  23.892  4369.53    4323.91       B 
  52976.33  22.547  22.303  22.079  8568.89    2309.23       I 
  52976.33  23.363  23.199   23.04  5467.57     3617.5       V 
  52976.33  24.354  24.114  23.907  4369.53    4323.91       B 
 52978.978  22.562  22.317  22.094  8568.89    2309.23       I 
 52978.978  23.379  23.214  23.054  5467.57     3617.5       V 
 52978.978   24.37  24.128   23.92  4369.53    4323.91       B 
 52981.626  22.575  22.332  22.109  8568.89    2309.23       I 
 52981.626  23.394  23.226  23.067  5467.57     3617.5       V 
 52981.626  24.385  24.141  23.933  4369.53    4323.91       B 
 52984.274  22.587  22.347  22.124  8568.89    2309.23       I 
 52984.274  23.412  23.242  23.081  5467.57     3617.5       V 
 52984.274  24.401  24.153  23.945  4369.53    4323.91       B 
 52986.922    22.6  22.365  22.138  8568.89    2309.23       I 
 52986.922  23.429  23.257  23.093  5467.57     3617.5       V 
 52986.922  24.416  24.167  23.958  4369.53    4323.91       B 
  52989.57  22.614  22.381   22.15  8568.89    2309.23       I 
  52989.57  23.447  23.272  23.106  5467.57     3617.5       V 
  52989.57  24.432  24.181  23.972  4369.53    4323.91       B 
 52992.218  22.628  22.396  22.162  8568.89    2309.23       I 
 52992.218  23.462  23.287  23.117  5467.57     3617.5       V 
 52992.218  24.447  24.195  23.984  4369.53    4323.91       B 
 52994.865  22.642  22.412  22.174  8568.89    2309.23       I 
 52994.865  23.474    23.3  23.129  5467.57     3617.5       V 
 52994.865  24.462  24.209  23.997  4369.53    4323.91       B 
 52997.513  22.656  22.428  22.186  8568.89    2309.23       I 
 52997.513  23.487  23.314  23.141  5467.57     3617.5       V 
 52997.513  24.477  24.223  24.011  4369.53    4323.91       B 
 53000.161   22.67  22.443  22.198  8568.89    2309.23       I 
 53000.161  23.499  23.327  23.152  5467.57     3617.5       V 
 53000.161  24.493  24.239  24.024  4369.53    4323.91       B 
 53002.809  22.683  22.458   22.21  8568.89    2309.23       I 
 53002.809  23.511   23.34  23.164  5467.57     3617.5       V 
 53002.809  24.508  24.255  24.037  4369.53    4323.91       B 
 53005.457  22.696  22.472  22.221  8568.89    2309.23       I 
 53005.457  23.523  23.355  23.176  5467.57     3617.5       V 
 53005.457  24.524  24.269   24.05  4369.53    4323.91       B 
 53008.105  22.709  22.485  22.233  8568.89    2309.23       I 
 53008.105  23.536  23.368  23.189  5467.57     3617.5       V 
 53008.105  24.539  24.282  24.063  4369.53    4323.91       B 
 53010.753  22.722  22.497  22.245  8568.89    2309.23       I 
 53010.753  23.549  23.382  23.204  5467.57     3617.5       V 
 53010.753  24.552  24.296  24.076  4369.53    4323.91       B 
 53013.401  22.735  22.511  22.257  8568.89    2309.23       I 
 53013.401  23.562  23.394  23.216  5467.57     3617.5       V 
 53013.401  24.565  24.307  24.089  4369.53    4323.91       B 
 53016.049  22.748  22.525  22.269  8568.89    2309.23       I 
 53016.049  23.578  23.407   23.23  5467.57     3617.5       V 
 53016.049  24.579  24.318  24.102  4369.53    4323.91       B 
 53018.697  22.762  22.539  22.281  8568.89    2309.23       I 
 53018.697  23.593  23.421  23.243  5467.57     3617.5       V 
 53018.697  24.593   24.33  24.115  4369.53    4323.91       B 
 53021.345  22.776  22.552  22.294  8568.89    2309.23       I 
 53021.345  23.609  23.436  23.254  5467.57     3617.5       V 
 53021.345  24.608  24.342  24.128  4369.53    4323.91       B 
 53023.992  22.792  22.564  22.307  8568.89    2309.23       I 
 53023.992  23.624   23.45  23.265  5467.57     3617.5       V 
 53023.992  24.622  24.354   24.14  4369.53    4323.91       B 
  53026.64  22.806  22.577  22.321  8568.89    2309.23       I 
  53026.64  23.638  23.464  23.277  5467.57     3617.5       V 
  53026.64  24.636  24.367  24.153  4369.53    4323.91       B 
 53029.288  22.821  22.592  22.335  8568.89    2309.23       I 
 53029.288  23.653  23.477  23.288  5467.57     3617.5       V 
 53029.288   24.65   24.38  24.165  4369.53    4323.91       B 
 53031.936  22.836  22.606  22.349  8568.89    2309.23       I 
 53031.936  23.668  23.489  23.299  5467.57     3617.5       V 
 53031.936  24.663  24.394  24.178  4369.53    4323.91       B 
 53034.584   22.85  22.621  22.363  8568.89    2309.23       I 
 53034.584  23.681  23.503   23.31  5467.57     3617.5       V 
 53034.584  24.677  24.408   24.19  4369.53    4323.91       B 
 53037.232  22.863  22.635  22.377  8568.89    2309.23       I 
 53037.232  23.694  23.517  23.321  5467.57     3617.5       V 
 53037.232   24.69  24.422  24.203  4369.53    4323.91       B 
  53039.88  22.875  22.648   22.39  8568.89    2309.23       I 
  53039.88  23.706  23.531  23.332  5467.57     3617.5       V 
  53039.88  24.703  24.434  24.216  4369.53    4323.91       B 
 53042.528  22.886  22.662  22.402  8568.89    2309.23       I 
 53042.528  23.718  23.544  23.343  5467.57     3617.5       V 
 53042.528  24.717  24.449  24.228  4369.53    4323.91       B 
 53045.176  22.897  22.676  22.414  8568.89    2309.23       I 
 53045.176  23.728  23.558  23.354  5467.57     3617.5       V 
 53045.176  24.729  24.464   24.24  4369.53    4323.91       B 
 53047.824  22.908  22.691  22.426  8568.89    2309.23       I 
 53047.824   23.74  23.572  23.364  5467.57     3617.5       V 
 53047.824  24.742  24.478  24.253  4369.53    4323.91       B 
 53050.472  22.921  22.705  22.438  8568.89    2309.23       I 
 53050.472  23.752  23.584  23.375  5467.57     3617.5       V 
 53050.472  24.756  24.492  24.265  4369.53    4323.91       B 
  53053.12  22.934  22.717  22.451  8568.89    2309.23       I 
  53053.12  23.765  23.597  23.386  5467.57     3617.5       V 
  53053.12  24.768  24.504  24.278  4369.53    4323.91       B 
 53055.767  22.948  22.728  22.463  8568.89    2309.23       I 
 53055.767  23.779  23.612  23.398  5467.57     3617.5       V 
 53055.767  24.783  24.517   24.29  4369.53    4323.91       B 
 53058.415  22.961  22.738  22.475  8568.89    2309.23       I 
 53058.415  23.792  23.626   23.41  5467.57     3617.5       V 
 53058.415  24.796  24.529  24.301  4369.53    4323.91       B 
 53061.063  22.974  22.749  22.487  8568.89    2309.23       I 
 53061.063  23.804   23.64  23.423  5467.57     3617.5       V 
 53061.063  24.809  24.541  24.312  4369.53    4323.91       B 
 53063.711  22.987   22.76  22.499  8568.89    2309.23       I 
 53063.711  23.815  23.654  23.435  5467.57     3617.5       V 
 53063.711  24.824  24.553  24.324  4369.53    4323.91       B 
 53066.359  23.001  22.773   22.51  8568.89    2309.23       I 
 53066.359  23.826  23.668  23.448  5467.57     3617.5       V 
 53066.359  24.838  24.565  24.336  4369.53    4323.91       B 
 53069.007  23.014  22.786  22.522  8568.89    2309.23       I 
 53069.007  23.837  23.682   23.46  5467.57     3617.5       V 
 53069.007  24.849  24.577  24.347  4369.53    4323.91       B 
 53071.655  23.029    22.8  22.536  8568.89    2309.23       I 
 53071.655  23.848  23.696  23.473  5467.57     3617.5       V 
 53071.655   24.86  24.588  24.357  4369.53    4323.91       B 
 53074.303  23.045  22.813  22.548  8568.89    2309.23       I 
 53074.303  23.858  23.709  23.485  5467.57     3617.5       V 
 53074.303  24.872    24.6  24.368  4369.53    4323.91       B 
 53076.951   23.06  22.825   22.56  8568.89    2309.23       I 
 53076.951  23.869  23.722  23.498  5467.57     3617.5       V 
 53076.951  24.884  24.612  24.378  4369.53    4323.91       B 
 53079.599  23.074  22.836  22.572  8568.89    2309.23       I 
 53079.599  23.882  23.735   23.51  5467.57     3617.5       V 
 53079.599  24.896  24.625  24.389  4369.53    4323.91       B 
 53082.247  23.087  22.847  22.583  8568.89    2309.23       I 
 53082.247  23.897  23.749  23.523  5467.57     3617.5       V 
 53082.247  24.908  24.637  24.399  4369.53    4323.91       B 
 53084.894  23.101  22.859  22.594  8568.89    2309.23       I 
 53084.894   23.91   23.76  23.534  5467.57     3617.5       V 
 53084.894  24.919  24.648   24.41  4369.53    4323.91       B 
 53087.542  23.117  22.872  22.606  8568.89    2309.23       I 
 53087.542  23.924  23.773  23.545  5467.57     3617.5       V 
 53087.542   24.93  24.662   24.42  4369.53    4323.91       B 
  53090.19  23.133  22.884  22.617  8568.89    2309.23       I 
  53090.19  23.939  23.787  23.557  5467.57     3617.5       V 
  53090.19   24.94  24.674  24.431  4369.53    4323.91       B 
 53092.838  23.148  22.894  22.628  8568.89    2309.23       I 
 53092.838  23.954    23.8  23.568  5467.57     3617.5       V 
 53092.838  24.952  24.688  24.441  4369.53    4323.91       B 
 53095.486  23.164  22.905  22.639  8568.89    2309.23       I 
 53095.486  23.968  23.814  23.579  5467.57     3617.5       V 
 53095.486  24.964  24.699  24.452  4369.53    4323.91       B 
 53098.134   23.18  22.915   22.65  8568.89    2309.23       I 
 53098.134  23.983  23.826   23.59  5467.57     3617.5       V 
 53098.134  24.978   24.71  24.462  4369.53    4323.91       B 
 53100.782  23.196  22.927  22.662  8568.89    2309.23       I 
 53100.782  23.997  23.839    23.6  5467.57     3617.5       V 
 53100.782  24.991  24.721  24.473  4369.53    4323.91       B 
  53103.43  23.211   22.94  22.673  8568.89    2309.23       I 
  53103.43  24.011  23.851  23.611  5467.57     3617.5       V 
  53103.43  25.005  24.734  24.484  4369.53    4323.91       B 
 53106.078  23.226  22.954  22.684  8568.89    2309.23       I 
 53106.078  24.024  23.863  23.622  5467.57     3617.5       V 
 53106.078  25.019  24.747  24.495  4369.53    4323.91       B 
 53108.726  23.241  22.968  22.695  8568.89    2309.23       I 
 53108.726  24.037  23.874  23.633  5467.57     3617.5       V 
 53108.726  25.033   24.76  24.506  4369.53    4323.91       B 
 53111.374  23.256  22.981  22.706  8568.89    2309.23       I 
 53111.374   24.05  23.886  23.644  5467.57     3617.5       V 
 53111.374  25.047  24.773  24.517  4369.53    4323.91       B 
 53114.022  23.271  22.995  22.716  8568.89    2309.23       I 
 53114.022  24.063  23.897  23.654  5467.57     3617.5       V 
 53114.022  25.061  24.785  24.529  4369.53    4323.91       B 
 53116.669  23.286  23.009  22.726  8568.89    2309.23       I 
 53116.669  24.076  23.908  23.665  5467.57     3617.5       V 
 53116.669  25.076  24.798   24.54  4369.53    4323.91       B 
 53119.317  23.301  23.022  22.736  8568.89    2309.23       I 
 53119.317   24.09  23.919  23.674  5467.57     3617.5       V 
 53119.317  25.092  24.811  24.552  4369.53    4323.91       B 
 53121.965  23.315  23.035  22.745  8568.89    2309.23       I 
 53121.965  24.104   23.93  23.684  5467.57     3617.5       V 
 53121.965  25.105  24.823  24.563  4369.53    4323.91       B 
 53124.613   23.33  23.047  22.755  8568.89    2309.23       I 
 53124.613  24.117  23.941  23.694  5467.57     3617.5       V 
 53124.613  25.117  24.833  24.574  4369.53    4323.91       B 
 53127.261  23.344  23.059  22.765  8568.89    2309.23       I 
 53127.261  24.131  23.951  23.703  5467.57     3617.5       V 
 53127.261  25.128  24.844  24.586  4369.53    4323.91       B 
 53129.909  23.358  23.069  22.775  8568.89    2309.23       I 
 53129.909  24.145  23.962  23.713  5467.57     3617.5       V 
 53129.909  25.138  24.855  24.596  4369.53    4323.91       B 
 53132.557  23.373  23.079  22.785  8568.89    2309.23       I 
 53132.557   24.16  23.973  23.723  5467.57     3617.5       V 
 53132.557  25.151  24.866  24.605  4369.53    4323.91       B 
 53135.205  23.388  23.088  22.795  8568.89    2309.23       I 
 53135.205  24.174  23.984  23.732  5467.57     3617.5       V 
 53135.205  25.164  24.877  24.615  4369.53    4323.91       B 
 53137.853    23.4  23.099  22.805  8568.89    2309.23       I 
 53137.853  24.187  23.995  23.742  5467.57     3617.5       V 
 53137.853  25.177  24.887  24.625  4369.53    4323.91       B 
 53140.501  23.411  23.111  22.815  8568.89    2309.23       I 
 53140.501  24.199  24.007  23.751  5467.57     3617.5       V 
 53140.501   25.19  24.898  24.635  4369.53    4323.91       B 
 53143.149  23.422  23.123  22.825  8568.89    2309.23       I 
 53143.149  24.211  24.018  23.761  5467.57     3617.5       V 
 53143.149  25.202  24.911  24.644  4369.53    4323.91       B 
 53145.796  23.432  23.133  22.835  8568.89    2309.23       I 
 53145.796  24.222  24.029   23.77  5467.57     3617.5       V 
 53145.796  25.215  24.923  24.654  4369.53    4323.91       B 
 53148.444  23.442  23.143  22.845  8568.89    2309.23       I 
 53148.444  24.235  24.041   23.78  5467.57     3617.5       V 
 53148.444  25.227  24.934  24.663  4369.53    4323.91       B 
 53151.092  23.452  23.154  22.854  8568.89    2309.23       I 
 53151.092  24.248  24.052  23.789  5467.57     3617.5       V 
 53151.092   25.24  24.944  24.673  4369.53    4323.91       B 
  53153.74  23.461  23.164  22.863  8568.89    2309.23       I 
  53153.74  24.262  24.063  23.798  5467.57     3617.5       V 
  53153.74  25.252  24.954  24.682  4369.53    4323.91       B 
 53156.388  23.471  23.174  22.873  8568.89    2309.23       I 
 53156.388  24.276  24.074  23.808  5467.57     3617.5       V 
 53156.388  25.265  24.964  24.692  4369.53    4323.91       B 
 53159.036  23.481  23.185  22.884  8568.89    2309.23       I 
 53159.036   24.29  24.085  23.817  5467.57     3617.5       V 
 53159.036  25.277  24.975  24.701  4369.53    4323.91       B 
 53161.684   23.49  23.196  22.894  8568.89    2309.23       I 
 53161.684  24.303  24.096  23.825  5467.57     3617.5       V 
 53161.684  25.289  24.986   24.71  4369.53    4323.91       B 
 53164.332    23.5  23.207  22.906  8568.89    2309.23       I 
 53164.332  24.315  24.108  23.834  5467.57     3617.5       V 
 53164.332  25.303  24.998  24.719  4369.53    4323.91       B 
  53166.98  23.509  23.218  22.915  8568.89    2309.23       I 
  53166.98  24.329   24.12  23.843  5467.57     3617.5       V 
  53166.98  25.317   25.01  24.728  4369.53    4323.91       B 
 53169.628  23.519  23.229  22.924  8568.89    2309.23       I 
 53169.628  24.342  24.131  23.851  5467.57     3617.5       V 
 53169.628  25.331  25.023  24.736  4369.53    4323.91       B 
 53172.276  23.528   23.24  22.933  8568.89    2309.23       I 
 53172.276  24.356  24.143   23.86  5467.57     3617.5       V 
 53172.276  25.346  25.035  24.745  4369.53    4323.91       B 
 53174.924  23.538  23.251  22.942  8568.89    2309.23       I 
 53174.924   24.37  24.156  23.869  5467.57     3617.5       V 
 53174.924   25.36  25.047  24.754  4369.53    4323.91       B 
 53177.571  23.547  23.262  22.951  8568.89    2309.23       I 
 53177.571  24.384  24.169  23.878  5467.57     3617.5       V 
 53177.571  25.374  25.058  24.763  4369.53    4323.91       B 
 53180.219  23.558  23.273   22.96  8568.89    2309.23       I 
 53180.219  24.398  24.181  23.886  5467.57     3617.5       V 
 53180.219  25.388  25.069  24.771  4369.53    4323.91       B 
 53182.867  23.569  23.283  22.968  8568.89    2309.23       I 
 53182.867  24.412  24.192  23.895  5467.57     3617.5       V 
 53182.867  25.402  25.079   24.78  4369.53    4323.91       B 
 53185.515   23.58  23.293  22.977  8568.89    2309.23       I 
 53185.515  24.426  24.202  23.903  5467.57     3617.5       V 
 53185.515  25.416   25.09  24.789  4369.53    4323.91       B 
 53188.163  23.591  23.302  22.988  8568.89    2309.23       I 
 53188.163   24.44  24.212  23.911  5467.57     3617.5       V 
 53188.163   25.43  25.101  24.798  4369.53    4323.91       B 
 53190.811  23.602  23.312  22.999  8568.89    2309.23       I 
 53190.811  24.454  24.222   23.92  5467.57     3617.5       V 
 53190.811  25.444  25.111  24.807  4369.53    4323.91       B 
 53193.459  23.612  23.321  23.007  8568.89    2309.23       I 
 53193.459  24.467  24.233  23.928  5467.57     3617.5       V 
 53193.459  25.458  25.121  24.815  4369.53    4323.91       B 
 53196.107  23.624   23.33  23.016  8568.89    2309.23       I 
 53196.107  24.481  24.244  23.936  5467.57     3617.5       V 
 53196.107  25.472  25.131  24.824  4369.53    4323.91       B 
 53198.755  23.636  23.339  23.024  8568.89    2309.23       I 
 53198.755  24.495  24.254  23.944  5467.57     3617.5       V 
 53198.755  25.486  25.142  24.833  4369.53    4323.91       B 
 53201.403  23.649  23.349  23.033  8568.89    2309.23       I 
 53201.403  24.508  24.264  23.953  5467.57     3617.5       V 
 53201.403    25.5  25.153  24.841  4369.53    4323.91       B 
 53204.051  23.662  23.359  23.041  8568.89    2309.23       I 
 53204.051  24.522  24.273  23.962  5467.57     3617.5       V 
 53204.051  25.513  25.163   24.85  4369.53    4323.91       B 
 53206.698  23.675  23.368  23.051  8568.89    2309.23       I 
 53206.698  24.536  24.282   23.97  5467.57     3617.5       V 
 53206.698  25.527  25.174  24.858  4369.53    4323.91       B 
 53209.346  23.688  23.376  23.063  8568.89    2309.23       I 
 53209.346  24.549  24.291  23.978  5467.57     3617.5       V 
 53209.346  25.541  25.184  24.867  4369.53    4323.91       B 
 53211.994  23.701  23.385  23.071  8568.89    2309.23       I 
 53211.994  24.563    24.3  23.986  5467.57     3617.5       V 
 53211.994  25.554  25.194  24.875  4369.53    4323.91       B 
 53214.642  23.713  23.394   23.08  8568.89    2309.23       I 
 53214.642  24.576  24.309  23.994  5467.57     3617.5       V 
 53214.642  25.567  25.204  24.884  4369.53    4323.91       B 
  53217.29  23.726  23.402  23.089  8568.89    2309.23       I 
  53217.29   24.59  24.318  24.002  5467.57     3617.5       V 
  53217.29  25.579  25.214  24.892  4369.53    4323.91       B 
 53219.938  23.739  23.412  23.098  8568.89    2309.23       I 
 53219.938  24.603  24.328   24.01  5467.57     3617.5       V 
 53219.938  25.592  25.224    24.9  4369.53    4323.91       B 
 53222.586  23.751  23.423  23.106  8568.89    2309.23       I 
 53222.586  24.617  24.337  24.018  5467.57     3617.5       V 
 53222.586  25.604  25.234  24.909  4369.53    4323.91       B 
 53225.234  23.764  23.434  23.115  8568.89    2309.23       I 
 53225.234   24.63  24.346  24.026  5467.57     3617.5       V 
 53225.234  25.617  25.244  24.917  4369.53    4323.91       B 
 53227.882  23.776  23.445  23.124  8568.89    2309.23       I 
 53227.882  24.643  24.354  24.034  5467.57     3617.5       V 
 53227.882  25.629  25.254  24.926  4369.53    4323.91       B 
  53230.53  23.789  23.456  23.132  8568.89    2309.23       I 
  53230.53  24.657  24.363  24.041  5467.57     3617.5       V 
  53230.53  25.641  25.264  24.934  4369.53    4323.91       B 
 53233.178  23.801  23.467  23.141  8568.89    2309.23       I 
 53233.178   24.67  24.372  24.049  5467.57     3617.5       V 
 53233.178  25.651  25.273  24.943  4369.53    4323.91       B 
 53235.826  23.812  23.478   23.15  8568.89    2309.23       I 
 53235.826  24.683  24.381  24.057  5467.57     3617.5       V 
 53235.826  25.662  25.283  24.951  4369.53    4323.91       B 
 53238.473  23.824  23.489  23.158  8568.89    2309.23       I 
 53238.473  24.696   24.39  24.065  5467.57     3617.5       V 
 53238.473  25.672  25.293   24.96  4369.53    4323.91       B 
 53241.121  23.836  23.501  23.167  8568.89    2309.23       I 
 53241.121   24.71  24.399  24.073  5467.57     3617.5       V 
 53241.121  25.682  25.303  24.968  4369.53    4323.91       B 
 53243.769  23.848  23.513  23.175  8568.89    2309.23       I 
 53243.769  24.723  24.408  24.082  5467.57     3617.5       V 
 53243.769  25.692  25.313  24.977  4369.53    4323.91       B 
 53246.417   23.86  23.526  23.184  8568.89    2309.23       I 
 53246.417  24.736  24.416   24.09  5467.57     3617.5       V 
 53246.417  25.703  25.323  24.985  4369.53    4323.91       B 
 53249.065  23.872  23.536  23.194  8568.89    2309.23       I 
 53249.065  24.749  24.425  24.099  5467.57     3617.5       V 
 53249.065  25.713  25.332  24.994  4369.53    4323.91       B 
 53251.713  23.886  23.545  23.204  8568.89    2309.23       I 
 53251.713  24.762  24.434  24.107  5467.57     3617.5       V 
 53251.713  25.722  25.342  25.002  4369.53    4323.91       B 
 53254.361  23.899  23.555  23.215  8568.89    2309.23       I 
 53254.361  24.775  24.445  24.116  5467.57     3617.5       V 
 53254.361  25.731  25.351  25.011  4369.53    4323.91       B 
 53257.009  23.912  23.565  23.225  8568.89    2309.23       I 
 53257.009  24.788  24.455  24.125  5467.57     3617.5       V 
 53257.009  25.739   25.36  25.019  4369.53    4323.91       B 
 53259.657  23.924  23.574  23.235  8568.89    2309.23       I 
 53259.657  24.801  24.465  24.134  5467.57     3617.5       V 
 53259.657  25.751  25.369  25.028  4369.53    4323.91       B 
 53262.305  23.935  23.584  23.243  8568.89    2309.23       I 
 53262.305  24.814  24.475  24.143  5467.57     3617.5       V 
 53262.305  25.763  25.378  25.037  4369.53    4323.91       B 
 53264.953  23.947  23.594  23.251  8568.89    2309.23       I 
 53264.953  24.827  24.485  24.151  5467.57     3617.5       V 
 53264.953  25.774  25.387  25.046  4369.53    4323.91       B 
 53267.601  23.959  23.604   23.26  8568.89    2309.23       I 
 53267.601   24.84  24.494   24.16  5467.57     3617.5       V 
 53267.601  25.785  25.397  25.055  4369.53    4323.91       B 
 53270.248   23.97  23.615  23.268  8568.89    2309.23       I 
 53270.248  24.852  24.504  24.168  5467.57     3617.5       V 
 53270.248  25.796  25.407  25.063  4369.53    4323.91       B 
 53272.896  23.982  23.627  23.276  8568.89    2309.23       I 
 53272.896  24.865  24.513  24.175  5467.57     3617.5       V 
 53272.896  25.808  25.417  25.071  4369.53    4323.91       B 
 53275.544  23.994  23.638  23.285  8568.89    2309.23       I 
 53275.544  24.878  24.522  24.183  5467.57     3617.5       V 
 53275.544  25.819  25.426  25.078  4369.53    4323.91       B 
 53278.192  24.006  23.649  23.293  8568.89    2309.23       I 
 53278.192   24.89  24.531  24.191  5467.57     3617.5       V 
 53278.192   25.83  25.435  25.086  4369.53    4323.91       B 
  53280.84  24.019  23.659  23.301  8568.89    2309.23       I 
  53280.84  24.903   24.54  24.198  5467.57     3617.5       V 
  53280.84  25.841  25.443  25.094  4369.53    4323.91       B 
 53283.488  24.032  23.668  23.309  8568.89    2309.23       I 
 53283.488  24.915  24.548  24.206  5467.57     3617.5       V 
 53283.488  25.854  25.452  25.102  4369.53    4323.91       B 
 53286.136  24.044  23.677  23.317  8568.89    2309.23       I 
 53286.136  24.927  24.556  24.213  5467.57     3617.5       V 
 53286.136  25.867  25.461   25.11  4369.53    4323.91       B 
 53288.784  24.057  23.685  23.325  8568.89    2309.23       I 
 53288.784  24.939  24.564  24.221  5467.57     3617.5       V 
 53288.784   25.88  25.469  25.117  4369.53    4323.91       B 
 53291.432  24.069  23.694  23.333  8568.89    2309.23       I 
 53291.432   24.95  24.572  24.228  5467.57     3617.5       V 
 53291.432  25.893  25.478  25.125  4369.53    4323.91       B 
  53294.08  24.081  23.702  23.341  8568.89    2309.23       I 
  53294.08  24.962  24.581  24.235  5467.57     3617.5       V 
  53294.08  25.906  25.486  25.132  4369.53    4323.91       B 
 53296.728  24.093   23.71  23.348  8568.89    2309.23       I 
 53296.728  24.974   24.59  24.243  5467.57     3617.5       V 
 53296.728  25.919  25.494   25.14  4369.53    4323.91       B 
 53299.375  24.105  23.719  23.356  8568.89    2309.23       I 
 53299.375  24.985  24.599   24.25  5467.57     3617.5       V 
 53299.375  25.932  25.503  25.148  4369.53    4323.91       B 
 53302.023  24.117  23.727  23.363  8568.89    2309.23       I 
 53302.023  24.997  24.608  24.258  5467.57     3617.5       V 
 53302.023  25.944  25.511  25.155  4369.53    4323.91       B 
 53304.671  24.128  23.735  23.371  8568.89    2309.23       I 
 53304.671  25.008  24.616  24.265  5467.57     3617.5       V 
 53304.671  25.957   25.52  25.163  4369.53    4323.91       B 
 53307.319   24.14  23.743  23.378  8568.89    2309.23       I 
 53307.319   25.02  24.625  24.272  5467.57     3617.5       V 
 53307.319   25.97  25.529   25.17  4369.53    4323.91       B 
 53309.967  24.152  23.751  23.386  8568.89    2309.23       I 
 53309.967  25.032  24.634  24.279  5467.57     3617.5       V 
 53309.967  25.982  25.537  25.178  4369.53    4323.91       B 
 53312.615  24.163  23.759  23.393  8568.89    2309.23       I 
 53312.615  25.043  24.642  24.287  5467.57     3617.5       V 
 53312.615  25.994  25.547  25.185  4369.53    4323.91       B 
 53315.263  24.174  23.768  23.401  8568.89    2309.23       I 
 53315.263  25.055  24.651  24.294  5467.57     3617.5       V 
 53315.263  26.006  25.556  25.193  4369.53    4323.91       B 
 53317.911  24.185  23.775  23.408  8568.89    2309.23       I 
 53317.911  25.066   24.66  24.301  5467.57     3617.5       V 
 53317.911  26.017  25.565  25.201  4369.53    4323.91       B 
 53320.559  24.197  23.783  23.415  8568.89    2309.23       I 
 53320.559  25.077  24.668  24.308  5467.57     3617.5       V 
 53320.559  26.028  25.574  25.209  4369.53    4323.91       B 
 53323.207  24.208   23.79  23.423  8568.89    2309.23       I 
 53323.207  25.089  24.677  24.315  5467.57     3617.5       V 
 53323.207  26.039  25.583  25.217  4369.53    4323.91       B 
 53325.855  24.219  23.798   23.43  8568.89    2309.23       I 
 53325.855    25.1  24.685  24.322  5467.57     3617.5       V 
 53325.855  26.049  25.592  25.225  4369.53    4323.91       B 
 53328.503   24.23  23.806  23.437  8568.89    2309.23       I 
 53328.503  25.112  24.693   24.33  5467.57     3617.5       V 
 53328.503  26.059  25.601  25.233  4369.53    4323.91       B 
  53331.15  24.241  23.815  23.444  8568.89    2309.23       I 
  53331.15  25.123    24.7  24.337  5467.57     3617.5       V 
  53331.15  26.069   25.61   25.24  4369.53    4323.91       B 
 53333.798  24.252  23.824  23.451  8568.89    2309.23       I 
 53333.798  25.134  24.708  24.344  5467.57     3617.5       V 
 53333.798   26.08  25.619  25.248  4369.53    4323.91       B 
 53336.446  24.263  23.832  23.458  8568.89    2309.23       I 
 53336.446  25.145  24.716  24.351  5467.57     3617.5       V 
 53336.446  26.092  25.628  25.256  4369.53    4323.91       B 
 53339.094  24.273  23.841  23.466  8568.89    2309.23       I 
 53339.094  25.157  24.726  24.358  5467.57     3617.5       V 
 53339.094  26.104  25.637  25.264  4369.53    4323.91       B 
 53341.742  24.284  23.849  23.474  8568.89    2309.23       I 
 53341.742  25.168  24.735  24.365  5467.57     3617.5       V 
 53341.742  26.116  25.645  25.272  4369.53    4323.91       B 
  53344.39  24.295  23.857  23.481  8568.89    2309.23       I 
  53344.39  25.181  24.745  24.372  5467.57     3617.5       V 
  53344.39  26.129  25.654  25.279  4369.53    4323.91       B 
 53347.038  24.305  23.866   23.49  8568.89    2309.23       I 
 53347.038  25.193  24.754  24.378  5467.57     3617.5       V 
 53347.038  26.141  25.663  25.287  4369.53    4323.91       B 
 53349.686  24.316  23.874  23.498  8568.89    2309.23       I 
 53349.686  25.205  24.764  24.385  5467.57     3617.5       V 
 53349.686  26.153  25.672  25.295  4369.53    4323.91       B 
 53352.334  24.328  23.882  23.505  8568.89    2309.23       I 
 53352.334  25.218  24.773  24.392  5467.57     3617.5       V 
 53352.334  26.165  25.681  25.302  4369.53    4323.91       B 
 53354.982  24.339   23.89  23.512  8568.89    2309.23       I 
 53354.982   25.23  24.782    24.4  5467.57     3617.5       V 
 53354.982  26.176  25.689   25.31  4369.53    4323.91       B 
  53357.63   24.35  23.899  23.519  8568.89    2309.23       I 
  53357.63  25.242  24.792  24.407  5467.57     3617.5       V 
  53357.63  26.188  25.698  25.318  4369.53    4323.91       B 
 53360.277  24.362  23.907  23.526  8568.89    2309.23       I 
 53360.277  25.254  24.802  24.415  5467.57     3617.5       V 
 53360.277    26.2  25.707  25.327  4369.53    4323.91       B 
 53362.925  24.373  23.914  23.534  8568.89    2309.23       I 
 53362.925  25.266  24.811  24.422  5467.57     3617.5       V 
 53362.925  26.212  25.715  25.335  4369.53    4323.91       B 
 53365.573  24.384  23.921  23.541  8568.89    2309.23       I 
 53365.573  25.278   24.82   24.43  5467.57     3617.5       V 
 53365.573  26.224  25.724  25.344  4369.53    4323.91       B 
 53368.221  24.395  23.929  23.548  8568.89    2309.23       I 
 53368.221   25.29   24.83  24.438  5467.57     3617.5       V 
 53368.221  26.236  25.733  25.352  4369.53    4323.91       B 
 53370.869  24.406  23.937  23.555  8568.89    2309.23       I 
 53370.869  25.302  24.839  24.446  5467.57     3617.5       V 
 53370.869  26.247  25.742   25.36  4369.53    4323.91       B 
 53373.517  24.417  23.945  23.563  8568.89    2309.23       I 
 53373.517  25.314  24.847  24.454  5467.57     3617.5       V 
 53373.517  26.259  25.751  25.367  4369.53    4323.91       B 
 53376.165  24.428  23.953   23.57  8568.89    2309.23       I 
 53376.165  25.326  24.855  24.462  5467.57     3617.5       V 
 53376.165  26.271   25.76  25.375  4369.53    4323.91       B 
 53378.813  24.439  23.961  23.577  8568.89    2309.23       I 
 53378.813  25.338  24.863   24.47  5467.57     3617.5       V 
 53378.813  26.282  25.769  25.383  4369.53    4323.91       B 
 53381.461   24.45  23.969  23.585  8568.89    2309.23       I 
 53381.461   25.35  24.872  24.477  5467.57     3617.5       V 
 53381.461  26.294  25.779  25.391  4369.53    4323.91       B 
 53384.109  24.461  23.977  23.592  8568.89    2309.23       I 
 53384.109  25.362   24.88  24.483  5467.57     3617.5       V 
 53384.109  26.306  25.789  25.398  4369.53    4323.91       B 
 53386.757  24.472  23.985  23.599  8568.89    2309.23       I 
 53386.757  25.374  24.888   24.49  5467.57     3617.5       V 
 53386.757  26.317  25.799  25.406  4369.53    4323.91       B 
 53389.405  24.482  23.994  23.606  8568.89    2309.23       I 
 53389.405  25.385  24.896  24.496  5467.57     3617.5       V 
 53389.405  26.329  25.809  25.414  4369.53    4323.91       B 
 53392.052  24.493  24.002  23.613  8568.89    2309.23       I 
 53392.052  25.397  24.904  24.503  5467.57     3617.5       V 
 53392.052   26.34  25.818  25.421  4369.53    4323.91       B 
   53394.7  24.504   24.01  23.621  8568.89    2309.23       I 
   53394.7  25.409  24.912  24.509  5467.57     3617.5       V 
   53394.7  26.352  25.826  25.429  4369.53    4323.91       B 
 53397.348  24.515  24.018  23.628  8568.89    2309.23       I 
 53397.348  25.421   24.92  24.515  5467.57     3617.5       V 
 53397.348  26.363  25.835  25.437  4369.53    4323.91       B 
 53399.996  24.525  24.025  23.634  8568.89    2309.23       I 
 53399.996  25.432  24.928  24.522  5467.57     3617.5       V 
 53399.996  26.375  25.843  25.445  4369.53    4323.91       B 
 53402.644  24.536  24.033  23.641  8568.89    2309.23       I 
 53402.644  25.444  24.936  24.528  5467.57     3617.5       V 
 53402.644  26.386  25.852  25.453  4369.53    4323.91       B 
 53405.292  24.546  24.041  23.647  8568.89    2309.23       I 
 53405.292  25.455  24.944  24.535  5467.57     3617.5       V 
 53405.292  26.397  25.859   25.46  4369.53    4323.91       B 
  53407.94  24.557  24.048  23.654  8568.89    2309.23       I 
  53407.94  25.466  24.951  24.541  5467.57     3617.5       V 
  53407.94  26.409  25.867  25.468  4369.53    4323.91       B 
 53410.588  24.567  24.056   23.66  8568.89    2309.23       I 
 53410.588  25.476  24.958  24.547  5467.57     3617.5       V 
 53410.588   26.42  25.874  25.475  4369.53    4323.91       B 
 53413.236  24.577  24.063  23.667  8568.89    2309.23       I 
 53413.236  25.487  24.966  24.553  5467.57     3617.5       V 
 53413.236  26.431  25.882  25.482  4369.53    4323.91       B 
 53415.884  24.588   24.07  23.674  8568.89    2309.23       I 
 53415.884  25.497  24.973   24.56  5467.57     3617.5       V 
 53415.884  26.443  25.889  25.489  4369.53    4323.91       B 
 53418.532  24.598  24.077   23.68  8568.89    2309.23       I 
 53418.532  25.508  24.981  24.566  5467.57     3617.5       V 
 53418.532  26.454  25.897  25.496  4369.53    4323.91       B 
 53421.179  24.608  24.083  23.687  8568.89    2309.23       I 
 53421.179  25.519  24.989  24.572  5467.57     3617.5       V 
 53421.179  26.465  25.904  25.503  4369.53    4323.91       B 
 53423.827  24.618   24.09  23.694  8568.89    2309.23       I 
 53423.827   25.53  24.997  24.578  5467.57     3617.5       V 
 53423.827  26.477  25.912   25.51  4369.53    4323.91       B 
 53426.475  24.629  24.096  23.701  8568.89    2309.23       I 
 53426.475  25.541  25.005  24.585  5467.57     3617.5       V 
 53426.475  26.488  25.919  25.518  4369.53    4323.91       B 
 53429.123  24.639  24.103  23.708  8568.89    2309.23       I 
 53429.123  25.552  25.013  24.591  5467.57     3617.5       V 
 53429.123  26.499  25.926  25.525  4369.53    4323.91       B 
 53431.771  24.649  24.111  23.715  8568.89    2309.23       I 
 53431.771  25.563  25.021  24.597  5467.57     3617.5       V 
 53431.771   26.51  25.933  25.532  4369.53    4323.91       B 
 53434.419  24.659  24.119  23.722  8568.89    2309.23       I 
 53434.419  25.574  25.029  24.603  5467.57     3617.5       V 
 53434.419  26.521  25.939  25.539  4369.53    4323.91       B 
 53437.067  24.669  24.128  23.729  8568.89    2309.23       I 
 53437.067  25.585  25.037  24.609  5467.57     3617.5       V 
 53437.067  26.531  25.948  25.546  4369.53    4323.91       B 
 53439.715  24.679  24.137  23.736  8568.89    2309.23       I 
 53439.715  25.596  25.045  24.615  5467.57     3617.5       V 
 53439.715  26.542  25.956  25.552  4369.53    4323.91       B 
 53442.363  24.689  24.145  23.743  8568.89    2309.23       I 
 53442.363  25.607  25.052  24.621  5467.57     3617.5       V 
 53442.363  26.552  25.964  25.558  4369.53    4323.91       B 
 53445.011  24.699  24.153   23.75  8568.89    2309.23       I 
 53445.011  25.617  25.059  24.628  5467.57     3617.5       V 
 53445.011  26.563  25.972  25.564  4369.53    4323.91       B 
 53447.659  24.708  24.159  23.758  8568.89    2309.23       I 
 53447.659  25.628  25.065  24.634  5467.57     3617.5       V 
 53447.659  26.573   25.98   25.57  4369.53    4323.91       B 
 53450.307  24.718  24.165  23.765  8568.89    2309.23       I 
 53450.307  25.639  25.072   24.64  5467.57     3617.5       V 
 53450.307  26.584  25.988  25.576  4369.53    4323.91       B 
 53452.954  24.728  24.171  23.772  8568.89    2309.23       I 
 53452.954   25.65  25.078  24.647  5467.57     3617.5       V 
 53452.954  26.594  25.996  25.583  4369.53    4323.91       B 
 53455.602  24.738  24.178  23.779  8568.89    2309.23       I 
 53455.602   25.66  25.085  24.653  5467.57     3617.5       V 
 53455.602  26.605  26.004  25.591  4369.53    4323.91       B 
  53458.25  24.747  24.184  23.786  8568.89    2309.23       I 
  53458.25  25.671  25.091   24.66  5467.57     3617.5       V 
  53458.25  26.615  26.012  25.598  4369.53    4323.91       B 
 53460.898  24.757   24.19  23.793  8568.89    2309.23       I 
 53460.898  25.681  25.097  24.667  5467.57     3617.5       V 
 53460.898  26.625  26.019  25.605  4369.53    4323.91       B 
 53463.546  24.767  24.196    23.8  8568.89    2309.23       I 
 53463.546  25.691  25.104  24.674  5467.57     3617.5       V 
 53463.546  26.636  26.026  25.612  4369.53    4323.91       B 
 53466.194  24.776  24.202  23.806  8568.89    2309.23       I 
 53466.194  25.702   25.11  24.681  5467.57     3617.5       V 
 53466.194  26.646  26.034  25.618  4369.53    4323.91       B 
 53468.842  24.786  24.209  23.813  8568.89    2309.23       I 
 53468.842  25.712  25.116  24.688  5467.57     3617.5       V 
 53468.842  26.656  26.041  25.623  4369.53    4323.91       B 
  53471.49  24.796  24.216   23.82  8568.89    2309.23       I 
  53471.49  25.722  25.123  24.695  5467.57     3617.5       V 
  53471.49  26.666  26.048  25.629  4369.53    4323.91       B 
 53474.138  24.806  24.224  23.826  8568.89    2309.23       I 
 53474.138  25.733  25.129  24.701  5467.57     3617.5       V 
 53474.138  26.676  26.055  25.635  4369.53    4323.91       B 
 53476.786  24.816  24.231  23.833  8568.89    2309.23       I 
 53476.786  25.743  25.135  24.708  5467.57     3617.5       V 
 53476.786  26.687  26.063  25.641  4369.53    4323.91       B 
 53479.434  24.826  24.238  23.839  8568.89    2309.23       I 
 53479.434  25.753  25.141  24.715  5467.57     3617.5       V 
 53479.434  26.697   26.07  25.647  4369.53    4323.91       B 
 53482.081  24.837  24.246  23.846  8568.89    2309.23       I 
 53482.081  25.763  25.148  24.721  5467.57     3617.5       V 
 53482.081  26.707  26.077  25.653  4369.53    4323.91       B 
 53484.729  24.847  24.254  23.852  8568.89    2309.23       I 
 53484.729  25.773  25.154  24.726  5467.57     3617.5       V 
 53484.729  26.717  26.083  25.659  4369.53    4323.91       B 
 53487.377  24.857  24.263  23.859  8568.89    2309.23       I 
 53487.377  25.783   25.16  24.733  5467.57     3617.5       V 
 53487.377  26.727   26.09  25.664  4369.53    4323.91       B 
 53490.025  24.867  24.272  23.865  8568.89    2309.23       I 
 53490.025  25.794  25.167   24.74  5467.57     3617.5       V 
 53490.025  26.737  26.098   25.67  4369.53    4323.91       B 
 53492.673  24.877  24.281  23.872  8568.89    2309.23       I 
 53492.673  25.804  25.175  24.746  5467.57     3617.5       V 
 53492.673  26.747  26.105  25.676  4369.53    4323.91       B 
 53495.321  24.887   24.29  23.878  8568.89    2309.23       I 
 53495.321  25.814  25.183  24.753  5467.57     3617.5       V 
 53495.321  26.756  26.113  25.682  4369.53    4323.91       B 
 53497.969  24.898  24.299  23.884  8568.89    2309.23       I 
 53497.969  25.824   25.19   24.76  5467.57     3617.5       V 
 53497.969  26.766   26.12  25.687  4369.53    4323.91       B 
 53500.617  24.908  24.308  23.891  8568.89    2309.23       I 
 53500.617  25.834  25.198  24.767  5467.57     3617.5       V 
 53500.617  26.776  26.128  25.693  4369.53    4323.91       B 
 53503.265  24.918  24.317  23.897  8568.89    2309.23       I 
 53503.265  25.844  25.206  24.775  5467.57     3617.5       V 
 53503.265  26.786  26.135  25.699  4369.53    4323.91       B 
 53505.913  24.928  24.326  23.903  8568.89    2309.23       I 
 53505.913  25.854  25.213  24.781  5467.57     3617.5       V 
 53505.913  26.796  26.143  25.705  4369.53    4323.91       B 
 53508.561  24.938  24.334   23.91  8568.89    2309.23       I 
 53508.561  25.863  25.221  24.787  5467.57     3617.5       V 
 53508.561  26.806   26.15   25.71  4369.53    4323.91       B 
 53511.209  24.948  24.341  23.916  8568.89    2309.23       I 
 53511.209  25.873  25.229  24.792  5467.57     3617.5       V 
 53511.209  26.817  26.158  25.716  4369.53    4323.91       B 
 53513.856  24.958  24.349  23.923  8568.89    2309.23       I 
 53513.856  25.883  25.236  24.798  5467.57     3617.5       V 
 53513.856  26.827  26.165  25.722  4369.53    4323.91       B 
 53516.504  24.968  24.357  23.929  8568.89    2309.23       I 
 53516.504  25.893  25.244  24.804  5467.57     3617.5       V 
 53516.504  26.837  26.172  25.727  4369.53    4323.91       B 
 53519.152  24.977  24.364  23.934  8568.89    2309.23       I 
 53519.152  25.903  25.252  24.809  5467.57     3617.5       V 
 53519.152  26.847   26.18  25.733  4369.53    4323.91       B 
   53521.8  24.987  24.371   23.94  8568.89    2309.23       I 
   53521.8  25.913   25.26  24.815  5467.57     3617.5       V 
   53521.8  26.857  26.187  25.739  4369.53    4323.91       B 
 53524.448  24.997  24.377  23.946  8568.89    2309.23       I 
 53524.448  25.922  25.268   24.82  5467.57     3617.5       V 
 53524.448  26.867  26.194  25.744  4369.53    4323.91       B 
 53527.096  25.007  24.384  23.952  8568.89    2309.23       I 
 53527.096  25.932  25.276  24.826  5467.57     3617.5       V 
 53527.096  26.877  26.201   25.75  4369.53    4323.91       B 
 53529.744  25.017  24.391  23.958  8568.89    2309.23       I 
 53529.744  25.942  25.284  24.831  5467.57     3617.5       V 
 53529.744  26.888  26.209  25.756  4369.53    4323.91       B 
 53532.392  25.027  24.397  23.964  8568.89    2309.23       I 
 53532.392  25.951  25.291  24.837  5467.57     3617.5       V 
 53532.392  26.898  26.217  25.761  4369.53    4323.91       B 
  53535.04  25.036  24.404  23.969  8568.89    2309.23       I 
  53535.04  25.961  25.298  24.842  5467.57     3617.5       V 
  53535.04  26.908  26.225  25.767  4369.53    4323.91       B 
 53537.688  25.046  24.411  23.975  8568.89    2309.23       I 
 53537.688  25.971  25.305  24.848  5467.57     3617.5       V 
 53537.688  26.918  26.232  25.772  4369.53    4323.91       B 
 53540.336  25.056  24.417  23.981  8568.89    2309.23       I 
 53540.336   25.98  25.311  24.853  5467.57     3617.5       V 
 53540.336  26.928   26.24  25.778  4369.53    4323.91       B 
 53542.983  25.066  24.424  23.987  8568.89    2309.23       I 
 53542.983   25.99  25.318  24.859  5467.57     3617.5       V 
 53542.983  26.937  26.248  25.784  4369.53    4323.91       B 
 53545.631  25.075  24.431  23.993  8568.89    2309.23       I 
 53545.631  25.999  25.325  24.865  5467.57     3617.5       V 
 53545.631  26.947  26.256  25.789  4369.53    4323.91       B 
 53548.279  25.085  24.437  23.998  8568.89    2309.23       I 
 53548.279  26.009  25.332   24.87  5467.57     3617.5       V 
 53548.279  26.957  26.263  25.795  4369.53    4323.91       B 
 53550.927  25.094  24.444  24.004  8568.89    2309.23       I 
 53550.927  26.018  25.339  24.876  5467.57     3617.5       V 
 53550.927  26.967  26.271    25.8  4369.53    4323.91       B 
 53553.575  25.104  24.451  24.011  8568.89    2309.23       I 
 53553.575  26.028  25.346  24.882  5467.57     3617.5       V 
 53553.575  26.977  26.278  25.806  4369.53    4323.91       B 
 53556.223  25.114  24.459  24.017  8568.89    2309.23       I 
 53556.223  26.037  25.353  24.888  5467.57     3617.5       V 
 53556.223  26.987  26.286  25.811  4369.53    4323.91       B 
 53558.871  25.123  24.466  24.024  8568.89    2309.23       I 
 53558.871  26.047   25.36  24.894  5467.57     3617.5       V 
 53558.871  26.997  26.294  25.817  4369.53    4323.91       B 
 53561.519  25.132  24.474  24.031  8568.89    2309.23       I 
 53561.519  26.056  25.367    24.9  5467.57     3617.5       V 
 53561.519  27.006    26.3  25.822  4369.53    4323.91       B 
 53564.167  25.142  24.481  24.038  8568.89    2309.23       I 
 53564.167  26.065  25.374  24.906  5467.57     3617.5       V 
 53564.167  27.016  26.306  25.828  4369.53    4323.91       B 
 53566.815  25.151  24.488  24.044  8568.89    2309.23       I 
 53566.815  26.075   25.38  24.912  5467.57     3617.5       V 
 53566.815  27.026  26.312  25.834  4369.53    4323.91       B 
 53569.463   25.16  24.494  24.051  8568.89    2309.23       I 
 53569.463  26.084  25.387  24.917  5467.57     3617.5       V 
 53569.463  27.036  26.318   25.84  4369.53    4323.91       B 
 53572.111   25.17    24.5  24.058  8568.89    2309.23       I 
 53572.111  26.093  25.394  24.923  5467.57     3617.5       V 
 53572.111  27.045  26.324  25.847  4369.53    4323.91       B 
 53574.758  25.179  24.507  24.064  8568.89    2309.23       I 
 53574.758  26.103  25.401  24.928  5467.57     3617.5       V 
 53574.758  27.055  26.329  25.854  4369.53    4323.91       B 
 53577.406  25.188  24.513  24.071  8568.89    2309.23       I 
 53577.406  26.112  25.408  24.933  5467.57     3617.5       V 
 53577.406  27.065  26.335  25.861  4369.53    4323.91       B 
 53580.054  25.197  24.521  24.078  8568.89    2309.23       I 
 53580.054  26.121  25.415  24.939  5467.57     3617.5       V 
 53580.054  27.074  26.341  25.869  4369.53    4323.91       B 
 53582.702  25.206  24.528  24.084  8568.89    2309.23       I 
 53582.702   26.13  25.421  24.944  5467.57     3617.5       V 
 53582.702  27.084  26.347  25.876  4369.53    4323.91       B 
  53585.35  25.214  24.536  24.091  8568.89    2309.23       I 
  53585.35   26.14  25.428  24.951  5467.57     3617.5       V 
  53585.35  27.093  26.352  25.884  4369.53    4323.91       B 
 53587.998  25.223  24.544  24.098  8568.89    2309.23       I 
 53587.998  26.149  25.435  24.957  5467.57     3617.5       V 
 53587.998  27.103  26.358  25.891  4369.53    4323.91       B 
 53590.646  25.232  24.551  24.105  8568.89    2309.23       I 
 53590.646  26.158  25.442  24.963  5467.57     3617.5       V 
 53590.646  27.113  26.364  25.898  4369.53    4323.91       B 
 53593.294  25.241  24.559  24.113  8568.89    2309.23       I 
 53593.294  26.167  25.448  24.969  5467.57     3617.5       V 
 53593.294  27.122   26.37  25.905  4369.53    4323.91       B 
 53595.942  25.249  24.567   24.12  8568.89    2309.23       I 
 53595.942  26.176  25.455  24.974  5467.57     3617.5       V 
 53595.942  27.132  26.375   25.91  4369.53    4323.91       B 
  53598.59  25.258  24.574  24.127  8568.89    2309.23       I 
  53598.59  26.185  25.462  24.979  5467.57     3617.5       V 
  53598.59  27.141  26.381  25.915  4369.53    4323.91       B 
 53601.238  25.267   24.58  24.134  8568.89    2309.23       I 
 53601.238  26.194  25.469  24.984  5467.57     3617.5       V 
 53601.238   27.15  26.387  25.921  4369.53    4323.91       B 
 53603.885  25.275  24.586  24.142  8568.89    2309.23       I 
 53603.885  26.203  25.475  24.989  5467.57     3617.5       V 
 53603.885   27.16  26.392  25.926  4369.53    4323.91       B 
 53606.533  25.284  24.592  24.149  8568.89    2309.23       I 
 53606.533  26.212  25.482  24.995  5467.57     3617.5       V 
 53606.533  27.169  26.398  25.931  4369.53    4323.91       B 
 53609.181  25.293  24.598  24.156  8568.89    2309.23       I 
 53609.181  26.221  25.489    25.0  5467.57     3617.5       V 
 53609.181  27.179  26.403  25.936  4369.53    4323.91       B 
 53611.829  25.301  24.604  24.163  8568.89    2309.23       I 
 53611.829   26.23  25.496  25.005  5467.57     3617.5       V 
 53611.829  27.188  26.409  25.942  4369.53    4323.91       B 
 53614.477   25.31   24.61  24.169  8568.89    2309.23       I 
 53614.477  26.239  25.503   25.01  5467.57     3617.5       V 
 53614.477  27.197  26.414  25.947  4369.53    4323.91       B 
 53617.125  25.318  24.616  24.175  8568.89    2309.23       I 
 53617.125  26.248  25.511  25.015  5467.57     3617.5       V 
 53617.125  27.206   26.42  25.952  4369.53    4323.91       B 
 53619.773  25.327  24.622   24.18  8568.89    2309.23       I 
 53619.773  26.257  25.518   25.02  5467.57     3617.5       V 
 53619.773  27.215  26.425  25.957  4369.53    4323.91       B 
 53622.421  25.336  24.627  24.185  8568.89    2309.23       I 
 53622.421  26.266  25.526  25.026  5467.57     3617.5       V 
 53622.421  27.224  26.431  25.962  4369.53    4323.91       B 
 53625.069  25.345  24.633  24.191  8568.89    2309.23       I 
 53625.069  26.275  25.533  25.032  5467.57     3617.5       V 
 53625.069  27.233  26.436  25.967  4369.53    4323.91       B 
 53627.717  25.353  24.639  24.196  8568.89    2309.23       I 
 53627.717  26.284  25.541  25.038  5467.57     3617.5       V 
 53627.717  27.242  26.442  25.972  4369.53    4323.91       B 
 53630.365  25.362  24.645  24.202  8568.89    2309.23       I 
 53630.365  26.292  25.548  25.044  5467.57     3617.5       V 
 53630.365   27.25  26.447  25.978  4369.53    4323.91       B 
 53633.013  25.371  24.651  24.207  8568.89    2309.23       I 
 53633.013  26.301  25.555  25.049  5467.57     3617.5       V 
 53633.013  27.259  26.453  25.983  4369.53    4323.91       B 
  53635.66   25.38  24.656  24.212  8568.89    2309.23       I 
  53635.66   26.31  25.561  25.055  5467.57     3617.5       V 
  53635.66  27.267  26.458  25.988  4369.53    4323.91       B 
 53638.308  25.388  24.662  24.218  8568.89    2309.23       I 
 53638.308  26.319  25.568  25.061  5467.57     3617.5       V 
 53638.308  27.276  26.464  25.993  4369.53    4323.91       B 
 53640.956  25.397  24.668  24.223  8568.89    2309.23       I 
 53640.956  26.327  25.574  25.067  5467.57     3617.5       V 
 53640.956  27.285  26.469  25.998  4369.53    4323.91       B 
 53643.604  25.406  24.675  24.228  8568.89    2309.23       I 
 53643.604  26.336   25.58  25.073  5467.57     3617.5       V 
 53643.604  27.293  26.474  26.003  4369.53    4323.91       B 
 53646.252  25.414  24.681  24.234  8568.89    2309.23       I 
 53646.252  26.345  25.587  25.079  5467.57     3617.5       V 
 53646.252  27.303   26.48  26.008  4369.53    4323.91       B 
   53648.9  25.423  24.688  24.241  8568.89    2309.23       I 
   53648.9  26.353  25.593  25.085  5467.57     3617.5       V 
   53648.9  27.312  26.486  26.013  4369.53    4323.91       B 
