 log(Bfield)      Mns    Pspin  cutoff_power  cutoff_wavelength  fnickel    kappa  kappagamma   mejecta  log(nhhost)  temperature  texplosion  thetaPB      vejecta      A_V        MJD_0   log(KE)      M_Ni  Peak_mag     Peak_MJD 
    14.10653  2.11653  3.31566       0.49058         5690.68532  0.03343  0.08882     0.15773  14.37865     18.04041   3234.91806   -31.44534   0.9036   3637.39821  0.00061  54979.18766  51.75425   2.40551  19.73294  55069.46263 
    14.00662  1.93532  2.89092       4.80452          2363.8595  0.00648  0.04913      0.0127  25.52348     19.93744    3960.1449   -10.18999  0.94173   4733.26704   0.0481  55000.44301   52.0304   0.52001  19.22636    55081.227 
    13.58907  1.36567  2.38309       2.26795          2140.1804  0.05147  0.02811     0.01106  55.77238     20.29565    5782.0506   -14.27491  0.85177   9059.29233  0.10974  54996.35809   52.6515   4.71278  19.42249  55089.30274 
    14.10788  1.71369  1.81369       2.24409         3050.69053  0.00893  0.11517     0.05678  16.69969     16.67529   4828.69493    -5.23745  0.70941   5118.11592    3e-05  55005.39555  52.06376   0.66179  19.41338  55072.76932 
    13.78512  1.64399  3.12218       2.94329         2504.98533  0.08216   0.0734     0.01507   8.32577     17.65108   5928.43232   -13.73982  1.21285   4412.11007  0.00025  54996.89318  51.87144   5.26255  19.18923    55076.076 
    14.11254  1.86081  3.02962       0.81255         3176.94373  0.01559  0.08328     0.02677   9.24657     18.13514    3037.6767    -9.72952  0.41624   6627.48316  0.00076  55000.90348  52.23501   1.02198  19.13677  55079.38268 
    14.66553  1.87751  2.41666       4.10556         2033.87702  0.09831  0.04215     0.26786  48.28572      16.3776   4319.35368    -9.85706  0.20049   7306.32374    1e-05  55000.77594  52.45471   8.79571  19.10067  55069.46263 
    13.93173  1.68995  2.39994       4.04755         2315.94184  0.02849  0.04868      0.0135   26.6756     20.28964   4773.05814    -9.61039  1.31908   4636.58319  0.10823  55001.02261  52.01592   2.30474  19.93475  55069.46263 
    13.90268  1.50096  1.89344       2.35994         2386.65426  0.00294  0.23885     0.09959   8.83802     18.37071   5181.29181   -20.30195  0.72261   5228.39294   0.0013  54990.33105   52.0247   0.19068  19.27224  55085.99605 
    13.87977  2.04016  2.36731        1.7432         2302.02966  0.04405  0.13467     0.03918  26.55596     18.57887   3091.39176   -19.42692  1.42543   7577.78758  0.00211  54991.20608  52.44226   3.56015  19.37865  55066.15595 
    14.05347  1.69747  1.67108       0.23549          2566.8191  0.40746  0.15343     0.03304  10.02785     19.72714   3495.76618   -11.02823  1.56911   4567.57107  0.02964  54999.60477  51.91939  27.19382  19.92337    55076.076 
    13.89005  1.82035  2.91076        1.0855         2358.45204  0.26211  0.06196     0.01281   6.45254     19.65807   5533.19965   -20.38294  0.50921   6380.34695  0.02528  54990.25006  52.16609  15.82229  19.16189    55072.574 
    13.76373  1.47373   2.7068        3.1189         2240.94551  0.18509   0.0472     0.01432  27.52042     16.31347   6533.72712    -6.27817   0.6918   9108.98323    1e-05  55004.35483  52.60487  15.05537  19.70374  55089.30274 
    13.75548  1.47927  2.67451       1.53584         2841.28779  0.10023  0.10496     0.20388  11.77065      18.3692   3288.17778   -12.19673  0.98973   7084.40591   0.0013  54998.43627  52.31545   6.92159  19.60083  55069.46263 
    14.66765  1.78611  1.13409       4.08488         2030.59098  0.02795  0.18787     0.21174   15.2063     20.99012   5425.88042    -9.89116  0.12987   6444.06317  0.54306  55000.74184  52.25585   2.03372  19.31575  55066.15595 
    13.88268  1.68277  2.93448       2.94754         2221.94469  0.00939  0.05827     0.01936     12.68     19.04615   4745.40137   -12.72658  0.68678   5694.30498  0.00618  54997.90642  52.13244   0.65873  19.23266  55079.38268 
    13.85229  1.95157  3.26868       2.43018         2876.26904  0.13843  0.23808     0.13202   3.18996     20.69149   6289.93663   -12.05391  0.63491   8586.33811  0.27303  54998.57909  52.34374   6.94592  19.49475    55076.076 
    13.94817  1.64054  2.85747       1.25523          2734.1693  0.18645  0.05263     0.12434  37.30711     16.75572   3103.91402   -10.20803  0.82726  10898.66695    3e-05  55000.42497  52.78356  15.98652  19.45605    55076.076 
    13.90785  1.52346   1.6067       4.03175          2357.7509  0.01155   0.0959     0.07411  17.14854     18.49905    3658.7335    -5.72532  1.47381   3751.63807  0.00175  55004.90768  51.79622   0.86063  19.45433  55085.99605 
    13.52719  1.85768  2.50972       3.89927         2653.83237  0.00131  0.22603     0.01676   6.12226     16.45375   7979.29586    -20.3388   0.9707   6147.29953    2e-05   54990.2942  52.12827   0.07781  19.47011    55072.574 
    13.79742  1.69274  2.85142       3.63767          2528.2414  0.02951  0.10828     0.07473   9.08383     18.84384   3822.91531    -9.25024  1.34449   6321.21262  0.00388  55001.38276  52.19221   1.92705  19.35739  55069.46263 
    13.84059  1.53479  2.06909        1.3648          3479.2951  0.00104   0.0652     0.01688  27.39431      17.9578    6167.7497   -13.50254  1.27574   4185.53166   0.0005  54997.13046  51.92908   0.08419  19.28618  55082.68937 
    14.52502  1.55121  2.18646       3.59758         2426.77906  0.00432  0.08588     0.01106  13.00779     19.60997   4499.54822   -12.04591   0.1657   3921.19256  0.02263  54998.58709  51.81067   0.30435  19.29354  55079.38268 
    14.03818  1.87188  1.59354       0.90723         5645.92611  0.00236  0.11245     0.33531   18.5229     19.96741    5505.9056    -3.68001  1.04242   4754.94343  0.05154  55006.95299  52.00852   0.17864  19.24847  55062.84926 
    14.19216  1.95285  3.57411       3.69975         2244.45161  0.08556  0.07599     0.02534   7.22698     18.78402   4289.14318   -11.81964  0.39565    5832.6134  0.00338  54998.81336  52.09977   5.30509  19.35659    55072.583 
    14.11731  1.36983  1.49069       3.62484         2456.83258  0.00623  0.16563     0.03889  16.55696     20.13445   4572.05349    -4.54364  0.42539   5958.02889  0.07571  55006.08936  52.19502   0.46108  19.44059  55089.30274 
    14.79993  1.98637  2.35877         0.133         3648.79271  0.41751  0.03942     0.07301  47.83213     19.01118   3080.05476    -1.82364   0.9902  12070.40745   0.0057  55008.80936  52.89009  37.29785  19.12881  55082.68937 
     13.7787  1.40268  2.83178        3.3065         2291.59227  0.27264  0.08374     0.03827  14.27926     17.18295   6211.30112    -11.2136  0.95529   6207.34757    8e-05   54999.4194  52.21788  19.58989  19.21159  55082.68937 
    14.03004  1.10938  2.27395       3.16006         2300.68195  0.25034   0.2673     0.16513   4.34137     18.49179   4357.70207    -7.28721  0.31713   7145.17524  0.00172  55003.34579  52.22111  13.67658  19.24926  55069.46263 
    13.94624  1.64118  1.93172       2.50637         2841.21833  0.01297  0.08996     0.11683  14.09166     19.39401   4596.09984    -4.98589  1.37058   3754.72865  0.01376  55005.64711  51.78006   0.92931  19.69634  55069.46263 
    13.95749  1.60212  1.85949       2.39901         3036.97098  0.01381  0.05334     0.01897  46.84761     19.28531    3676.6167    -4.85884  0.95684   5606.87316  0.01072  55005.77416  52.22262    1.2294  19.21553    55076.076 
    13.38149   1.3732  2.07753       2.75001         2359.20628  0.00371  0.12396     0.01593    8.9796      16.4298   4164.98851   -11.19108  0.83412   7085.34005    1e-05  54999.44192  52.29022   0.24186  19.50552  55066.15595 
    14.33149  1.41399   2.6809       1.09031          3373.1856  0.05448  0.17084     0.14394  11.91519     17.89397   3862.89206    -7.78537  0.22654   7288.82783  0.00044  55002.84763  52.34126   3.77187   19.2091  55095.91611 
    14.70444  1.57285   0.7821       1.92839         2438.35402   0.0016  0.06071     0.01376  53.93223     19.94031   6795.38086   -11.22025  0.19147   4044.55659  0.04842  54999.41275  51.94875   0.14613  19.57444  55079.38268 
    13.99069  2.08319   1.6267       1.89922         2042.51728  0.00406  0.07446     0.12678  24.22009     20.74574   4950.10911   -13.29868  1.21642   4401.27781  0.30936  54997.33432  51.96311   0.32275  19.60232    55072.574 
    14.00543  1.92534  2.68777       2.13768         3334.05176  0.01212  0.03629     0.01143  35.99536     18.18311   4116.22131    -6.55863   1.4626   4823.15701  0.00085  55004.07437  52.07285   1.03298  19.49332  55059.54258 
    13.93367  1.62943   2.2399       1.56492         3528.02153  0.01405  0.03555     0.36815  41.58904     18.91714    3901.5766    -7.15676   1.1927   4215.44055  0.00459  55003.47624  51.96639   1.22702   19.3393  55072.76932 
    14.74358  1.83152  1.20435       0.03747         5920.99268  0.09263  0.13382     0.02941  32.67112     20.45344   3202.15974    -10.5231  0.18598   6525.05847  0.15782   55000.1099  52.32815   7.76426  19.57711    55076.076 
    14.05487  1.73101  2.80791       3.40514         2761.68231  0.00135  0.19206     0.04372   6.67171     18.39273   9031.45018    -5.60718  0.46682   6195.87448  0.00137  55005.02582  52.14407    0.0821  18.98471    55072.574 
    13.85604  1.69162  2.94118       0.94296         2698.51404  0.01224  0.07619     0.03105  19.78432      16.4946   6711.97148   -18.23811  0.90807   4725.36863    2e-05  54992.39489  52.00854   0.93688  19.43319  55072.76932 
    14.51152  1.71184  1.36727       3.36269         2093.31614  0.20864  0.16449     0.05927   16.6412      16.0958   4594.63535   -12.25409  0.33346   5213.59772    1e-05  54998.37891  52.07952  15.45271  19.72121  55066.15595 
    14.29618  2.16692  1.64629       1.44082         3078.75786  0.02065  0.05741     0.02857  24.71027      20.0989    7357.3578   -27.16812  0.83673   2952.98941  0.06976  54983.46488  51.61806   1.64783  19.63092    55076.076 
    13.72191  1.34624  2.53579       0.91247         2381.71875  0.31641  0.11961     0.34296  14.67952     19.42026   3689.72557    -9.48775  0.85709    11112.589  0.01462  55001.14525   52.7261  22.86128  19.52521  55072.76932 
    13.58343  1.88717  2.84262       4.47416         2104.58436  0.02157  0.13616     0.01352   7.51317      17.5517   8227.99769   -14.72687  1.13475   6258.70645   0.0002  54995.90613  52.16493   1.34933  19.35594  55059.54258 
    14.52632  1.94469  2.64595       0.07424         2528.17254  0.10811  0.27692     0.30231   7.10471     19.12263   4746.67464   -20.17725  0.24123   6368.40031  0.00737  54990.45575  52.17437   6.67649  19.64115  55066.15595 
    13.81249  1.79732  2.79932       2.34956         2161.62629  0.00246  0.19356      0.4256  10.78532      18.8452   5104.89818    -19.3195   0.9874   6845.78919  0.00389   54991.3135  52.27766   0.16646  19.48468  55062.84926 
    14.57271   1.7197  3.05844       4.69639         2274.06799  0.10768  0.12308     0.02235  11.89828     17.02414    3715.7783    -9.41577  0.14012    6322.4579    6e-05  55001.21723  52.21759   7.45264  19.29842    55072.574 
    13.99973  1.78397  3.07754       1.70866         3901.28295  0.11953  0.08902     0.07782   7.38226     17.21783   6659.16388    -4.56795  0.52315   7052.28177    9e-05  55006.06505  52.26685   7.44817  19.37472  55079.38268 
    14.34199  1.87693  1.18152       2.10728         3574.64733  0.00115  0.02767     0.09206  49.42734     17.13061   6744.65723     -2.9719  0.71901   2968.91165    8e-05   55007.6611  51.67414   0.10326  19.10555    55076.076 
    13.54342  1.97771   2.7338       1.09932         3880.82444  0.00959  0.17584     0.03319   7.66375     20.57738   9143.53119   -14.74765  1.26334   7795.46298  0.20995  54995.88535  52.35763   0.60284   19.6233  55046.31584 
    13.62149  1.40811  2.16639       0.17542         3988.88922   0.0658  0.20817     0.03014   4.54143     18.96236   3151.88101   -14.65002  0.43367   7648.78764  0.00509  54995.98298  52.28542   3.63777  19.43607  55069.46263 
    14.13989  1.62524  0.89874       4.38298         2361.26353   0.1611  0.07438     0.19402  26.43375     20.18671    3055.3234    -4.08365  1.00102   4704.32787   0.0854  55006.54935  52.02781  13.01018   19.4413  55079.38268 
    14.80203    1.964  1.60401       3.77876         2471.49164  0.03337  0.02166     0.14765  61.13788     17.05262   3082.01138     -3.8238  0.27177   3511.32618    6e-05   55006.8092  51.83451   3.09964   19.5912    55076.076 
    13.79654  1.57519  2.85524       4.92251          2493.1274  0.00958  0.04919     0.02361  14.61553     19.65015   4692.52808   -10.79512  1.54809   4555.76389  0.02482  54999.83788  51.95122   0.69153  19.37835  55059.54258 
    14.16178  1.70708  1.46294       4.90049         2366.37052  0.00157  0.11172     0.18547  21.39115     18.30499    3973.0103    -5.16191   0.6683   4882.60492  0.00112  55005.47109  52.04333   0.12164  19.50707  55069.46263 
    14.75326   1.6874   5.0799       4.41959         2016.51721  0.29808  0.02367     0.19248  43.97423     18.17183   3043.55429   -12.36571  0.91135   8495.45854  0.00083  54998.26729  52.57907  26.26647  19.57821    55072.574 
    13.55457   1.6923   2.6847       1.26633         2494.82167  0.00233  0.12154     0.02804   6.21856     16.21133   5620.60935   -12.29427  0.62357   7879.58263    1e-05  54998.33873  52.34555    0.1396  19.36998  55079.38268 
    13.47574  1.72759  2.79071       0.64483         4236.08729  0.28489  0.06185     0.01072  12.26031      18.2559   6552.21825    -8.01966  1.00399   6849.40101    0.001  55002.61334  52.28984  19.84142  18.31033  55095.91611 
    13.77123   1.7587  1.15498       0.88448         5353.59582  0.00838  0.25979     0.01262  16.64563     20.89017   6790.52454    -4.53623  1.43932   6467.43475  0.43142  55006.09677  52.26673    0.6206  18.97864  55092.60942 
    13.73081  1.72944  2.37084       0.35156          3654.4574  0.05607  0.12709     0.02329  11.98505     20.43339   4944.89237   -20.05705  1.25968   5455.49801   0.1507  54990.57595  52.09015   3.88663  19.30463    55076.076 
    13.92615  1.80082  2.81729       1.58362         2904.97279  0.00377  0.12804      0.3152  11.59957     19.37889   4964.40643   -13.46725  0.83788   7471.63387  0.01329  54997.16575  52.36034   0.25924  19.61537  55079.38268 
    14.46738  1.78521  1.30922       0.09708         2117.57712  0.18344  0.06441     0.02038    40.772     18.62789   3498.77298   -15.89098  0.43889   6585.44674  0.00236  54994.74202  52.35244  15.96404  19.72011    55081.227 
    14.13555  1.82848   2.4995       0.13166         3411.32098  0.19002  0.22371      0.1217  11.25481     18.69114   5469.67263    -7.66028  0.48891   8298.92465  0.00273  55002.97272  52.44879   12.9989  19.25526  55079.38268 
    15.09722  1.98537  1.32521       4.01354         2109.97369  0.14541  0.13701     0.37715  16.28995     16.93566   8067.88618   -13.05465  0.13403   3897.15002    5e-05  54997.57835  51.82492  10.72498  19.47204  55082.68937 
    14.04737  1.85615  1.65942       4.57075         2053.19989  0.00522  0.26804     0.12957   9.65152     18.20644   3846.36976    -5.28326  1.18908   6000.63409  0.00089  55005.34974  52.15279   0.34524  19.41342    55081.227 
    14.09901    1.484  2.22728       3.18849         2844.37429  0.00223   0.0369     0.29673  27.06778     20.52686   9143.62372    -8.45459  0.47245   4993.88323  0.18689  55002.17841  52.08153   0.18074   19.1298    55072.583 
    13.86424  1.65614  1.77865       4.88986         2114.47343  0.09245  0.19164     0.42546  18.39729     16.29386   4232.70686    -4.33177  1.53168   8188.46657    1e-05  55006.30123  52.48007   6.98177   19.2393    55076.076 
      13.714   1.5808  2.94792       0.02936         3240.35036  0.00765  0.13364     0.02161  12.27582     18.26167   4928.63359   -25.62055  0.70266   6680.05528  0.00101  54985.01245   52.2682   0.53263   19.4514  55095.91611 
    13.71129  1.65305  2.63643       0.58743         2242.76703  0.17897  0.09745     0.43512  42.38606     17.93776   3108.59944    -5.52662   1.2832  15217.35941  0.00048  55005.10638  53.08274  15.67513  19.54277  55069.46263 
    14.86535  1.78317  3.11692       3.27263          2416.8283  0.00184  0.02302     0.03817  44.51733     16.17642   5897.19129   -13.50634  0.10596   4092.01581    1e-05  54997.12666  51.94544   0.16255  19.30398  55095.91611 
    14.11634  1.53167  1.84904       4.13675         2374.34019  0.00224  0.04151      0.0361   42.4962     19.25122   7329.19068    -4.65418  0.59798   5039.50035  0.00991  55005.97882  52.12303   0.19656  19.15652  55082.68937 
    14.44768   1.5587   2.8045       3.00175         2604.11325  0.32834   0.1564     0.16115   8.61174     19.59151   4077.63017    -9.94924  0.19657   5966.02067  0.02169  55000.68376  52.13682   21.1904  19.06157  55062.84926 
    13.86938  1.35391  1.52034       1.84251         3938.22733  0.00524   0.0172     0.07767  74.19664     19.89691   3400.00715   -11.67941  1.20752    2756.0643  0.04382  54998.95359  51.63704   0.50092  19.43294  55089.30274 
    13.88784  1.73095  2.88935       1.69358         2367.79533  0.01279  0.02366     0.07214  77.86736      17.4255   3575.19512   -11.61408  1.09009   6848.99217  0.00015  54999.01892  52.43088   1.23258  19.30175    55081.227 
    14.20651  1.67639  3.15897       2.40411         2940.09649  0.41176  0.16973     0.14668   7.92331     16.79939   4527.88017   -10.92044  0.73808   4178.82775    4e-05  54999.71256  51.81937  26.07826  19.81897    55076.076 
    14.27927  1.65981  1.93648       2.72502         2723.84498    0.026  0.22078     0.10202   8.78222     16.61886   5844.47128    -2.83188  0.42839   5016.33072    2e-05  55007.80112  51.98812    1.6851  19.42105    55076.076 
    14.55491  1.64487  1.33601       4.32273         2703.75894  0.00446  0.11025     0.02097  15.86009     17.22959   4391.57007    -7.67687  0.29869   3509.41774    9e-05  55002.95613  51.73162   0.32732  19.19263  55066.15595 
    14.02555  1.89133  2.89071       2.57294         2367.02783  0.16285  0.20247     0.25816   6.78775     16.99242   3076.68041    -9.02499  1.17649   5506.55888    5e-05  55001.60801   52.0434    9.9494  19.44909  55079.38268 
    14.46257  1.80542  2.20852       3.13908         3025.77381  0.01782  0.02822     0.07011  42.02891     17.23978   3116.12885    -9.37559  0.34737   3503.64347   0.0001  55001.25741   51.8065   1.55867  19.35259    55076.076 
    14.04027  1.83084  1.99395       3.95945         2028.37398  0.02151  0.11328     0.06125  18.17332     20.86231   6902.95466    -6.88696    0.524   7293.12723  0.40461  55003.74604  52.37848   1.62074  19.16521    55081.227 
    13.37879  1.81706  2.38826       2.52275         2285.04441   0.0138  0.23321     0.02058   4.00086     18.85565   3271.22983   -15.41492  0.90563   6966.81681  0.00398  54995.21808  52.18966   0.73756  19.40463  55062.84926 
     13.5734  1.34349  2.59553       2.57959         2256.99479   0.0289  0.16251     0.40302   5.35946     19.71104   4076.69363    -9.94476   1.2322    8656.1286  0.02856  55000.68824   52.4113   1.66701  19.27558  55082.68937 
    13.98596  1.72103  2.50641       1.16525         2999.60135   0.0355  0.04444     0.36341  18.46014     20.33583   6691.54693    -4.07617   0.7991   5046.26185  0.12038  55006.55683  52.05989    2.6828  19.25247    55076.076 
    14.75709  1.26468  0.75662       2.69529         2344.47712  0.00193  0.09815     0.02463  34.36692     18.36927   3579.62259    -8.35243  0.10615    4348.7876   0.0013  55002.28057   51.9795   0.16343  19.40585    55076.076 
    13.75659  1.70106  2.27888       0.54443         4819.07981   0.0102   0.1774     0.16912  15.71948     20.13254   3848.58699    -9.00643  1.49082   8105.87577  0.07538  55001.62657  52.45798    0.7474  19.34923    55072.574 
    13.76107  1.64931  2.39087       0.24214         3983.69764  0.02631  0.08802     0.45402  37.98839     17.84176   4570.11809   -14.14084  1.12683   8577.61432  0.00039  54996.49216  52.57687   2.26267  19.43822    55076.076 
    14.12552  1.81178  2.74247       4.61552         2281.75883  0.04717  0.12976     0.18581   8.12852     19.78912   4090.88141    -7.28698   0.5955   5802.55677  0.03419  55003.34602  52.10703   3.00498  19.26939    55081.227 
    14.08699  1.76606  0.84439       4.47361         2483.13403  0.00117  0.08519      0.0214  23.17302     20.56653   4644.59326   -16.11228  1.15195   3060.96068  0.20477  54994.52072  51.64417   0.09242  19.11392  55085.99605 
    14.06036  1.64594  1.48323       0.58838         3414.75498  0.11504  0.05334     0.03188  52.70707     16.49003   6065.04434    -3.25187  1.28279   7654.44918    2e-05  55007.38113  52.50125  10.43846  19.45993    55081.227 
    14.53178  1.77761  2.76933       2.90252         3043.46471  0.09386  0.02188     0.40896   43.0104     17.73639   6408.19928     -5.7583   0.4006   4083.78934   0.0003   55004.8747  51.94124   8.24106  19.67158  55082.68937 
    13.53557  1.66659  2.32505       3.50774         2161.27751  0.00445  0.26796     0.02698   9.24243     19.96459   4574.96257   -19.00274  0.84487   7494.79042  0.05121  54991.63026  52.34179   0.29177  19.52777  55082.68937 
    14.15214  1.87336  1.95383       3.84725         2754.41506  0.00717  0.01451     0.02265  98.46452     17.36987    3658.9488    -5.35728  0.96279   3128.68829  0.00013  55005.27572  51.76538    0.7154  19.05915    55081.227 
    14.01765   1.6422  1.91518       1.78007         2215.92526  0.04659    0.312     0.19384   9.45747     17.60455   4806.01919     -4.5559  0.88275   6289.09819  0.00022   55006.0771  52.19165   3.06996  19.26995  55069.46263 
    13.71448  1.39141  2.52003       2.90307         2152.20739  0.04364  0.13397     0.01285   7.01117     17.28478   5652.23114   -17.94863  0.62082   5155.41716  0.00011  54992.68437  51.98949   2.68662  19.54908    55081.227 
    13.57419  1.38669     2.59       0.75496         2227.99113  0.00157  0.17863     0.04961   8.11752     18.07268   5154.11348   -23.30403  1.16495    6419.2946  0.00066  54987.32897  52.19463   0.09999  19.47097  55062.84926 
    14.22483  1.76628  4.83084       2.24286          2556.9263  0.34096   0.0446     0.25522  14.21054     19.57472   3251.67538   -11.69829  0.69264   4319.22939  0.02087  54998.93471  51.90245  24.47466   19.4472    55076.076 
    13.77142  1.70284  2.80252       0.11122         3318.10971  0.33667  0.21962     0.09548    9.0217     16.06416    3454.5818   -10.11935  1.40928   8248.37202    1e-05  55000.51365  52.42269  21.95444  19.22804    55076.076 
    13.79692  1.63028  2.40151       2.90263         2609.59021  0.01502  0.20048     0.05396    9.9381      19.7568   4834.42956    -6.83641  1.23343   5214.12203  0.03173  55003.79659  52.03353   1.00067   19.1555    55076.076 
      14.782  2.15902  1.64806       3.74934         2623.76453  0.00188  0.05449     0.02527  26.04113     17.56979   3227.07115    -4.56131  0.24351   3290.57792  0.00021  55006.07169  51.71619   0.15174  19.49658  55066.15595 
    14.11699  1.74267  2.52571       0.36597         3319.99725  0.20248  0.18626     0.33832  13.02743     17.17493   5353.35639    -15.8494  0.52897   7785.87025    8e-05   54994.7836  52.40658  14.28003  19.17521  55069.46263 
    13.94444  1.79718  2.73881        0.1641         4294.57046  0.37175  0.27089     0.08965   3.75415     20.09902    7958.9437   -11.35451  0.41955   8263.94182  0.06978  54999.27849  52.33042   19.5286  19.13568  55072.76932 
    13.60802  1.75528  3.01479       1.39917         3949.41932  0.00698   0.0527     0.01642  13.12763     17.34364   3312.76985   -10.96257  1.17484   6543.57366  0.00012  54999.67043  52.25628   0.49288   19.5887    55072.574 
    13.91697  1.65645  2.26558       1.64291         2230.16763  0.09021  0.03798     0.03346  98.77768     20.05565   3269.71038   -10.55216  1.15627   8738.69832  0.06315  55000.08084  52.65775   9.00531  19.26395    55076.076 
    13.81794  1.59509  2.19985       4.69386         2414.77096  0.00139  0.06515     0.01504  19.56336     18.64588   4694.16963    -9.13361  1.02053   4355.77853  0.00246  55001.49939  51.93688   0.10639  19.13185    55081.227 
    13.59722  1.97273  2.73342       4.72856         2166.73439  0.05325  0.08079     0.01297    8.2252     20.71465   5024.84549   -16.33416  1.44003   5909.99621  0.28799  54994.29884  52.12413   3.40139  19.62962  55079.38268 
    14.31828  2.07795  2.61989       1.61989         3114.88607  0.02664  0.04704     0.03655  22.33189     19.94523   6105.12521   -13.84203  0.74854   2687.90777  0.04897  54996.79097  51.52832   2.08681  19.28215  55056.23589 
    13.63486   1.4769  2.81174       3.47653          2456.7089  0.29374  0.12195     0.04067    7.8849     16.44769   5353.19003    -6.32399  0.98812   8339.66837    2e-05  55004.30901  52.41908  18.58328  19.05523    55076.076 
    14.54459   1.6042  0.95223       3.74151         2067.81543  0.00143  0.08108     0.09763  41.17573     16.54361   6022.39509    -5.69142  0.29594   4314.83457    2e-05  55004.94158  51.98591   0.12423   19.2434  55069.46263 
    14.02523  1.93559  3.73851        0.9259         4113.14679  0.03167     0.07     0.01299   9.78473     18.81483   5098.12347   -22.68238  0.46799   4696.16678  0.00363  54987.95062  51.94119   2.10215  19.25739    55081.227 
    14.22822  1.94898  2.52708       1.02092         3421.09873  0.03183  0.20617     0.08452   9.05519      18.5351   8608.09534   -24.34687  0.56533   5396.72184   0.0019  54986.28613  52.05457   2.07757  19.35132  55069.46263 
    13.97531  1.92331  3.79076       0.85083         4995.43897  0.04174  0.05933     0.15611   11.3558     17.39405   9836.33782    -9.35151   1.1235   4133.56328  0.00014  55001.28149  51.84421   2.86107  18.98433  55069.46263 
    14.14427  2.12412  5.93258       4.75308         2051.15601  0.28225  0.02085     0.01084  33.48521     19.01586   3251.27838    -12.7955  1.12124   7414.78652  0.00576   54997.8375  52.44102  23.75883  19.30687    55072.574 
    13.80329  1.84224  3.02503        1.1699         3446.10553  0.02887  0.19776     0.12128   6.21085     19.77999   5174.62712   -14.12522  1.56486   5572.35316  0.03347  54996.50778  52.04449    1.7265  19.41518  55079.38268 
    13.93353  1.66835   2.3639       0.54382         4436.95919   0.0072   0.0569     0.08372  44.56592     19.97698   6541.86031   -21.97036  0.96653   5234.22998  0.05269  54988.66264  52.15935   0.63594  19.16231    55081.227 
    13.24624  1.72872  1.66387       2.84935         2828.63968  0.24469   0.2632     0.03018  20.10999     16.77073   3553.10333    -9.82857  1.40705  15801.05083    3e-05  55000.80443  53.05838  18.79301  19.15329  55092.60942 
    14.05621   1.7994  1.96707       0.19715         2492.74097  0.11638  0.08293     0.03011   48.4106     17.78484   3204.50518    -4.62408  0.66939   9029.12787  0.00034  55006.00892  52.63878  10.41738  19.36375  55079.38268 
    13.83342  1.79552  2.98737       2.48702         2384.22938  0.08495  0.10242     0.02529  10.16344      17.5241    3963.8075   -16.55799  0.75618   5812.09491  0.00019  54994.07501  52.12994   5.68629  19.14786  55069.46263 
    14.33451  1.62377  2.04241       1.76463         2957.26591  0.00305  0.08309     0.03173   29.2402     19.69403   3725.69184   -18.04807  0.34972   4347.27696  0.02746  54992.58493  51.96702   0.25044  19.28856  55072.76932 
    14.19654  1.67531  1.67985       3.62145         2111.41152  0.16766   0.1207     0.06587  19.57868     16.27212   3003.27864     -5.6599  0.91897   5132.47982    1e-05   55004.9731  52.07947  12.81173  19.09828  55085.99605 
     14.2344  1.70474  2.49002       2.55161         2545.06461  0.42808  0.12247     0.01705  12.91148     17.02541   4484.65426     -8.0658  0.48244   5526.56497    6e-05   55002.5672  52.10808  30.13486     19.81    55076.076 
    13.84414  2.07804  3.74766       0.42046         3539.28699   0.0161  0.09017     0.02482  16.19642     18.18212   3813.20303     -7.2968  1.56497    7460.2426  0.00084   55003.3362  52.38845   1.18627   19.3003  55079.38268 
    14.72676  1.74137  1.57158        3.3607         2470.24856  0.00378  0.05496     0.23037   39.6841     19.93866   4202.96504    -5.14527  0.17412   4566.19247  0.04824  55005.48773  52.03242    0.3273   19.3388  55066.15595 
    14.22389  1.68057  1.39081       0.92818         3743.70568   0.1277  0.05803     0.46833  38.70392     18.99043   3890.34465    -2.06436  0.75763   6702.62261  0.00543  55008.56864  52.36399  11.01657  19.11321  55082.68937 
    13.76126  1.50213   2.4129        2.3282         2681.48772  0.00748  0.29518     0.29116   4.82754     19.03148   4811.24887    -6.39794  1.13197   6220.07891  0.00597  55004.23506  52.11271   0.41998  19.61757    55081.227 
     14.5279  1.93909  2.72935       0.51856         2715.24982  0.16742  0.29918     0.04317  15.15672     16.69266   7939.19068   -15.63371  0.20457   7581.14904    3e-05  54994.99929  52.39672  12.17398  18.94493  55082.68937 
    13.70863  1.42162  2.41189       4.03417         2137.96914  0.01231  0.20328     0.08243   7.78929     19.29594   4908.28695   -22.40118  1.49689   5236.53144  0.01098  54988.23182  52.01365   0.77649  19.66076  55072.76932 
    14.23762  1.57394  1.88932       1.69721         2260.81476  0.00842  0.29695     0.03098  19.10586     17.33807   3475.51317   -12.08403  0.28696   7988.78953  0.00012  54998.54897  52.46176   0.64059  19.36548    55076.076 
    13.79636  1.50941  1.89014       4.21811         2265.50716   0.0139  0.25831      0.2564  10.84578     18.11635   3030.59591   -10.52028  0.98254   6685.82765  0.00073  55000.11272  52.25764   0.94332  19.34297    55076.076 
    14.48719  1.70832  2.89642       3.47431         2986.63868  0.04956  0.10917     0.11353  11.63889     17.51321    3542.3305   -13.77249  0.19268   7317.21675  0.00018  54996.86051  52.34251   3.41463  19.48418  55072.76932 
    14.05805  1.95694  1.79616       2.03002         2713.57314  0.00106  0.23498     0.02032  12.66154     17.11516    3964.5086   -14.43833  1.06435    5048.6877    7e-05  54996.19467  52.02778   0.07436  19.18468  55082.68937 
    13.97537  1.75343  1.68156       1.90986         2176.43662  0.03637  0.06304     0.02526  46.54304     18.01836   5837.35278     -6.3538  1.42172   5565.15336  0.00058   55004.2792  52.21568   3.23485  19.49983  55085.99605 
    13.87821  1.85973  2.58903       0.24229         5627.01731  0.00277  0.02427     0.11511  53.02954     18.77527   4984.50518   -28.98307  1.54648   3843.22704  0.00331  54981.64993  51.90323   0.25204  19.44535  55079.38268 
    14.02517  1.59086  2.85313       4.31921         2898.41208  0.02424  0.04837      0.1448  12.77245     18.73268    6266.9144    -8.84523  0.83322    3670.9931    0.003  55001.78777  51.75177   1.70263  19.29547  55079.38268 
    14.03349  1.87801  3.06748        0.7312          5627.8221  0.03189  0.12877     0.32006  10.93492     16.17705   3561.73287    -4.31311  0.51934  10304.77117    1e-05  55006.31989  52.63417   2.16809  19.63331  55085.99605 
    13.90954   1.5706  2.10294       4.51146         2232.37151  0.00464  0.12114     0.41183  14.31119     18.62424   4529.78347   -17.69211  0.93854   4644.39919  0.00234  54992.94089  51.96612   0.33328  19.45497  55079.38268 
    14.06317  1.80129  2.88178       1.63039         3486.96207  0.00834  0.01438     0.05924  31.46661     16.86685   3345.57805    -7.04833  1.15447   2288.04941    4e-05  55003.58467  51.41509   0.69413  19.67565  55062.84926 
     14.1352  1.98324  3.44998       0.78849         2504.18121  0.02657  0.08574     0.01649   8.78349      18.5727   5662.24924   -11.63516  0.60026   4538.84924  0.00208  54998.99784  51.90126   1.72234   19.0721  55069.46263 
    14.02967  1.54458   2.2068       2.31873         2958.24705   0.1732  0.08989     0.01799  11.18515      17.3385   4918.28568    -4.45912  0.98872   3694.53335  0.00012  55006.17388  51.74529  11.83299  19.24839  55079.38268 
    13.88265  1.74012  3.23414       4.98574          2284.8728   0.0275  0.08716     0.14042    8.1499     19.06069   6939.97024    -6.58153  1.42342   6156.74816  0.00639  55004.05147  52.15875   1.75262  19.34429    55076.076 
    14.03176  1.73814  3.76405       1.76877         2511.56698  0.09395  0.01981     0.01147  38.60971     17.18807   4005.33156     -8.1579  1.27493   5543.62734    9e-05   55002.4751  52.19891   8.10179  19.33882  55079.38268 
    13.57618  1.57625  2.80363       0.72834         3023.14961  0.00619   0.0636      0.0151   8.98161     16.45552   3817.32436   -23.64838  0.71443   6914.23357    2e-05  54986.98462  52.26901   0.40295  19.39334  55082.68937 
    14.10358  1.61443  2.49349       2.98052         2692.80276  0.00106  0.04369     0.13688  24.40015     18.66251   6013.35325    -8.11084  0.53201   4710.17622  0.00255  55002.52216  52.02262   0.08434  18.88067  55066.15595 
    14.70563   1.8846   1.8665       4.60485         2103.77743  0.01854  0.09576     0.10077  30.55597       16.457   5099.18464    -6.34671  0.20863   6291.57735    2e-05  55004.28629  52.29146   1.53643  19.42185  55069.46263 
    13.78534  1.68478  2.68115       4.01032         2060.52518  0.03754  0.04108     0.02253  44.10402     18.39604   3175.74165    -7.38561  1.11065   8782.03743  0.00138  55003.24739  52.60809   3.30938    19.188    55081.227 
    13.62408  1.46906  3.06942       0.77495         5078.33947  0.00379  0.13569     0.07598   0.79788     19.05483   3509.47485   -11.83361  1.07255   4334.55258   0.0063  54998.79939  51.52858   0.11419  19.20652  55079.38268 
    14.19264  1.55442  1.90154       1.97948         3003.27125  0.00176  0.06711     0.03555   20.0485     17.28529   5649.43614   -15.19353  0.51306   3789.91595  0.00011  54995.43947  51.81802   0.13488  19.39353  55072.76932 
    14.85323  1.93668  1.40157        2.9795         2603.02259  0.07735  0.19591     0.44545  12.01599     18.91171   5895.30035    -5.34764  0.17716   4338.28093  0.00453  55005.28536  51.89135   5.36467  19.69119    55072.574 
    14.67393  1.66588  0.85407       2.35094         2336.38612  0.00956  0.06035      0.1407  32.11386     19.66671   8203.11734   -11.49651  0.23099    3429.8412  0.02579  54999.13649  51.76824   0.79924   19.4179  55062.84926 
    13.67486  1.98587  3.01734       0.27035         2330.50251  0.00108  0.28346     0.04615   5.23257      18.5659   3349.73338   -33.28933  1.15359   6772.23364  0.00204  54977.34367   52.1955   0.06185  19.67661  55059.54258 
    13.95753  1.48918  1.40483       3.29144         2147.54527  0.04401  0.25101      0.1289    8.3363     20.74639   4982.93901    -5.69538  0.50169   7157.79621  0.30983  55004.93762  52.29183   2.81973  19.00451  55079.38268 
