                MJD               R_low               R_med              R_high               T_low               T_med              T_high                   L_low                   L_med                  L_high 
           55425.54                 0.0                 0.0                 0.0                 nan                 nan                 nan  1.5603926264722868e+30  2.7493464259182706e+30   7.329041011013144e+30 
  55428.49864661654                 0.0                 0.0                 0.0                 nan                 nan                 nan  1.5603926264722868e+30  2.7493464259182706e+30   7.329041011013144e+30 
 55431.457293233085                 0.0                 0.0                 0.0                 nan                 nan                 nan  1.5603926264722868e+30  2.7493464259182706e+30   7.329041011013144e+30 
  55434.41593984963                 0.0                 0.0                 0.0                 nan                 nan                 nan  1.5603926264722868e+30  2.7493464259182706e+30   7.329041011013144e+30 
  55437.37458646617                 0.0                 0.0                 0.0                 nan                 nan                 nan  1.5603926264722868e+30  2.7493464259182706e+30   7.329041011013144e+30 
  55440.33323308271                 0.0                 0.0                 0.0                 nan                 nan                 nan  1.5603926264722868e+30  2.7493464259182706e+30   7.329041011013144e+30 
  55443.29187969925                 0.0                 0.0                 0.0                 nan                 nan                 nan  1.5603926264722868e+30  2.7493464259182706e+30   7.329041011013144e+30 
  55446.25052631579                 0.0                 0.0                 0.0                 nan                 nan                 nan  1.5603926264722868e+30  2.7493464259182706e+30   7.329041011013144e+30 
  55449.20917293233                 0.0                 0.0                 0.0                 nan                 nan                 nan  1.5603926264722868e+30  2.7493464259182706e+30   7.329041011013144e+30 
  55452.16781954887                 0.0                 0.0                 0.0                 nan                 nan                 nan  1.5603926264722868e+30  2.7493464259182706e+30   7.329041011013144e+30 
  55455.12646616541                 0.0                 0.0                 0.0                 nan                 nan                 nan  1.5603926264722868e+30  2.7493464259182706e+30   7.329041011013144e+30 
 55458.085112781955                 0.0                 0.0                 0.0                 nan                 nan                 nan  1.5603926264722868e+30  2.7493464259182706e+30   7.329041011013144e+30 
   55461.0437593985                 0.0                 0.0                 0.0                 nan                 nan                 nan  1.5603926264722868e+30  2.7493464259182706e+30   7.329041011013144e+30 
  55464.00240601504                 0.0                 0.0                 0.0                 nan                 nan                 nan  1.5603926264722868e+30  2.7493464259182706e+30   7.329041011013144e+30 
  55466.96105263158                 0.0                 0.0                 0.0                 nan                 nan                 nan  1.5603926264722868e+30  2.7493464259182706e+30   7.329041011013144e+30 
  55469.91969924812                 0.0                 0.0                 0.0                 nan                 nan                 nan  1.5603926264722868e+30  2.7493464259182706e+30   7.329041011013144e+30 
 55472.878345864665                 0.0                 0.0                 0.0                 nan                 nan                 nan  1.5603926264722868e+30  2.7493464259182706e+30   7.329041011013144e+30 
  55475.83699248121                 0.0                 0.0                 0.0                 nan                 nan                 nan  1.5603926264722868e+30  2.7493464259182706e+30   7.329041011013144e+30 
  55478.79563909775                 0.0                 0.0                 0.0                 nan                 nan                 nan  1.5603926264722868e+30  2.7493464259182706e+30   7.329041011013144e+30 
  55481.75428571428                 0.0                 0.0                 0.0                 nan                 nan                 nan  1.5603926264722868e+30  2.7493464259182706e+30   7.329041011013144e+30 
 55484.712932330825                 0.0                 0.0                 0.0                 nan                 nan                 nan  1.5603926264722868e+30  2.7493464259182706e+30   7.329041011013144e+30 
  55487.67157894737                 0.0                 0.0                 0.0                 nan                 nan                 nan  1.5603926264722868e+30  2.7493464259182706e+30   7.329041011013144e+30 
  55490.63022556391                 0.0                 0.0                 0.0                 nan                 nan                 nan  1.5603926264722868e+30  2.7493464259182706e+30   7.329041011013144e+30 
  55493.58887218045                 0.0                 0.0                 0.0                 nan                 nan                 nan  1.5603926264722868e+30  2.7493464259182706e+30   7.329041011013144e+30 
  55496.54751879699                 0.0                 0.0                 0.0                 nan                 nan                 nan  1.5603926264722868e+30  2.7493464259182706e+30   7.329041011013144e+30 
 55499.506165413535                 0.0                 0.0                 0.0                 nan                 nan                 nan  1.5603926264722868e+30  2.7493464259182706e+30   7.329041011013144e+30 
  55502.46481203008                 0.0                 0.0                 0.0                 nan                 nan                 nan  1.5603926264722868e+30  2.7493464259182706e+30   7.329041011013144e+30 
  55505.42345864662                 0.0                 0.0                 0.0                 nan                 nan                 nan  1.5603926264722868e+30  2.7493464259182706e+30   7.329041011013144e+30 
  55508.38210526316                 0.0                 0.0                 0.0                 nan                 nan                 nan  1.5603926264722868e+30  2.7493464259182706e+30   7.329041011013144e+30 
   55511.3407518797                 0.0                 0.0                 0.0                 nan                 nan                 nan  1.5603926264722868e+30  2.7493464259182706e+30   7.329041011013144e+30 
 55514.299398496245                 0.0                 0.0                 0.0                 nan                 nan                 nan  1.5603926264722868e+30  2.7493464259182706e+30   7.329041011013144e+30 
  55517.25804511278                 0.0                 0.0                 0.0                 nan                 nan                 nan  1.5603926264722868e+30  2.7493464259182706e+30   7.329041011013144e+30 
  55520.21669172932                 0.0                 0.0                 0.0                 nan                 nan                 nan  1.5603926264722868e+30  2.7493464259182706e+30   7.329041011013144e+30 
  55523.17533834586                 0.0                 0.0                 0.0                 nan                 nan                 nan  1.5603926264722868e+30  2.7493464259182706e+30   7.329041011013144e+30 
 55526.133984962406                 0.0                 0.0                 0.0                 nan                 nan                 nan  1.5603926264722868e+30  2.7493464259182706e+30   7.329041011013144e+30 
  55529.09263157895                 0.0                 0.0                 0.0                 nan                 nan                 nan  1.5603926264722868e+30  2.7493464259182706e+30   7.329041011013144e+30 
  55532.05127819549                 0.0                 0.0                 0.0                 nan                 nan                 nan  1.5603926264722868e+30  2.7493464259182706e+30   7.329041011013144e+30 
  55535.00992481203                 0.0                 0.0                 0.0                 nan                 nan                 nan  1.5603926264722868e+30  2.7493464259182706e+30   7.329041011013144e+30 
  55537.96857142857                 0.0                 0.0                 0.0                 nan                 nan                 nan  1.5603926264722868e+30  2.7493464259182706e+30   7.329041011013144e+30 
 55540.927218045115                 0.0                 0.0                 0.0                 nan                 nan                 nan  1.5603926264722868e+30  2.7493464259182706e+30   7.329041011013144e+30 
  55543.88586466166                 0.0                 0.0                 0.0                 nan                 nan                 nan  1.5603926264722868e+30  2.7493464259182706e+30   7.329041011013144e+30 
   55546.8445112782                 0.0                 0.0                 0.0                 nan                 nan                 nan  1.5603926264722868e+30  2.7493464259182706e+30   7.329041011013144e+30 
  55549.80315789474                 0.0                 0.0                 0.0                 nan                 nan                 nan  1.5603926264722868e+30  2.7493464259182706e+30   7.329041011013144e+30 
 55552.761804511276                 0.0                 0.0                 0.0                 nan                 nan                 nan  1.5603926264722868e+30  2.7493464259182706e+30   7.329041011013144e+30 
  55555.72045112782                 0.0                 0.0                 0.0                 nan                 nan                 nan  1.5603926264722868e+30  2.7493464259182706e+30   7.329041011013144e+30 
  55558.67909774436                 0.0                 0.0                 0.0                 nan                 nan                 nan  1.5603926264722868e+30  2.7493464259182706e+30   7.329041011013144e+30 
   55561.6377443609                 0.0                 0.0                 0.0                 nan                 nan                 nan  1.5603926264722868e+30  2.7493464259182706e+30   7.329041011013144e+30 
 55564.596390977444                 0.0                 0.0                 0.0                 nan                 nan                 nan  1.5603926264722868e+30  2.7493464259182706e+30   7.329041011013144e+30 
 55567.555037593986                 0.0                 0.0                 0.0                 nan                 nan                 nan  1.5603926264722868e+30  2.7493464259182706e+30   7.329041011013144e+30 
  55570.51368421053                 0.0                 0.0                 0.0                 nan                 nan                 nan  1.5603926264722868e+30  2.7493464259182706e+30   7.329041011013144e+30 
  55573.47233082707                 0.0                 0.0                 0.0                 nan                 nan                 nan  1.5603926264722868e+30  2.7493464259182706e+30   7.329041011013144e+30 
  55576.43097744361                 0.0                 0.0                 0.0                 nan                 nan                 nan  1.5603926264722868e+30  2.7493464259182706e+30   7.329041011013144e+30 
  55579.38962406015                 0.0                 0.0                 0.0                 nan                 nan                 nan  1.5603926264722868e+30  2.7493464259182706e+30   7.329041011013144e+30 
 55582.348270676695                 0.0                 0.0                 0.0                 nan                 nan                 nan  1.5603926264722868e+30  2.7493464259182706e+30   7.329041011013144e+30 
  55585.30691729324                 0.0                 0.0                 0.0                 nan                 nan                 nan  1.5603926264722868e+30  2.7493464259182706e+30   7.329041011013144e+30 
  55588.26556390977                 0.0                 0.0                 0.0                 nan                 nan                 nan  1.5603926264722868e+30  2.7493464259182706e+30   7.329041011013144e+30 
 55591.224210526314                 0.0                 0.0                 0.0                 nan                 nan                 nan  1.5603926264722868e+30  2.7493464259182706e+30   7.329041011013144e+30 
 55594.182857142856                 0.0                 0.0                 0.0                 nan                 nan                 nan  1.5603926264722868e+30  2.7493464259182706e+30   7.329041011013144e+30 
   55597.1415037594                 0.0                 0.0                 0.0                 nan                 nan                 nan  1.5603926264722868e+30  2.7493464259182706e+30   7.329041011013144e+30 
  55600.10015037594                 0.0                 0.0                 0.0                 nan                 nan                 nan  1.5603926264722868e+30  2.7493464259182706e+30   7.329041011013144e+30 
  55603.05879699248                 0.0                 0.0                 0.0                 nan                 nan                 nan  1.5603926264722868e+30  2.7493464259182706e+30   7.329041011013144e+30 
 55606.017443609024                 0.0                 0.0                 0.0                 nan                 nan                 nan  1.5603926264722868e+30  2.7493464259182706e+30   7.329041011013144e+30 
 55608.976090225566                 0.0                 0.0                 0.0                 nan                 nan                 nan  1.5603926264722868e+30  2.7493464259182706e+30   7.329041011013144e+30 
  55611.93473684211                 0.0                 0.0                 0.0                 nan                 nan                 nan  1.5603926264722868e+30  2.7493464259182706e+30   7.329041011013144e+30 
  55614.89338345865                 0.0                 0.0                 0.0                 nan                 nan                 nan  1.5603926264722868e+30  2.7493464259182706e+30   7.329041011013144e+30 
  55617.85203007519                 0.0                 0.0                 0.0                 nan                 nan                 nan  1.5603926264722868e+30  2.7493464259182706e+30   7.329041011013144e+30 
  55620.81067669173                 0.0                 0.0                 0.0                 nan                 nan                 nan  1.5603926264722868e+30  2.7493464259182706e+30   7.329041011013144e+30 
  55623.76932330827                 0.0                 0.0                 0.0                 nan                 nan                 nan  1.5603926264722868e+30  2.7493464259182706e+30   7.329041011013144e+30 
  55626.72796992481                 0.0                 0.0                 0.0                 nan                 nan                 nan  1.5603926264722868e+30  2.7493464259182706e+30   7.329041011013144e+30 
  55629.68661654135                 0.0                 0.0                 0.0                 nan                 nan                 nan  1.5603926264722868e+30  2.7493464259182706e+30   7.329041011013144e+30 
 55632.645263157894                 0.0                 0.0                 0.0                 nan                 nan                 nan  1.5603926264722868e+30  2.7493464259182706e+30   7.329041011013144e+30 
 55635.603909774436                 0.0                 0.0                 0.0                 nan                 nan                 nan  1.5603926264722868e+30  2.7493464259182706e+30   7.329041011013144e+30 
  55638.56255639098                 0.0                 0.0                 0.0                 nan                 nan                 nan  1.5603926264722868e+30  2.7493464259182706e+30   7.329041011013144e+30 
  55641.52120300752                 0.0                 0.0                 0.0                 nan                 nan                 nan  1.5603926264722868e+30  2.7493464259182706e+30   7.329041011013144e+30 
  55644.47984962406                 0.0                 0.0                 0.0                 nan                 nan                 nan  1.5603926264722868e+30  2.7493464259182706e+30   7.329041011013144e+30 
 55647.438496240604                 0.0                 0.0                 0.0                 nan                 nan                 nan  1.5603926264722868e+30  2.7493464259182706e+30   7.329041011013144e+30 
 55650.397142857146                 0.0                 0.0                 0.0                 nan                 nan                 nan  1.5603926264722868e+30  2.7493464259182706e+30   7.329041011013144e+30 
  55653.35578947369                 0.0                 0.0                 0.0                 nan                 nan                 nan  1.5603926264722868e+30  2.7493464259182706e+30   7.329041011013144e+30 
  55656.31443609023                 0.0                 0.0                 0.0                 nan                 nan                 nan  1.5603926264722868e+30  2.7493464259182706e+30   7.329041011013144e+30 
 55659.273082706764                 0.0                 0.0                 0.0                 nan                 nan                 nan  1.5603926264722868e+30  2.7493464259182706e+30   7.329041011013144e+30 
 55662.231729323306                 0.0                 0.0                 0.0                 nan                 nan                 nan  1.5603926264722868e+30  2.7493464259182706e+30   7.329041011013144e+30 
  55665.19037593985                 0.0                 0.0                 0.0                 nan                 nan                 nan  1.5603926264722868e+30  2.7493464259182706e+30   7.329041011013144e+30 
  55668.14902255639                 0.0                 0.0                 0.0                 nan                 nan                 nan  1.5603926264722868e+30  2.7493464259182706e+30   7.329041011013144e+30 
  55671.10766917293                 0.0                 0.0                 0.0                 nan                 nan                 nan  1.5603926264722868e+30  2.7493464259182706e+30   7.329041011013144e+30 
 55674.066315789474                 0.0                 0.0                 0.0                 nan                 nan                 nan  1.5603926264722868e+30  2.7493464259182706e+30   7.329041011013144e+30 
 55677.024962406016                 0.0                 0.0                 0.0                 nan                 nan                 nan  1.5603926264722868e+30  2.7493464259182706e+30   7.329041011013144e+30 
  55679.98360902256                 0.0                 0.0                 0.0                 nan                 nan                 nan  1.5603926264722868e+30  2.7493464259182706e+30   7.329041011013144e+30 
   55682.9422556391                 0.0                 0.0                 0.0                 nan                 nan                 nan  1.5603926264722868e+30  2.7493464259182706e+30   7.329041011013144e+30 
  55685.90090225564                 0.0                 0.0                 0.0                 nan                 nan                 nan  1.5603926264722868e+30  2.7493464259182706e+30   7.329041011013144e+30 
 55688.859548872184                 0.0                 0.0                 0.0                 nan                 nan                 nan  1.5603926264722868e+30  2.7493464259182706e+30   7.329041011013144e+30 
 55691.818195488726                 0.0                 0.0                 0.0                 nan                 nan                 nan  1.5603926264722868e+30  2.7493464259182706e+30   7.329041011013144e+30 
  55694.77684210526                 0.0                 0.0                 0.0                 nan                 nan                 nan  1.5603926264722868e+30  2.7493464259182706e+30   7.329041011013144e+30 
   55697.7354887218                 0.0                 0.0                 0.0                 nan                 nan                 nan  1.5603926264722868e+30  2.7493464259182706e+30   7.329041011013144e+30 
 55700.694135338344                 0.0                 0.0                 0.0                 nan                 nan                 nan  1.5603926264722868e+30  2.7493464259182706e+30   7.329041011013144e+30 
  55703.65278195489                 0.0                 0.0                 0.0                 nan                 nan                 nan  1.5603926264722868e+30  2.7493464259182706e+30   7.329041011013144e+30 
  55706.61142857143                 0.0                 0.0                 0.0                 nan                 nan                 nan  1.5603926264722868e+30  2.7493464259182706e+30   7.329041011013144e+30 
  55709.57007518797                 0.0                 0.0                 0.0                 nan                 nan                 nan  1.5603926264722868e+30  2.7493464259182706e+30   7.329041011013144e+30 
  55712.52872180451                 0.0                 0.0                 0.0                 nan                 nan                 nan  1.5603926264722868e+30  2.7493464259182706e+30   7.329041011013144e+30 
 55715.487368421054                 0.0                 0.0                 0.0                 nan                 nan                 nan  1.5603926264722868e+30  2.7493464259182706e+30   7.329041011013144e+30 
 55718.446015037596                 0.0                 0.0                 0.0                 nan                 nan                 nan  1.5603926264722868e+30  2.7493464259182706e+30   7.329041011013144e+30 
  55721.40466165414                 0.0                 0.0                 0.0                 nan                 nan                 nan  1.5603926264722868e+30  2.7493464259182706e+30   7.329041011013144e+30 
  55724.36330827068                 0.0                 0.0                 0.0                 nan                 nan                 nan  1.5603926264722868e+30  2.7493464259182706e+30   7.329041011013144e+30 
  55727.32195488722                 0.0                 0.0                 0.0                 nan                 nan                 nan  1.5603926264722868e+30  2.7493464259182706e+30   7.329041011013144e+30 
  55730.28060150376                 0.0                 0.0                 0.0                 nan                 nan                 nan  1.5603926264722868e+30  2.7493464259182706e+30   7.329041011013144e+30 
   55733.2392481203                 0.0                 0.0                 0.0                 nan                 nan                 nan  1.5603926264722868e+30  2.7493464259182706e+30   7.329041011013144e+30 
  55736.19789473684                 0.0                 0.0                 0.0                 nan                 nan                 nan  1.5603926264722868e+30  2.7493464259182706e+30   7.329041011013144e+30 
  55739.15654135338                 0.0                 0.0                 0.0                 nan                 nan                 nan  1.5603926264722868e+30  2.7493464259182706e+30   7.329041011013144e+30 
 55742.115187969925                 0.0                 0.0                 0.0                 nan                 nan                 nan  1.5603926264722868e+30  2.7493464259182706e+30   7.329041011013144e+30 
  55745.07383458647                 0.0                 0.0                 0.0                 nan                 nan                 nan  1.5603926264722868e+30  2.7493464259182706e+30   7.329041011013144e+30 
  55748.03248120301                 0.0                 0.0                 0.0                 nan                 nan                 nan  1.5603926264722868e+30  2.7493464259182706e+30   7.329041011013144e+30 
  55750.99112781955                 0.0                 0.0                 0.0                 nan                 nan                 nan  1.5603926264722868e+30  2.7493464259182706e+30   7.329041011013144e+30 
  55753.94977443609                 0.0                 0.0                 0.0                 nan                 nan                 nan  1.5603926264722868e+30  2.7493464259182706e+30   7.329041011013144e+30 
 55756.908421052634                 0.0                 0.0                 0.0                 nan                 nan                 nan  1.5603926264722868e+30  2.7493464259182706e+30   7.329041011013144e+30 
 55759.867067669176                 0.0                 0.0                 0.0                 nan                 nan                 nan  1.5603926264722868e+30  2.7493464259182706e+30   7.329041011013144e+30 
  55762.82571428572                 0.0                 0.0                 0.0                 nan                 nan                 nan  1.5603926264722868e+30  2.7493464259182706e+30   7.329041011013144e+30 
  55765.78436090225                 0.0                 0.0                 0.0                 nan                 nan                 nan  1.5603926264722868e+30  2.7493464259182706e+30   7.329041011013144e+30 
 55768.743007518795                 0.0                 0.0                 0.0                 nan                 nan                 nan  1.5603926264722868e+30  2.7493464259182706e+30   7.329041011013144e+30 
  55771.70165413534                 0.0                 0.0                 0.0                 nan                 nan                 nan  1.5603926264722868e+30  2.7493464259182706e+30   7.329041011013144e+30 
  55774.66030075188                 0.0                 0.0                 0.0                 nan                 nan                 nan  1.5603926264722868e+30  2.7493464259182706e+30   7.329041011013144e+30 
  55777.61894736842                 0.0                 0.0                 0.0                 nan                 nan                 nan  1.5603926264722868e+30  2.7493464259182706e+30   7.329041011013144e+30 
  55780.57759398496                 0.0                 0.0                 0.0                 nan                 nan                 nan  1.5603926264722868e+30  2.7493464259182706e+30   7.329041011013144e+30 
 55783.536240601505                 0.0                 0.0                 0.0                 nan                 nan                 nan  1.5603926264722868e+30  2.7493464259182706e+30   7.329041011013144e+30 
  55786.49488721805                 0.0                 0.0                 0.0                 nan                 nan                 nan  1.5603926264722868e+30  2.7493464259182706e+30   7.329041011013144e+30 
  55789.45353383459                 0.0                 0.0                 0.0                 nan                 nan                 nan  1.5603926264722868e+30  2.7493464259182706e+30   7.329041011013144e+30 
  55792.41218045113                 0.0                 0.0                 0.0                 nan                 nan                 nan  1.5603926264722868e+30  2.7493464259182706e+30   7.329041011013144e+30 
  55795.37082706767                 0.0                 0.0                 0.0                 nan                 nan                 nan  1.5603926264722868e+30  2.7493464259182706e+30   7.329041011013144e+30 
 55798.329473684214                 0.0                 0.0                 0.0                 nan                 nan                 nan  1.5603926264722868e+30  2.7493464259182706e+30   7.329041011013144e+30 
  55801.28812030076                 0.0                 0.0                 0.0                 nan                 nan                 nan  1.5603926264722868e+30  2.7493464259182706e+30   7.329041011013144e+30 
  55804.24676691729                 0.0                 0.0                 0.0                 nan                 nan                 nan  1.5603926264722868e+30  2.7493464259182706e+30   7.329041011013144e+30 
  55807.20541353383                 0.0                 0.0                 0.0                 nan                 nan                 nan  1.5603926264722868e+30  2.7493464259182706e+30   7.329041011013144e+30 
 55810.164060150375                 0.0                 0.0                 0.0                 nan                 nan                 nan  1.5603926264722868e+30  2.7493464259182706e+30   7.329041011013144e+30 
  55813.12270676692                 0.0                 0.0                 0.0                 nan                 nan                 nan  1.5603926264722868e+30  2.7493464259182706e+30   7.329041011013144e+30 
  55816.08135338346                 0.0                 0.0                 0.0                 nan                 nan                 nan  1.5603926264722868e+30  2.7493464259182706e+30   7.329041011013144e+30 
           55819.04                 0.0                 0.0                 0.0                 nan                 nan                 nan  1.5603926264722868e+30  2.7493464259182706e+30   7.329041011013144e+30 
  55821.99864661654                 0.0                 0.0                 0.0                 nan                 nan                 nan  1.5603926264722868e+30  2.7493464259182706e+30   7.329041011013144e+30 
 55824.957293233085                 0.0                 0.0                 0.0                 nan                 nan                 nan  1.5603926264722868e+30  2.7493464259182706e+30   7.329041011013144e+30 
  55827.91593984963                 0.0                 0.0                 0.0                 nan                 nan                 nan  1.5603926264722868e+30  2.7493464259182706e+30   7.329041011013144e+30 
  55830.87458646617                 0.0                 0.0                 0.0                 nan                 nan                 nan  1.5603926264722868e+30  2.7493464259182706e+30   7.329041011013144e+30 
  55833.83323308271                 0.0                 0.0                 0.0                 nan                 nan                 nan  1.5603926264722868e+30  2.7493464259182706e+30   7.329041011013144e+30 
  55836.79187969925                 0.0                 0.0                 0.0                 nan                 nan                 nan  1.5603926264722868e+30  2.7493464259182706e+30   7.329041011013144e+30 
  55839.75052631579                 0.0                 0.0                 0.0                 nan                 nan                 nan  1.5603926264722868e+30  2.7493464259182706e+30   7.329041011013144e+30 
  55842.70917293233                 0.0                 0.0                 0.0                 nan                 nan                 nan  1.5603926264722868e+30  2.7493464259182706e+30   7.329041011013144e+30 
  55845.66781954887                 0.0                 0.0                 0.0                 nan                 nan                 nan  1.5603926264722868e+30  2.7493464259182706e+30   7.329041011013144e+30 
  55848.62646616541                 0.0                 0.0                 0.0                 nan                 nan                 nan  1.5603926264722868e+30  2.7493464259182706e+30   7.329041011013144e+30 
 55851.585112781955                 0.0                 0.0                 0.0                 nan                 nan                 nan  1.5603926264722868e+30  2.7576536539772974e+30   7.692107514955129e+30 
   55854.5437593985                 0.0                 0.0                 0.0                 nan                 nan                 nan  1.5603926264722868e+30  2.7576536539772974e+30   7.692107514955129e+30 
  55857.50240601504                 0.0                 0.0                 0.0                 nan                 nan                 nan  1.5603926264722868e+30  2.7576536539772974e+30   7.692107514955129e+30 
  55860.46105263158                 0.0                 0.0                 0.0                 nan                 nan                 nan  1.5603926264722868e+30  2.7576536539772974e+30   7.692107514955129e+30 
  55863.41969924812                 0.0                 0.0                 0.0                 nan                 nan                 nan  1.5603926264722868e+30  2.7576536539772974e+30   7.692107514955129e+30 
 55866.378345864665                 0.0                 0.0                 0.0                 nan                 nan                 nan  1.5603926264722868e+30  2.7576536539772974e+30   7.692107514955129e+30 
  55869.33699248121                 0.0                 0.0                 0.0                 nan                 nan                 nan  1.5603926264722868e+30  2.7576536539772974e+30   7.692107514955129e+30 
  55872.29563909775                 0.0                 0.0                 0.0                 nan                 nan                 nan  1.5603926264722868e+30  2.7576536539772974e+30   7.692107514955129e+30 
  55875.25428571428                 0.0                 0.0                 0.0                 nan                 nan                 nan  1.5603926264722868e+30  2.7576536539772974e+30   7.692107514955129e+30 
 55878.212932330825                 0.0                 0.0                 0.0                 nan                 nan                 nan  1.5679292134288988e+30  2.7879231788218687e+30   8.833660364660166e+30 
  55881.17157894737                 0.0                 0.0                 0.0                 nan                 nan                 nan    1.58019675618958e+30   2.819157022174146e+30     9.1098219594347e+30 
  55884.13022556391                 0.0                 0.0                 0.0                 nan                 nan                 nan  1.6063565539739327e+30   2.852158725208835e+30    9.91339533878633e+30 
  55887.08887218045                 0.0                 0.0                 0.0                 nan                 nan                 nan   1.692934642841538e+30  3.0562668367441536e+30  2.1831772797200218e+31 
  55890.04751879699                 0.0                 0.0                 0.0                 nan                 nan                 nan  1.7962365309996335e+30  3.1740593306671646e+30   5.392192398644213e+31 
 55893.006165413535                 0.0                 0.0                 0.0                 nan                 nan                 nan  2.0132883884785625e+30    3.41243373764099e+30  1.4700708322468888e+32 
  55895.96481203008                 0.0                 0.0   196903653828719.4  19677.817137808943                 nan                 nan   2.107759078451885e+30   4.321305597239561e+30  3.2200739699371376e+42 
  55898.92345864662                 0.0                 0.0   515546995732544.0  18037.593753885616                 nan                 nan  2.3991447892905603e+30   6.137080011318401e+30  2.0193793996574033e+43 
  55901.88210526316                 0.0                 0.0   818584135225607.0  17513.529395544178                 nan                 nan   2.611247443651745e+30  3.3319233018676213e+31   4.568741956857557e+43 
   55904.8407518797                 0.0  170207897892140.28  1111244245661090.6  16981.449804459204   20800.63791883851                 nan     3.7596304898997e+30  4.3109501304178165e+42   7.781248609017462e+43 
 55907.799398496245                 0.0  521967787243318.75  1415554965807116.5  16484.841560143486  19345.915408977038                 nan     9.2282575407576e+31  3.1458829034374443e+43  1.0951373595146019e+44 
  55910.75804511278  312933230290219.75   878034968870834.0  1720858305430573.2  15787.551060152664  18311.239424916515   21465.04749190655    1.78334919064064e+43   6.529476082101498e+43  1.4300292825996736e+44 
  55913.71669172932   686204085739616.0  1256965807230493.0  2043364168745611.8  15198.475908891058   17197.57731045819  20189.657591086365   5.343967785545656e+43  1.0730794506933548e+44  1.7162437220534409e+44 
  55916.67533834586  1104033144749586.4  1600709621620631.0  2338690695408566.5   14647.82514610267  16430.947711879162   19008.29818452351   9.133921164821302e+43   1.392770811195166e+44  2.0424213703332134e+44 
 55919.633984962406  1454566197878955.2  1934187932526755.5  2677681587575912.5   14118.15947173053  15566.276188287511  17820.538444181853  1.2722729198673603e+44   1.695131929723657e+44   2.191671485699347e+44 
  55922.59263157895  1825106020016316.5  2300725763769155.0  2979295926409469.0   13490.46961347418  14723.115621997924  16661.245828794956  1.5689200251589618e+44  1.9127077406485216e+44   2.351478616778599e+44 
           55925.54  2201500873762646.0  2669650717323357.5  3244165521187103.5  12852.733075855625   14022.26837778053   15735.42460453159   1.776718527505243e+44  2.0493928377147783e+44  2.4583191293293555e+44 
  55925.55127819549  2202668041067012.5  2671329275600596.0  3245267422341574.0  12850.446179762808  14019.647938541199  15732.108184327815  1.7773531338893878e+44    2.04969839915578e+44   2.458235953920633e+44 
  55928.50992481203  2516241320910298.5  3069013140552181.0  3649726748956450.5  12262.380422156193    13287.5498594792  14835.665983592922   1.893592640148039e+44   2.120496820511417e+44   2.520840903613914e+44 
  55931.46857142857  2850586370157294.5  3428307950987270.0  4026791873415647.5  11649.709214358325  12591.304227546185  13978.319266241888  1.9348282089374035e+44  2.1533823869287354e+44  2.5223728359786554e+44 
 55934.427218045115  3199048570752661.5  3744488074830531.5  4442665909219856.5   11081.00873010948  11979.646333915793   13202.96787292854   1.919359372089974e+44  2.1306909990056283e+44  2.4333969508012917e+44 
  55937.38586466166  3514716862765500.0  4102157605693816.5  4889602816400345.0  10564.317425172834  11372.336982953748   12461.49760159837  1.8595932568394525e+44   2.058925428756538e+44  2.3375515148767986e+44 
   55940.3445112782  3828180718927253.5  4420169125094850.5  5336320881863924.0  10012.956806052684   10812.48875025787   11771.70004646119  1.7687509862901038e+44  1.9520922784723023e+44  2.2089174353541294e+44 
  55943.30315789474  4104091541108115.0  4688686114813720.0  5739606558606177.0   9567.436686990748  10261.731538842865  11104.437918753652  1.6544905541633603e+44   1.829539277333167e+44   2.053375039961513e+44 
 55946.261804511276  4415538053802131.5  5036880661064184.0  6095445677635012.0   9044.948010929229   9754.494915368685  10517.332602483752   1.545057987541689e+44  1.7010604950274479e+44  1.8928217070114293e+44 
  55949.22045112782  4708765630841415.0  5399845208762548.0  6465632515236667.0   8545.584492031629   9272.641560554806    9940.23800176312  1.4334238783123815e+44  1.5630150518877886e+44  1.7236978305365553e+44 
           55951.54  4949319533635122.0  5658642254703455.0  6831443820783008.0   8194.388408025927   8914.870232422629   9528.939646368439   1.348425413911902e+44  1.4584084846979759e+44  1.5983322053156644e+44 
  55952.17909774436  5012803236720148.0  5730941475099332.0  6924432641582966.0   8107.366322883092   8816.337746849458   9422.303610177367  1.3264504988074764e+44   1.431332317593203e+44  1.5673569182187285e+44 
   55955.1377443609  5340637237236451.0  6099130189517500.0  7348379772919726.0   7720.803076713684   8351.981625466164   8930.364645660246  1.2179427994601956e+44   1.300318482362496e+44  1.4066461457068264e+44 
 55958.096390977444  5647107806522805.0  6455140061560870.0  7741679547320511.0   7324.377818630635   7940.030026505889   8497.049998066404  1.1143876970937067e+44  1.1808875219140838e+44  1.2629066593405653e+44 
 55961.055037593986  5946064072969906.0  6807670077191374.0  8118148814419781.0  6952.4257796614675   7554.942891903163   8072.592997040604   1.018964001930313e+44  1.0731993724902304e+44  1.1404739794104823e+44 
  55964.01368421053  6251345796904293.0  7181931120917492.0  8513893405691908.0   6636.055058422706   7188.089585423202   7693.305027572955    9.33295485811333e+43   9.763459689592177e+43  1.0307234864917535e+44 
  55966.97233082707  6538135855953623.0  7538029001512819.0  8901377081787492.0  6322.9262004164475   6852.014727295929   7334.135350193374    8.52730347482144e+43   8.892117055123643e+43   9.301477243139625e+43 
  55969.93097744361  6824578108156394.0  7836760173130355.0  9185118493086928.0   6112.349157092138   6559.282373658343   7016.770298799308   7.822188730834182e+43   8.108686273838507e+43   8.416382121458147e+43 
  55972.88962406015  7111050619390949.0  8101864954446347.0  9101644337132056.0   6001.395029651812    6316.43199945241   6721.313546402269   7.169575277207378e+43   7.401955932900158e+43   7.672331575617318e+43 
 55975.848270676695  7414567799264456.0  8260045670624346.0  8906823904690358.0   5910.384450048788   6126.985453134044   6456.556512461787   6.583797286723008e+43   6.773894668921547e+43   7.039562523003093e+43 
  55978.80691729324  7520306458400312.0  8076274832862544.0  8648033545183541.0   5864.516510213674   6055.503017891641   6249.841202633105   6.063491976426011e+43   6.205257831003742e+43   6.463332336508971e+43 
           55979.74  7541952279897281.0  8052198872359482.0  8526422209876562.0   5861.505292934648   6025.707043982574  6209.1640205808735   5.907914715181808e+43   6.042923797658353e+43    6.29005068238175e+43 
           55980.71  7468061100588276.0  7962003448559991.0  8414907622132776.0   5857.228807254185     6002.3595818827   6197.575151910905   5.748379160014821e+43   5.878744326707398e+43   6.114120395157696e+43 
           55981.62  7375180298721349.0  7865676217851396.0  8328044044706919.0   5854.605163167809     6000.7058311855   6189.311759168506    5.60157198817848e+43   5.728092214850917e+43   5.956483140482565e+43 
  55981.76556390977  7360754040020211.0  7849808581492430.0  8311041328780011.0   5854.605163167809     6000.7058311855   6189.311759168506   5.578655818088991e+43   5.704419120980866e+43   5.931375075224531e+43 
           55982.69  7269996123028353.0  7763480856030491.0  8204327623897224.0   5854.605163167809   5998.382498634659   6189.311759168506   5.437982864676587e+43   5.556073673536937e+43   5.774273588840358e+43 
 55984.724210526314  7069913555300426.0  7547449264483510.0  8021616448014437.0  5853.3501942779885   5998.382498634659   6189.311759168506   5.132146259002019e+43   5.249709574553371e+43   5.444671323067683e+43 
 55987.682857142856  6784230572765720.0  7246704230099881.0  7707228184083830.0  5853.3501942779885   5998.382498634659   6189.311759168506   4.727340387721766e+43   4.840502145232899e+43   5.027562595493563e+43 
   55990.6415037594  6511856505433342.0  6955932782312492.0  7399455645111384.0  5853.3501942779885   5998.382498634659   6189.311759168506  4.3627011591611713e+43   4.482303013948064e+43   4.640119965733547e+43 
  55993.60015037594  6257598108918162.0  6688450392472958.0  7106614350610500.0  5853.3501942779885   5998.382498634659   6189.311759168506   4.031181501078732e+43  4.1457810801768514e+43  4.2958859310003036e+43 
           55995.71  6083808662909642.0  6507503065512636.0  6907923985997233.0  5853.3501942779885   5998.382498634659   6189.311759168506  3.8085055846860284e+43   3.924221640460366e+43   4.070907968040095e+43 
  55996.55879699248  6016351433448502.0  6437019604476974.0  6830295906346527.0  5853.3501942779885   5998.382498634659   6189.311759168506  3.7247904557427273e+43   3.838246535306436e+43   3.985611869423567e+43 
           55997.68  5929030535159294.0  6345706800056768.0  6729659117322751.0  5853.3501942779885   5998.382498634659   6189.311759168506   3.619628693608685e+43     3.7283200445265e+43   3.876129559133717e+43 
 55999.517443609024  5790036900546573.0  6199662194038318.0  6579945556735753.0  5853.3501942779885   5998.382498634659   6189.311759168506  3.4519648164270976e+43  3.5592574228590395e+43   3.706839955795559e+43 
           55999.69  5777233730716934.0  6185741661443058.0  6565984374117282.0  5853.3501942779885   5998.382498634659   6189.311759168506   3.436657445670888e+43    3.54342350192287e+43   3.691438319821605e+43 
            56000.7  5703151903984467.0  6105228606064140.0  6486972267202111.0  5853.3501942779885   5998.382498634659   6189.311759168506  3.3495160138459606e+43   3.452864726122967e+43   3.602745323354173e+43 
 56002.476090225566  5576329490775594.0  5967233555109403.0  6346891950065364.0  5853.3501942779885   5998.382498634659   6189.311759168506   3.203173356424364e+43   3.303072065608787e+43  3.4514466384059574e+43 
  56005.43473684211  5374250520257975.0  5752116051315997.0  6122692348636697.0  5853.3501942779885   5998.382498634659   6189.311759168506   2.973188418219848e+43    3.06900056577071e+43   3.216200165406046e+43 
           56005.67  5358610553004103.0  5735671266873357.0  6105297911143437.0  5853.3501942779885   5998.382498634659   6189.311759168506  2.9556072579398823e+43   3.051488365981735e+43  3.1980660828358747e+43 
  56008.39338345865  5182561335206748.0  5550351863519024.0  5909045449097181.0  5853.3501942779885   5998.382498634659   6189.311759168506   2.757582080218031e+43   2.859229825490199e+43  2.9970435724474753e+43 
           56010.65  5042873676030170.0  5405684791593491.0  5752825536920275.0  5853.3501942779885   5998.382498634659   6189.311759168506  2.6144114898987377e+43  2.7087873609246634e+43  2.8415757367294356e+43 
  56011.35203007519  5000592732853845.0  5362551333630188.0  5705373440152630.0  5853.3501942779885   5998.382498634659   6189.311759168506   2.571699084283748e+43  2.6627526173554167e+43  2.7951381000145265e+43 
  56014.31067669173  4829817221502329.0  5181195005225630.0  5511423688191940.0  5853.3501942779885   5998.382498634659   6189.311759168506    2.39767309089463e+43   2.479050446501379e+43   2.608814586057773e+43 
           56014.66  4810056601286658.0  5160406418207350.0  5489077159923300.0  5853.3501942779885   5998.382498634659   6189.311759168506  2.3780584500226037e+43   2.458324910561446e+43  2.5874964963791975e+43 
  56017.26932330827  4668643447189664.0  5004953125992295.0  5326327994105525.0  5853.3501942779885   5998.382498634659   6189.311759168506  2.2362369495121844e+43  2.3157586757265837e+43   2.434896912419217e+43 
  56020.22796992481  4514716131948088.0  4836310797854506.0  5149779955587279.0  5853.3501942779885   5998.382498634659   6189.311759168506  2.0862730433193808e+43   2.162421936131927e+43   2.274896459886758e+43 
  56023.18661654135  4367446483891313.0  4675496617934160.0  4980775275109281.0  5853.3501942779885   5998.382498634659   6189.311759168506  1.9471881885467544e+43   2.016952481315094e+43  2.1274631697122064e+43 
 56026.145263157894  4218258783314532.0  4524696851127696.0  4816541074325621.0  5853.3501942779885   5998.382498634659   6189.311759168506  1.8203535518486927e+43  1.8851073609567133e+43  1.9904886968665335e+43 
 56029.103909774436  4078025101193739.0  4381624094272125.0  4663103579342959.0  5853.3501942779885   5998.382498634659   6189.311759168506   1.703970177794906e+43  1.7651538568427057e+43  1.8627771111592241e+43 
  56032.06255639098  3947972082942436.5  4243470903155579.0  4518688758519362.0  5853.3501942779885   5998.382498634659   6189.311759168506  1.5973497449037293e+43   1.655311427588616e+43  1.7455151546239448e+43 
  56035.02120300752  3823800275849576.0  4109251124960694.0  4381473265958200.0  5853.3501942779885   5998.382498634659   6189.311759168506  1.4977806182872015e+43  1.5516449469349463e+43  1.6393681121594967e+43 
  56037.97984962406  3705025779836331.5  3979206381215916.0  4244985865672253.5  5853.3501942779885   5998.382498634659   6189.311759168506  1.4055763635732846e+43     1.4566543318801e+43  1.5407770399079033e+43 
 56040.938496240604  3591340844237951.0  3854839323954343.0  4112523307697884.5  5853.3501942779885   5998.382498634659   6189.311759168506   1.319654476337409e+43   1.369308743391693e+43  1.4505349937310796e+43 
 56043.897142857146  3482552892847483.0  3735756677174807.0  3987659420866238.5  5853.3501942779885   5998.382498634659   6189.311759168506    1.23960186626508e+43  1.2873152914496633e+43  1.3681153693708987e+43 
  56046.85578947369  3378328893372876.0  3622903680697965.5  3868176347808925.0  5853.3501942779885   5998.382498634659   6189.311759168506  1.1653342770243142e+43  1.2111775202578932e+43   1.291001321834594e+43 
  56049.81443609023  3277513380709774.5  3516642489335096.5  3754141694834679.0  5853.3501942779885   5998.382498634659   6189.311759168506  1.0942732518168536e+43  1.1404358627921753e+43  1.2176609898727572e+43 
 56052.773082706764  3183155138990151.5  3412785367875328.5  3645190062243397.0  5853.3501942779885   5998.382498634659   6189.311759168506  1.0281921700320438e+43  1.0747601070211696e+43  1.1480438851921056e+43 
 56055.731729323306  3091275311010813.0  3312131206870949.0  3541314977678079.0  5853.3501942779885   5998.382498634659   6189.311759168506   9.669799819683139e+42  1.0133785050372329e+43  1.0826388596119345e+43 
  56058.69037593985  3003082652297874.5  3215412445433285.0  3442775677204931.5  5853.3501942779885   5998.382498634659   6189.311759168506   9.108046147050875e+42   9.564785016695969e+42  1.0207947415285173e+43 
  56061.64902255639  2918304302227642.5  3123332377964150.0  3347890895342140.0  5853.3501942779885   5998.382498634659   6189.311759168506   8.586925543963013e+42   9.026921948717738e+42   9.635439915414013e+42 
  56064.60766917293  2836074768967703.0  3036125693952514.0  3256491289559271.0  5853.3501942779885   5998.382498634659   6189.311759168506    8.09577758735851e+42   8.527947562272258e+42   9.110962943386436e+42 
 56067.566315789474  2755270956037231.0  2951950803902506.0  3168417284371563.0  5853.3501942779885   5998.382498634659   6189.311759168506   7.645961600387492e+42   8.061414386958916e+42   8.624072855853036e+42 
 56070.524962406016  2679293370215552.0  2869795230394806.0  3083513283071834.5  5853.3501942779885   5998.382498634659   6189.311759168506    7.22736426647084e+42   7.626632697269969e+42   8.172996469109906e+42 
           56073.15  2614790651065177.5  2798765487919920.0  3010706329585695.0  5853.3501942779885   5998.382498634659   6189.311759168506   6.874477937955568e+42   7.266511200890852e+42   7.795296381783351e+42 
  56073.48360902256  2606762888881271.5  2789904625548857.0  3001609677681500.5  5853.3501942779885   5998.382498634659   6189.311759168506   6.831080344580608e+42   7.222173728906099e+42   7.747863959159891e+42 
   56076.4422556391  2537166280605407.5  2713927732461649.0  2922385471391392.5  5853.3501942779885   5998.382498634659   6189.311759168506   6.461613336133638e+42   6.843413428741278e+42   7.339950939796249e+42 
  56079.40090225564  2469776736160887.5  2641129497974498.0  2845914398249244.5  5853.3501942779885   5998.382498634659   6189.311759168506    6.12113053665274e+42   6.486316609261719e+42   6.956872836205776e+42 
 56082.359548872184  2403581737972115.5  2571619860554702.0  2772093234951407.0  5853.3501942779885   5998.382498634659   6189.311759168506   5.803735404464217e+42   6.150986524466292e+42   6.596982001467596e+42 
 56085.318195488726  2339840431192902.0  2504942551834615.0  2700811546282314.0  5853.3501942779885   5998.382498634659   6189.311759168506  5.5061511388445196e+42   5.834545746635434e+42   6.262123143967837e+42 
  56088.27684210526  2278456485515503.5  2440574958662859.5  2631959926062015.5  5853.3501942779885   5998.382498634659   6189.311759168506  5.2236230585258263e+42  5.5338061723961035e+42   5.946992072395424e+42 
   56091.2354887218  2219244733590288.8  2378414745744943.5  2565432965937288.0  5853.3501942779885   5998.382498634659   6189.311759168506   4.954660779775784e+42   5.255333747129442e+42   5.650256328669316e+42 
 56094.194135338344  2162107015679180.8  2318355574556396.0  2500923547287472.0  5853.3501942779885   5998.382498634659   6189.311759168506   4.705097126672126e+42  4.9958875419776917e+42   5.376857414816502e+42 
  56097.15278195489  2106950293491127.0  2259884414902022.0  2438109739752298.5  5853.3501942779885   5998.382498634659   6189.311759168506   4.469131687342084e+42  4.7523563889775104e+42   5.118359748252197e+42 
  56100.11142857143  2053686329934899.0  2203395155556687.5  2378761846388755.5  5853.3501942779885   5998.382498634659   6189.311759168506   4.247092414259777e+42   4.521245812611396e+42  4.8725588774963313e+42 
  56103.07007518797  2002231578508638.2  2148800399675176.0  2320618595552339.5  5853.3501942779885   5998.382498634659   6189.311759168506   4.036781179541871e+42  4.3034295140341083e+42  4.6405632584476946e+42 
  56106.02872180451  1952521492577770.8  2096017429296489.0  2264341818687750.5  5853.3501942779885   5998.382498634659   6189.311759168506    3.83796338964412e+42   4.096815199980652e+42   4.419504232923279e+42 
           56106.04  1952335155786853.8  2095819227086949.5  2264130241295759.5  5853.3501942779885   5998.382498634659   6189.311759168506   3.837226248428261e+42  4.0960489022419145e+42  4.4186757056883585e+42 
 56108.987368421054  1904637966076681.2  2046271869235985.2  2209832251041025.0  5853.3501942779885   5998.382498634659   6189.311759168506  3.6510860417778724e+42   3.900461102290967e+42   4.208429769131699e+42 
 56111.946015037596  1858523061885092.5  1997339203116434.5  2157032364623110.2  5853.3501942779885   5998.382498634659   6189.311759168506  3.4763086178578764e+42   3.715786534829158e+42  4.0089143799651046e+42 
  56114.90466165414  1814002975422085.2  1949496891494621.5  2105905196226174.5  5853.3501942779885   5998.382498634659   6189.311759168506   3.312697903322974e+42   3.543504377123985e+42    3.82027518367914e+42 
  56117.86330827068  1770956235597626.2  1903760430406980.0  2056364702731296.0  5853.3501942779885   5998.382498634659   6189.311759168506     3.1592236807026e+42   3.381467153804426e+42   3.641835160834764e+42 
  56120.82195488722  1729300764876856.8  1859902476671938.5  2008343923810485.8  5853.3501942779885   5998.382498634659   6189.311759168506   3.014942800575803e+42   3.227327327742244e+42   3.472935698540236e+42 
  56123.78060150376  1688983780752366.8  1818393336792867.0  1961786519435299.5  5853.3501942779885   5998.382498634659   6189.311759168506  2.8770514006284694e+42   3.081763728951091e+42   3.312472870631306e+42 
   56126.7392481203  1649951099729001.0  1778666207986072.5  1916636109632445.0  5853.3501942779885   5998.382498634659   6189.311759168506   2.746361075314265e+42  2.9440091787368095e+42   3.160898002997864e+42 
  56129.69789473684  1611594037979203.0  1739935426327312.8  1872838930166559.0  5853.3501942779885   5998.382498634659   6189.311759168506  2.6222063675336106e+42  2.8106935559062146e+42  3.0181580105589836e+42 
  56132.65654135338  1574295244139605.5  1702654456841043.5  1830343158490098.0  5853.3501942779885   5998.382498634659   6189.311759168506  2.5043138801821105e+42   2.683854768360105e+42    2.88525281768498e+42 
 56135.615187969925  1538131726898277.5  1666124354131102.5  1789591237458587.5  5853.3501942779885   5998.382498634659   6189.311759168506   2.391559982290056e+42   2.562165030816156e+42  2.7593141395410178e+42 
  56138.57383458647  1503058899455589.8  1629424610223824.5  1750446846585475.2  5853.3501942779885   5998.382498634659   6189.311759168506  2.2835837347097417e+42  2.4475716502084876e+42  2.6414925675526547e+42 
  56141.53248120301  1469034446869846.8  1593664278725057.0  1713207225647626.0  5853.3501942779885   5998.382498634659   6189.311759168506   2.181966303497978e+42   2.339275113418943e+42  2.5311859292882122e+42 
  56144.49112781955  1436043892888969.0  1559637847847894.5  1677058984397094.2  5853.3501942779885   5998.382498634659   6189.311759168506  2.0856314923109964e+42   2.236502977848419e+42   2.426655541953311e+42 
  56147.44977443609  1404068988598100.8  1526625014792870.5  1641987235358692.8  5853.3501942779885   5998.382498634659   6189.311759168506  1.9937822981425582e+42  2.1393426942996382e+42  2.3262500365115506e+42 
 56150.408421052634  1373108413662707.0  1494586817954641.0  1606947815301663.8  5853.3501942779885   5998.382498634659   6189.311759168506   1.907592021693353e+42  2.0499574625160446e+42  2.2273988125875682e+42 
 56153.367067669176  1343350975665440.0  1462770608452753.0  1572356766213062.8  5853.3501942779885   5998.382498634659   6189.311759168506   1.827260961319653e+42  1.9646711040342207e+42  2.1314426347732668e+42 
  56156.32571428572  1314692741155920.2  1431387020338733.5  1538728459414725.5  5853.3501942779885   5998.382498634659   6189.311759168506  1.7507753937045635e+42  1.8822668645686132e+42   2.040200212611165e+42 
  56159.28436090225  1287000549185209.8  1400894514254124.0  1506756963058655.8  5853.3501942779885   5998.382498634659   6189.311759168506  1.6784349375289423e+42   1.802848428446912e+42  1.9538880560241037e+42 
 56162.243007518795  1260085795788892.0  1371343942249569.0  1476266243839746.2  5853.3501942779885   5998.382498634659   6189.311759168506  1.6087187711547993e+42  1.7305565561366213e+42  1.8743168957925375e+42 
  56165.20165413534  1233728445776549.0  1342673563863078.0  1446812311616077.5  5853.3501942779885   5998.382498634659   6189.311759168506  1.5418614413320803e+42  1.6617455895151307e+42  1.7991510309891326e+42 
  56168.16030075188  1207643263543875.2  1314563149836241.0  1417737183637781.5  5853.3501942779885   5998.382498634659   6189.311759168506   1.478753402682985e+42  1.5948031584262787e+42  1.7286729365331937e+42 
  56171.11894736842  1182273052795704.2  1287239234775928.5  1388475426384322.0  5853.3501942779885   5998.382498634659   6189.311759168506  1.4185992331191488e+42  1.5310509940089744e+42  1.6596855262664736e+42 
  56174.07759398496  1157545709215465.8  1260674666804005.5  1359947870241829.2  5853.3501942779885   5998.382498634659   6189.311759168506  1.3616750625213899e+42   1.470313336935814e+42  1.5937997267133784e+42 
 56177.036240601505  1133485433513629.5  1234842631487542.5  1333166774524054.5  5853.3501942779885   5998.382498634659   6189.311759168506  1.3065970014337277e+42  1.4103595373961967e+42  1.5337143836646353e+42 
  56179.99488721805  1110069473486517.2  1209243416013008.0  1307900163399132.8  5853.3501942779885   5998.382498634659   6189.311759168506  1.2540432615421369e+42  1.3527698392496204e+42   1.476373901580521e+42 
  56182.95353383459  1087276027844425.2  1184518873559164.5  1283309501036108.8  5853.3501942779885   5998.382498634659   6189.311759168506  1.2043617316203508e+42  1.2996227078344557e+42  1.4202188978153996e+42 
  56185.91218045113  1065084206486892.9  1161069643380194.8  1259371529788414.2  5853.3501942779885   5998.382498634659   6189.311759168506  1.1573894073392953e+42  1.2474519199460493e+42  1.3664085322232467e+42 
  56188.87082706767  1043851460554483.2  1139305357573913.5  1236064012261189.2  5853.3501942779885   5998.382498634659   6189.311759168506  1.1123460143779188e+42  1.1973205500532667e+42  1.3141412131673667e+42 
 56191.829473684214  1023655181326274.5  1118114794422669.1  1213365546077243.8  5853.3501942779885   5998.382498634659   6189.311759168506  1.0695382102238645e+42  1.1504956708711764e+42  1.2639716033681812e+42 
  56194.78812030076  1003591907483512.6  1097478536306612.0  1191102556371463.5  5853.3501942779885   5998.382498634659   6189.311759168506  1.0283467013051319e+42  1.1057853955782565e+42  1.2160519305952689e+42 
  56197.74676691729   983886095467085.5  1076799520499228.8  1167667864727419.0  5853.3501942779885   5998.382498634659   6189.311759168506   9.872493381716198e+41  1.0619780746662004e+42  1.1702660450766651e+42 
  56200.70541353383   964668936557694.4  1056135711613037.8  1145387687921995.2  5853.3501942779885   5998.382498634659   6189.311759168506   9.478566510548499e+41  1.0196230770089803e+42  1.1266656154356959e+42 
 56203.664060150375   946048476405712.8  1036969697528598.5  1124033778150467.9  5853.3501942779885   5998.382498634659   6189.311759168506   9.102280416369933e+41    9.79642006220416e+41  1.0876565603617362e+42 
  56206.62270676692   928047526424894.6  1018127556656103.5  1102712313405633.8  5853.3501942779885   5998.382498634659   6189.311759168506   8.749074115982711e+41    9.42013328307901e+41  1.0503151785961535e+42 
  56209.58135338346   910574667989486.5   999008283565362.2  1081419085378187.4  5853.3501942779885   5998.382498634659   6189.311759168506   8.416346427282374e+41   9.068078281044736e+41  1.0144871308089406e+42 
           56212.54   892983840349658.5   980961086855939.8  1060658065065439.5  5853.3501942779885   5998.382498634659   6189.311759168506   8.091828525784091e+41   8.733082736048192e+41    9.78833042134652e+41 
  56215.49864661654   876054668183921.2   963393252236770.2  1040402529037968.4  5853.3501942779885   5998.382498634659   6189.311759168506   7.789585378882878e+41   8.426701279328322e+41    9.44671721589529e+41 
 56218.457293233085   859980351426570.2   946262862210908.5  1020639648838049.2  5853.3501942779885   5998.382498634659   6189.311759168506   7.494463224873167e+41   8.129782440555377e+41   9.113142257102879e+41 
  56221.41593984963   844736520529006.4   929568908773188.5  1001753679466060.1  5853.3501942779885   5998.382498634659   6189.311759168506   7.213519249766808e+41    7.84299157231296e+41   8.786538211341903e+41 
  56224.37458646617   829867508267391.9   912779265993338.0   984291150215229.8  5853.3501942779885   5998.382498634659   6189.311759168506  6.9445429321577746e+41   7.556326050227992e+41   8.479140143137703e+41 
  56227.33323308271   815361769695224.2   896079863811006.0   967251242586211.2  5853.3501942779885   5998.382498634659   6189.311759168506   6.687336885470841e+41   7.278689847517019e+41   8.206201543416416e+41 
 56230.291879699245   800548134860620.4   879124728889575.6   950620951624043.9  5853.3501942779885   5998.382498634659   6189.311759168506   6.449917845755418e+41   7.028095041186385e+41   7.944070633444329e+41 
  56233.25052631579   786023613449965.5   862176661047900.1   933882619184036.5  5853.3501942779885   5998.382498634659   6189.311759168506  6.2238095301200515e+41    6.78178449707076e+41   7.678086128690899e+41 
  56236.20917293233   771900477743716.9   845625786289499.8   917479375804830.4  5853.3501942779885   5998.382498634659   6189.311759168506   6.004366697816549e+41   6.547033614567602e+41   7.418846332671716e+41 
  56239.16781954887   758109732356026.6   829460664135987.6   901463517499423.1  5853.3501942779885   5998.382498634659   6189.311759168506  5.7871412402736244e+41   6.323246229281364e+41   7.156070081725297e+41 
  56242.12646616541   744256120376630.6   813670258380719.0   885882827379796.4  5853.3501942779885   5998.382498634659   6189.311759168506   5.567966261475155e+41    6.10978390100043e+41   6.892733531685287e+41 
 56245.085112781955   730692657279104.1   798749976896100.1   871302331854535.1  5853.3501942779885   5998.382498634659   6189.311759168506  5.3631940362732376e+41   5.905219904674464e+41   6.668472268337673e+41 
   56248.0437593985   717444950008455.9   785214354872875.0   857097185218494.1  5853.3501942779885   5998.382498634659   6189.311759168506  5.1721325300497786e+41   5.707923626289257e+41  6.4290718535638414e+41 
  56251.00240601504   704968035533459.5   771937246560106.2   843215774636387.1  5853.3501942779885   5998.382498634659   6189.311759168506   4.990688005156438e+41   5.507773749484416e+41   6.193756797831338e+41 
  56253.96105263158   693535012400568.6   758123398276671.0   829073363055663.9  5853.3501942779885   5998.382498634659   6189.311759168506  4.8071880457480666e+41   5.322127102438924e+41   5.973827177110503e+41 
  56256.91969924812   682201197439379.2   744543604565036.8   815910887950954.0  5853.3501942779885   5998.382498634659   6189.311759168506   4.634392302484449e+41   5.146379739557152e+41   5.767101229390221e+41 
 56259.878345864665   670540918504943.8   730774398348681.2   803436989471814.6  5853.3501942779885   5998.382498634659   6189.311759168506    4.46900052598956e+41    4.96848285972222e+41   5.568455096033515e+41 
  56262.83699248121   659257248961542.5   718128390558726.5   790913558636621.4  5853.3501942779885   5998.382498634659   6189.311759168506   4.308283825820532e+41  4.7967161207631794e+41   5.379793558601866e+41 
  56265.79563909775   648452163657751.1   706093969993437.0   778151972175924.1  5853.3501942779885   5998.382498634659   6189.311759168506   4.155926947421286e+41   4.632107370548265e+41    5.21367124088151e+41 
  56268.75428571428   637183345387906.8   694532796563998.5   765317151650703.5  5853.3501942779885   5998.382498634659   6189.311759168506   4.017537195183403e+41  4.4723895796445654e+41   5.053689392397853e+41 
 56271.712932330825   625666753614635.1   683384022409429.5   752992216009757.8  5853.3501942779885   5998.382498634659   6189.311759168506   3.881191221072032e+41   4.321859822047079e+41   4.899585046382133e+41 
  56274.67157894737   614403719358931.2   671734493630024.8   741305662372973.4  5853.3501942779885   5998.382498634659   6189.311759168506   3.745421097084764e+41   4.176992629280614e+41   4.751093337956382e+41 
  56277.63022556391   603575557729052.2   660339953835773.0   728727155029964.9  5853.3501942779885   5998.382498634659   6189.311759168506   3.616095906485777e+41   4.036470727758256e+41  4.6077469095613864e+41 
  56280.58887218045   593452487225861.1   649193537142381.5   716359514346819.8  5853.3501942779885   5998.382498634659   6189.311759168506   3.491785328080602e+41   3.899905684401934e+41   4.463254933516886e+41 
  56283.54751879699   583330959959888.2   638288604061825.1   704554385324899.4  5853.3501942779885   5998.382498634659   6189.311759168506  3.3722664705310122e+41   3.771542304339949e+41   4.314588289458919e+41 
 56286.506165413535   574134675717606.4   628119178418270.5   693786383878997.2  5853.3501942779885   5998.382498634659   6189.311759168506  3.2583742713204885e+41  3.6484086035306974e+41   4.179601037262982e+41 
  56289.46481203008   564896753670350.5   618348207206451.8   683253831572560.8  5853.3501942779885   5998.382498634659   6189.311759168506  3.1490716936238254e+41  3.5342599486052455e+41   4.056954306215105e+41 
  56292.42345864662  555349233504242.56   608783946745396.2   672746594595826.8  5853.3501942779885   5998.382498634659   6189.311759168506   3.043925475738555e+41  3.4236862224128474e+41  3.9386362563671575e+41 
  56295.38210526316   546002266088307.8   599254284018769.0   662627421135870.2  5853.3501942779885   5998.382498634659   6189.311759168506  2.9380463804041823e+41   3.316567459681709e+41   3.825067359270554e+41 
   56298.3407518797  536854099657908.25   589593781092842.4   652990788836556.5  5853.3501942779885   5998.382498634659   6189.311759168506   2.835083445081078e+41  3.2146601448573323e+41   3.716034766535398e+41 
 56301.299398496245  527899763781753.06   580775520274741.0   643552502346106.5  5853.3501942779885   5998.382498634659   6189.311759168506  2.7368839540218174e+41   3.119470436631801e+41   3.609994067616514e+41 
  56304.25804511278  519134285622736.06   572218473878683.0   634307372206198.4  5853.3501942779885   5998.382498634659   6189.311759168506   2.645370182732934e+41  3.0223525881942707e+41   3.505698486256022e+41 
  56307.21669172932   510552842748180.0   563836130366269.8   625238229418863.8  5853.3501942779885   5998.382498634659   6189.311759168506  2.5575269838724796e+41  2.9283027831495364e+41  3.4024316786576357e+41 
  56310.17533834586   502150761555621.5  555131186916418.75   615647115803090.1  5853.3501942779885   5998.382498634659   6189.311759168506  2.4729476880297667e+41   2.837644489404923e+41  3.3042517431651363e+41 
 56313.133984962406  493923512052874.94  546536369842121.25   606252746507388.0  5853.3501942779885   5998.382498634659   6189.311759168506  2.3889472496508685e+41  2.7502395473179867e+41  3.2100232334166695e+41 
  56316.09263157895   485866702586752.4   537884163241052.0   597050137813510.5  5853.3501942779885   5998.382498634659   6189.311759168506  2.3079461245858732e+41  2.6691811507306856e+41   3.120314070098961e+41 
  56319.05127819549   477731805509175.4   529396317473561.3   587835752560079.0  5853.3501942779885   5998.382498634659   6189.311759168506   2.230247274605659e+41  2.5903920310486162e+41  3.0336356627933356e+41 
  56322.00992481203   469850142126146.7   521173273560190.3   578924932031346.1  5853.3501942779885   5998.382498634659   6189.311759168506   2.155428395843755e+41   2.518325893631111e+41  2.9498688980015758e+41 
  56324.96857142857   462260096042750.4  513116871211494.75   570817617807240.0  5853.3501942779885   5998.382498634659   6189.311759168506   2.083372384711008e+41  2.4449600716784912e+41  2.8688999640079162e+41 
 56327.927218045115   455044241520692.4   504955701328500.2   562871212037043.7  5853.3501942779885   5998.382498634659   6189.311759168506  2.0145862595011526e+41  2.3735815193124273e+41  2.7906200340265563e+41 
  56330.88586466166   447960444650417.9   496746857491569.0   555081665106604.1  5853.3501942779885   5998.382498634659   6189.311759168506  1.9488642261187893e+41  2.2998239611199916e+41   2.714925162736298e+41 
   56333.8445112782   440942108718594.9  488732946896501.75   547445051258360.3  5853.3501942779885   5998.382498634659   6189.311759168506   1.884664363087462e+41  2.2286696590511657e+41   2.641715978103995e+41 
  56336.80315789474   433995998193246.7   481096131664180.4   539957564098714.5  5853.3501942779885   5998.382498634659   6189.311759168506   1.821370794677632e+41   2.160088200284121e+41   2.570897455745314e+41 
 56339.761804511276   427188907688678.5   473929849461421.0  532615512294066.94  5853.3501942779885   5998.382498634659   6189.311759168506  1.7604343488669153e+41  2.0968685165769284e+41   2.502378705627539e+41 
  56342.72045112782  420517504682146.56  466740851835697.44   525415315446681.5  5853.3501942779885   5998.382498634659   6189.311759168506   1.702099461444222e+41   2.039104881703399e+41   2.436072770371366e+41 
  56345.67909774436   413978550649570.9  459447986058177.25  518353502606249.94  5853.3501942779885   5998.382498634659   6189.311759168506  1.6464578827303368e+41   1.978149525710516e+41  2.3718964344623595e+41 
   56348.6377443609   407619173994576.9   452531110540792.5   511409960628511.9  5853.3501942779885   5998.382498634659   6189.311759168506  1.5945356081246793e+41  1.9185550691127044e+41  2.3092445285208804e+41 
 56351.596390977444  401517716862909.06   445838945028502.1   504570535944267.8  5853.3501942779885   5998.382498634659   6189.311759168506  1.5441485169013824e+41     1.8641271040431e+41  2.2473495269445708e+41 
 56354.555037593986  395267392228490.44  439112653390585.25   497860713971437.6  5853.3501942779885   5998.382498634659   6189.311759168506  1.4979777889680815e+41   1.809548187561558e+41   2.187436383860766e+41 
  56357.51368421053  389139164963900.25   432660514371271.5   491277395857270.5  5853.3501942779885   5998.382498634659   6189.311759168506  1.4529424204312888e+41   1.755124600879215e+41   2.128558159069289e+41 
  56360.47233082707   383163449739285.2   426742946819846.0   484817573701818.6  5853.3501942779885   5998.382498634659   6189.311759168506   1.408896523081488e+41  1.7025650462916846e+41  2.0712276204486153e+41 
  56363.43097744361   377007503699324.3  420849783875318.94   478478323291009.6  5853.3501942779885   5998.382498634659   6189.311759168506  1.3663628442386878e+41  1.6517984503493928e+41  2.0166518282321328e+41 
  56366.38962406015  370907367981579.75  415067628056155.44   472256805513487.2  5853.3501942779885   5998.382498634659   6189.311759168506   1.323307517878463e+41  1.6040725222388482e+41   1.965483405396744e+41 
 56369.348270676695  365062520364144.75  409208788401186.75   466150262042301.0  5853.3501942779885   5998.382498634659   6189.311759168506  1.2809919451486014e+41  1.5580475866298624e+41  1.9158667810411394e+41 
  56372.30691729324   359332374898868.6   403048919173652.9  460153046282531.06  5853.3501942779885   5998.382498634659   6189.311759168506  1.2408395047569764e+41  1.5131590251879957e+41  1.8678057216294418e+41 
  56375.26556390977  353447229576066.44   397008585333700.9   454271411221251.7  5853.3501942779885   5998.382498634659   6189.311759168506  1.2020678701220333e+41  1.4697696001067918e+41  1.8211880130933475e+41 
 56378.224210526314   347690821379892.3   391281419240798.0   448572205538082.1  5853.3501942779885   5998.382498634659   6189.311759168506  1.1646564752110712e+41  1.4314234339961593e+41   1.776421800834285e+41 
 56381.182857142856   342048952708875.8   385850096901724.3   443064127423421.4  5853.3501942779885   5998.382498634659   6189.311759168506   1.127586136076175e+41  1.3923136874370998e+41   1.733077075620083e+41 
   56384.1415037594   336603593727431.8   380448479866987.9  437653735755384.06  5853.3501942779885   5998.382498634659   6189.311759168506   1.091939257107136e+41  1.3528223953756416e+41  1.6910207819082703e+41 
  56387.10015037594  331265571038527.06  375168807250192.75  432338824724194.94  5853.3501942779885   5998.382498634659   6189.311759168506  1.0575202092092178e+41  1.3113411392403435e+41  1.6502082623257628e+41 
  56390.05879699248   326246125346288.5   370025363785394.6   427117248768766.9  5853.3501942779885   5998.382498634659   6189.311759168506  1.0242831707790948e+41   1.272920738524222e+41  1.6105966194255684e+41 
 56393.017443609024  321320743181593.94   365380916544674.1   421986920637192.4  5853.3501942779885   5998.382498634659   6189.311759168506   9.921841761633341e+40   1.237743997113788e+41  1.5721446384178618e+41 
 56395.976090225566   316560730391931.2   360819107782135.7   416945809571746.2  5853.3501942779885   5998.382498634659   6189.311759168506   9.611810284171457e+40  1.2039348565355433e+41  1.5348127132618448e+41 
  56398.93473684211   311902839013832.9   356194089811077.5   411991939486200.3  5853.3501942779885   5998.382498634659   6189.311759168506   9.312726076418748e+40   1.171197805412204e+41  1.4985627763326024e+41 
  56401.89338345865   307470029473264.7   351301620215773.5  407123387220864.25  5853.3501942779885   5998.382498634659   6189.311759168506   9.027526133583882e+40  1.1399141934403432e+41  1.4632745605021836e+41 
  56404.85203007519   303150826691443.1   346497987935145.1  402338280867224.44  5853.3501942779885   5998.382498634659   6189.311759168506   8.751921179195677e+40  1.1108489796667337e+41  1.4288713334472678e+41 
  56407.81067669173  298910480058996.44   341781267674850.9  397634798153450.44  5853.3501942779885   5998.382498634659   6189.311759168506   8.480135875236377e+40  1.0826661700347297e+41  1.3954550310694164e+41 
  56410.76932330827   294592346986196.3   337149583357981.1   392284838620731.5  5853.3501942779885   5998.382498634659   6189.311759168506   8.213396710936459e+40    1.05533520263052e+41  1.3629926318986103e+41 
  56413.72796992481  289879656778376.44  332519522008844.75   387804668835204.0  5853.3501942779885   5998.382498634659   6189.311759168506   7.955705578290655e+40    1.02882669898298e+41  1.3314523701869797e+41 
  56416.68661654135  285267076587238.56  327550745818712.25  383395094722059.06  5853.3501942779885   5998.382498634659   6189.311759168506   7.709646731596653e+40   1.003112413341574e+41    1.30080368247971e+41 
 56419.645263157894   281209096537406.5   322809170180787.9   379058923861483.2  5853.3501942779885   5998.382498634659   6189.311759168506    7.47567797704017e+40    9.78165184343911e+40  1.2696394583308151e+41 
 56422.603909774436  277413938894368.78   318551840465391.0   374794582039723.0  5853.3501942779885   5998.382498634659   6189.311759168506   7.254641922602307e+40   9.539588889520598e+40   1.239798504100456e+41 
  56425.56255639098  273279562431151.34   314350008985949.4  370600536091813.06  5853.3501942779885   5998.382498634659   6189.311759168506   7.040847382337692e+40   9.304683985404241e+40  1.2121391565382203e+41 
  56428.52120300752  269158237573395.72   310175683348154.6   366475292636369.4  5853.3501942779885   5998.382498634659   6189.311759168506   6.839745924453794e+40    9.07472069951375e+40  1.1849595291729349e+41 
  56431.47984962406   265192586469770.4  305914478069859.94  362386703770149.75  5853.3501942779885   5998.382498634659   6189.311759168506   6.647388213970147e+40   8.850197529073292e+40  1.1585272860655009e+41 
 56434.438496240604   261439934066511.3   302052342421417.0   358348576412114.9  5853.3501942779885   5998.382498634659   6189.311759168506   6.461147824066296e+40   8.632290147883432e+40  1.1328183423634492e+41 
 56437.397142857146  257753838075325.38   298259985306294.8  354376259194726.44  5853.3501942779885   5998.382498634659   6189.311759168506   6.280810635364653e+40    8.42111833286859e+40   1.107809498297626e+41 
  56440.35578947369   254132917950404.7   294735352648801.9   350468375622340.4  5853.3501942779885   5998.382498634659   6189.311759168506   6.106170707112876e+40   8.220932276311056e+40  1.0834784027201222e+41 
  56443.31443609023  250637835543649.94  291449146551379.56   346623584060540.7  5853.3501942779885   5998.382498634659   6189.311759168506   5.937029937015751e+40   8.026481508398082e+40  1.0598035183062997e+41 
 56446.273082706764  247252029213162.38   288216362065086.3   342840576695083.5  5853.3501942779885   5998.382498634659   6189.311759168506   5.773197737438766e+40   7.837577143185395e+40  1.0367640883379176e+41 
 56449.231729323306  243497426328431.84   284974910959500.5   338985273105935.5  5853.3501942779885   5998.382498634659   6189.311759168506      5.614490736706e+40   7.654037275712082e+40  1.0143401049875802e+41 
  56452.19037593985   239809651019894.4   281512914032427.3  335015903083144.94  5853.3501942779885   5998.382498634659   6189.311759168506   5.459871696059126e+40   7.475605442608471e+40   9.925122800512731e+40 
  56455.14902255639  236187346825683.88   278028435086316.5   330936617024502.1  5853.3501942779885   5998.382498634659   6189.311759168506    5.30798228071973e+40   7.295027471880921e+40   9.712620137583615e+40 
  56458.10766917293  232629189250076.44   274197245349848.2  326925498085993.44  5853.3501942779885   5998.382498634659   6189.311759168506   5.152494577977802e+40   7.111857389694448e+40   9.505713676301158e+40 
 56461.066315789474  229133884882406.66  270530791177760.25  322981174757523.75  5853.3501942779885   5998.382498634659   6189.311759168506   5.003421541661369e+40   6.938400558495282e+40    9.30423040008849e+40 
 56464.024962406016   225712114341496.8  267159112918605.06   319176498586222.0  5853.3501942779885   5998.382498634659   6189.311759168506  4.8651252025773485e+40   6.775138525046578e+40   9.106935977686546e+40 
  56466.98360902256   222407664846990.0  263534130370264.66   315857273197496.3  5853.3501942779885   5998.382498634659   6189.311759168506   4.731763385383141e+40   6.616480773482367e+40    8.91476533964622e+40 
   56469.9422556391  219160983105705.28   260047910905368.2   312588849528378.0  5853.3501942779885   5998.382498634659   6189.311759168506   4.602980506416139e+40   6.462279042014376e+40   8.727583491057536e+40 
  56472.90090225564   215970916442097.6   256771648788620.8  309370224152715.56  5853.3501942779885   5998.382498634659   6189.311759168506   4.479704271983071e+40   6.312390391683805e+40   8.545238680775807e+40 
 56475.859548872184  212933102589008.03  253619443030200.94   306199749396754.0  5853.3501942779885   5998.382498634659   6189.311759168506   4.360185652886375e+40   6.166676984598094e+40   8.367529432759243e+40 
 56478.818195488726  209981148022308.72   250807016358998.0   303078233202590.7  5853.3501942779885   5998.382498634659   6189.311759168506    4.24423604538337e+40   6.024980149984135e+40   8.194478524045743e+40 
  56481.77684210526  207125171078836.34  248039235568070.34   300003458201994.6  5853.3501942779885   5998.382498634659   6189.311759168506   4.131921108346569e+40   5.887589973427021e+40   8.025786533400497e+40 
   56484.7354887218  204545664192453.72  245315341734855.62  296974463615155.25  5853.3501942779885   5998.382498634659   6189.311759168506  4.0229376775879695e+40    5.74678642930558e+40   7.861374428178181e+40 
 56487.694135338344   202009315060064.4  242567373989365.28   293990596150046.7  5853.3501942779885   5998.382498634659   6189.311759168506    3.91723400651694e+40  5.6099777388771475e+40    7.70111544913291e+40 
  56490.65278195489   199515278256832.2   239677926237311.2  291050989164677.06  5853.3501942779885   5998.382498634659   6189.311759168506   3.813883643736155e+40   5.482904953013057e+40   7.544886489556183e+40 
  56493.61142857143   197124630133881.5   236835725065410.1  288154792492143.44  5853.3501942779885   5998.382498634659   6189.311759168506  3.7126778829628715e+40   5.365385112237439e+40    7.39256858953909e+40 
  56496.57007518797  194444567097372.38  234039850182372.44   285301177108719.4  5853.3501942779885   5998.382498634659   6189.311759168506  3.6145172313882245e+40   5.250943522575721e+40   7.242750528710242e+40 
  56499.52872180451   191862355989555.5  231289401983291.06   282489333171386.0  5853.3501942779885   5998.382498634659   6189.311759168506  3.5193012603760885e+40   5.139486574032965e+40   7.095475296011397e+40 
 56502.487368421054  189323771786402.97  228584106006123.06   279718469498722.1  5853.3501942779885   5998.382498634659   6189.311759168506   3.426933130822525e+40   5.027531530377539e+40   6.951886760406206e+40 
 56505.446015037596  186827969883676.75   226120693189891.8  276987813063846.72  5853.3501942779885   5998.382498634659   6189.311759168506  3.3373194545205467e+40   4.915144522624689e+40   6.811877041901518e+40 
  56508.40466165414   184374124392559.1  223695500567767.25   274296608507177.4  5853.3501942779885   5998.382498634659   6189.311759168506   3.250370161307218e+40   4.805737521378092e+40    6.67534184117383e+40 
  56511.36330827068   181961427657342.4   221193844309225.3  271644117662693.56  5853.3501942779885   5998.382498634659   6189.311759168506  3.1659983717351157e+40   4.703069824082306e+40   6.542180300747241e+40 
  56514.32195488722  179589089787458.94   218610716663232.5  269029619098321.25  5853.3501942779885   5998.382498634659   6189.311759168506  3.0841202750192686e+40   4.603792192453123e+40   6.412294883760299e+40 
  56517.28060150376  177256338203523.44  216068954644496.44  266452407670910.66  5853.3501942779885   5998.382498634659   6189.311759168506   3.004655012023581e+40   4.507074096491139e+40   6.285591251921463e+40 
   56520.2392481203  174962417196791.22   213567772561284.8  263911794094808.75  5853.3501942779885   5998.382498634659   6189.311759168506    2.92752456306127e+40   4.412839118650761e+40   6.161978147911028e+40 
  56523.19789473684   172706587501640.8  211232326868673.28  261387521722963.25  5853.3501942779885   5998.382498634659   6189.311759168506  2.8526536740596516e+40   4.321013406330691e+40   6.041367283343043e+40 
  56526.15654135338  170416083860276.72  209023186394572.12   258890156654532.2  5853.3501942779885   5998.382498634659   6189.311759168506  2.7799696538257362e+40   4.231525576621181e+40   5.923673231207005e+40 
 56529.115187969925  168163278817013.56  206847478487994.47  256428181006743.38  5853.3501942779885   5998.382498634659   6189.311759168506   2.709402366826385e+40  4.1443066249282484e+40   5.808813322606737e+40 
  56532.07383458647  165987758620744.06   204704577446204.8   254000946203121.9  5853.3501942779885   5998.382498634659   6189.311759168506  2.6387028000667974e+40  4.0592898373056393e+40   5.699024560366911e+40 
  56535.03248120301   163848184759659.8   202605237991388.5  251607818020928.97  5853.3501942779885   5998.382498634659   6189.311759168506   2.568352869347172e+40  3.9764107063297364e+40   5.592228942795308e+40 
  56537.99112781955   161743883792080.3  200554498783744.88   249248176235999.8  5853.3501942779885   5998.382498634659   6189.311759168506   2.500095914698842e+40  3.8956068503604628e+40   5.487917837947018e+40 
  56540.94977443609   159512258139227.6  198534100888890.56  246921414251394.34  5853.3501942779885   5998.382498634659   6189.311759168506   2.433864515825274e+40  3.8168179360408467e+40   5.386023047132595e+40 
 56543.908421052634  157293225041449.97   196543483524905.4   244626938673360.3  5853.3501942779885   5998.382498634659   6189.311759168506   2.369593582928574e+40  3.7389259506446924e+40   5.286478509751552e+40 
 56546.867067669176  155110846024551.22  194454964406248.94  242364169088145.75  5853.3501942779885   5998.382498634659   6189.311759168506   2.307220270383963e+40   3.662687003847091e+40   5.189220228270461e+40 
  56549.82571428572   152964442784889.7  192308388177524.53  240132537684915.38  5853.3501942779885   5998.382498634659   6189.311759168506  2.2466838938448896e+40   3.588352552114689e+40   5.094186196106788e+40 
  56552.78436090225   150853351246045.8  190194917284154.47  237931488935914.75  5853.3501942779885   5998.382498634659   6189.311759168506   2.187925850631207e+40   3.515867516051307e+40   5.000538068742527e+40 
 56555.743007518795   148797725210903.0  188113942495936.47  235760479286017.03  5853.3501942779885   5998.382498634659   6189.311759168506  2.1308895458121167e+40  3.4451786028966207e+40    4.90809225275038e+40 
  56558.70165413534  146862757183848.06  186247425289187.03  233618976851320.06  5853.3501942779885   5998.382498634659   6189.311759168506  2.0755203147519645e+40   3.376234242612322e+40   4.817770368257558e+40 
  56561.66030075188  144959191980036.62  184418446648255.47  231506461126447.84  5853.3501942779885   5998.382498634659   6189.311759168506  2.0217653483855765e+40   3.308984526464577e+40   4.729515011463653e+40 
  56564.61894736842  143086454524450.47  182615868251775.16  229426766343611.97  5853.3501942779885   5998.382498634659   6189.311759168506    1.96957363556996e+40   3.243381147998764e+40   4.643270510325811e+40 
  56567.57759398496  141277105498713.25   180839213163709.6   227402413295937.0  5853.3501942779885   5998.382498634659   6189.311759168506  1.9188958933438518e+40    3.17937734630907e+40   4.558982908856679e+40 
 56570.536240601505  139600516321882.45   179065575425617.9  225404773085677.47  5853.3501942779885   5998.382498634659   6189.311759168506  1.8696845042970317e+40  3.1169278514996856e+40   4.476599902776522e+40 
  56573.49488721805  137950546927213.11  177189141973834.84   223433386125568.4  5853.3501942779885   5998.382498634659   6189.311759168506  1.8218934564645177e+40  3.0559888342362473e+40   4.396070778105758e+40 
  56576.45353383459   136326713186550.8   175340820469029.5  221487802408316.22  5853.3501942779885   5998.382498634659   6189.311759168506  1.7754782851598173e+40   2.996517850876941e+40   4.317346357305081e+40 
  56579.41218045113  134728540848738.31   173520103506293.8  219567581273379.94  5853.3501942779885   5998.382498634659   6189.311759168506   1.731099669011633e+40  2.9384737959156096e+40   4.240378947422684e+40 
  56582.37082706767  133155565278731.62   171726494109116.1  217672291180215.03  5853.3501942779885   5998.382498634659   6189.311759168506  1.6880614545952935e+40  2.8818168589252775e+40   4.165122290166346e+40 
 56585.329473684214  131607331234516.36   169959505485223.8   215801509487894.1  5853.3501942779885   5998.382498634659   6189.311759168506  1.6462414924575956e+40  2.8265084776333106e+40  4.0915315138232024e+40 
  56588.28812030076  129982515092574.81  168268702890053.56   213954822240781.6  5853.3501942779885   5998.382498634659   6189.311759168506   1.605602178262344e+40   2.772511294755526e+40   4.020225650919286e+40 
  56591.24676691729  128306671633233.88   166680860926726.5  212131823960185.44  5853.3501942779885   5998.382498634659   6189.311759168506  1.5628932883870563e+40   2.719789116460593e+40  3.9509098985286835e+40 
  56594.20541353383  126657555747245.16   165115217158162.8  210332117441725.38  5853.3501942779885   5998.382498634659   6189.311759168506  1.5213566971814717e+40  2.6683068723979053e+40  3.8830846952191156e+40 
 56597.164060150375   125034692585814.7  163571381259147.84  208555313558161.66  5853.3501942779885   5998.382498634659   6189.311759168506   1.481033832895287e+40    2.61780664812004e+40   3.816712008806297e+40 
  56600.12270676692   123594002333464.1   161931909812030.5  206801031067806.72  5853.3501942779885   5998.382498634659   6189.311759168506   1.442114522668598e+40  2.5672162018113016e+40    3.75175492041692e+40 
  56603.08135338346  122261843149689.08   160192916377006.3  205068896427989.62  5853.3501942779885   5998.382498634659   6189.311759168506  1.4048058389611647e+40  2.5175356067887437e+40   3.686944977770507e+40 
           56606.04  120955032167407.28  158479807959669.78   203358543613619.0  5853.3501942779885   5998.382498634659   6189.311759168506  1.3685700628036404e+40   2.468807885866245e+40   3.623388512781368e+40 
