# Wavelength Flux
# STATUS = PUBLIC
# OBJECT = LSQ14an
# TELESCOPE =
# INSTRUMENT =
# DATE-OBS =
# MJD =
# EXPTIME =
# SLIT =
# DISPERSER =
# SOURCE =
# FILTER =
# FLUX_STANDARD =
# EXTINCTION_CORRECTED =
# PHOTOMETRY_CALIBRATED =
# FLUX_UNITS =
# QUALITY =
# MIN_WAVE =
# MAX_WAVE =
# COMMENT =
3668.6253407 1.21961e-16
3674.15061073 1.14738e-16
3679.67588076 1.24398e-16
3685.20115078 1.01316e-16
3690.72642081 1.18817e-16
3696.25169084 1.37704e-16
3701.77696087 1.26358e-16
3707.3022309 1.32346e-16
3712.82750092 1.29215e-16
3718.35277095 1.35534e-16
3723.87804098 1.27183e-16
3729.40331101 1.30401e-16
3734.92858104 1.48699e-16
3740.45385106 1.31783e-16
3745.97912109 1.27058e-16
3751.50439112 1.2051e-16
3757.02966115 1.45908e-16
3762.55493118 1.25563e-16
3768.0802012 1.25398e-16
3773.60547123 1.30552e-16
3779.13074126 1.36639e-16
3784.65601129 1.18395e-16
3790.18128132 1.3134e-16
3795.70655134 1.30528e-16
3801.23182137 1.28293e-16
3806.7570914 1.32688e-16
3812.28236143 1.21623e-16
3817.80763146 1.38758e-16
3823.33290148 1.28557e-16
3828.85817151 1.29097e-16
3834.38344154 1.29105e-16
3839.90871157 1.2053e-16
3845.4339816 1.2098e-16
3850.95925162 1.20437e-16
3856.48452165 1.18249e-16
3862.00979168 1.18591e-16
3867.53506171 1.27809e-16
3873.06033174 1.35733e-16
3878.58560176 1.29907e-16
3884.11087179 1.17123e-16
3889.63614182 1.1917e-16
3895.16141185 1.33964e-16
3900.68668188 1.31476e-16
3906.2119519 1.3164e-16
3911.73722193 1.23532e-16
3917.26249196 1.14538e-16
3922.78776199 1.34933e-16
3928.31303202 1.20181e-16
3933.83830204 1.36298e-16
3939.36357207 1.28571e-16
3944.8888421 1.31474e-16
3950.41411213 1.29487e-16
3955.93938216 1.29389e-16
3961.46465218 1.17649e-16
3966.98992221 1.32742e-16
3972.51519224 1.2508e-16
3978.04046227 1.24733e-16
3983.5657323 1.36791e-16
3989.09100232 1.32305e-16
3994.61627235 1.30751e-16
4000.14154238 1.30955e-16
4005.66681241 1.34985e-16
4011.19208244 1.32247e-16
4016.71735246 1.13699e-16
4022.24262249 1.32888e-16
4027.76789252 1.37265e-16
4033.29316255 1.30087e-16
4038.81843258 1.23416e-16
4044.3437026 1.29489e-16
4049.86897263 1.15806e-16
4055.39424266 1.31536e-16
4060.91951269 1.27818e-16
4066.44478272 1.3402e-16
4071.97005274 1.37548e-16
4077.49532277 1.33868e-16
4083.0205928 1.43317e-16
4088.54586283 1.36512e-16
4094.07113286 1.4637e-16
4099.59640288 1.38755e-16
4105.12167291 1.30172e-16
4110.64694294 1.38908e-16
4116.17221297 1.343e-16
4121.697483 1.49275e-16
4127.22275302 1.4458e-16
4132.74802305 1.46221e-16
4138.27329308 1.44608e-16
4143.79856311 1.41669e-16
4149.32383313 1.4365e-16
4154.84910316 1.44103e-16
4160.37437319 1.36807e-16
4165.89964322 1.36468e-16
4171.42491325 1.47931e-16
4176.95018327 1.49252e-16
4182.4754533 1.47212e-16
4188.00072333 1.35722e-16
4193.52599336 1.5018e-16
4199.05126339 1.47104e-16
4204.57653341 1.49018e-16
4210.10180344 1.37111e-16
4215.62707347 1.45066e-16
4221.1523435 1.38882e-16
4226.67761353 1.39817e-16
4232.20288355 1.41746e-16
4237.72815358 1.28766e-16
4243.25342361 1.39257e-16
4248.77869364 1.23484e-16
4254.30396367 1.2669e-16
4259.82923369 1.20729e-16
4265.35450372 1.11294e-16
4270.87977375 1.2208e-16
4276.40504378 1.23349e-16
4281.93031381 1.25603e-16
4287.45558383 1.2682e-16
4292.98085386 1.3132e-16
4298.50612389 1.43331e-16
4304.03139392 1.37626e-16
4309.55666395 1.36421e-16
4315.08193397 1.52725e-16
4320.607204 1.42731e-16
4326.13247403 1.50222e-16
4331.65774406 1.79852e-16
4337.18301409 2.18064e-16
4342.70828411 2.21661e-16
4348.23355414 1.94081e-16
4353.75882417 1.65062e-16
4359.2840942 1.44688e-16
4364.80936423 1.49665e-16
4370.33463425 1.5321e-16
4375.85990428 1.52375e-16
4381.38517431 1.55213e-16
4386.91044434 1.45869e-16
4392.43571437 1.4091e-16
4397.96098439 1.49109e-16
4403.48625442 1.45756e-16
4409.01152445 1.44672e-16
4414.53679448 1.42443e-16
4420.06206451 1.39363e-16
4425.58733453 1.40159e-16
4431.11260456 1.42296e-16
4436.63787459 1.42704e-16
4442.16314462 1.35239e-16
4447.68841465 1.42884e-16
4453.21368467 1.39372e-16
4458.7389547 1.51099e-16
4464.26422473 1.54806e-16
4469.78949476 1.37747e-16
4475.31476479 1.52266e-16
4480.84003481 1.46126e-16
4486.36530484 1.46067e-16
4491.89057487 1.41606e-16
4497.4158449 1.5486e-16
4502.94111493 1.65673e-16
4508.46638495 1.61456e-16
4513.99165498 1.52509e-16
4519.51692501 1.51009e-16
4525.04219504 1.5409e-16
4530.56746507 1.58106e-16
4536.09273509 1.4746e-16
4541.61800512 1.43246e-16
4547.14327515 1.44282e-16
4552.66854518 1.43888e-16
4558.19381521 1.52207e-16
4563.71908523 1.45505e-16
4569.24435526 1.44348e-16
4574.76962529 1.56357e-16
4580.29489532 1.49485e-16
4585.82016535 1.60758e-16
4591.34543537 1.51121e-16
4596.8707054 1.55339e-16
4602.39597543 1.64278e-16
4607.92124546 1.64361e-16
4613.44651549 1.6977e-16
4618.97178551 1.6749e-16
4624.49705554 1.68148e-16
4630.02232557 1.74423e-16
4635.5475956 1.72461e-16
4641.07286563 1.6866e-16
4646.59813565 1.70392e-16
4652.12340568 1.76071e-16
4657.64867571 1.78126e-16
4663.17394574 1.70609e-16
4668.69921577 1.58308e-16
4674.22448579 1.57099e-16
4679.74975582 1.47951e-16
4685.27502585 1.46459e-16
4690.80029588 1.4404e-16
4696.32556591 1.44605e-16
4701.85083593 1.37496e-16
4707.37610596 1.34602e-16
4712.90137599 1.36472e-16
4718.42664602 1.29365e-16
4723.95191605 1.35696e-16
4729.47718607 1.39422e-16
4735.0024561 1.33511e-16
4740.52772613 1.32526e-16
4746.05299616 1.29596e-16
4751.57826619 1.31314e-16
4757.10353621 1.37895e-16
4762.62880624 1.35177e-16
4768.15407627 1.409e-16
4773.6793463 1.43039e-16
4779.20461633 1.44306e-16
4784.72988635 1.36026e-16
4790.25515638 1.37987e-16
4795.78042641 1.41614e-16
4801.30569644 1.43678e-16
4806.83096647 1.40774e-16
4812.35623649 1.43832e-16
4817.88150652 1.45256e-16
4823.40677655 1.42097e-16
4828.93204658 1.47662e-16
4834.45731661 1.46569e-16
4839.98258663 1.39108e-16
4845.50785666 1.37551e-16
4851.03312669 1.35072e-16
4856.55839672 1.36881e-16
4862.08366675 1.25994e-16
4867.60893677 1.30953e-16
4873.1342068 1.34255e-16
4878.65947683 1.25414e-16
4884.18474686 1.27599e-16
4889.71001689 1.32447e-16
4895.23528691 1.3236e-16
4900.76055694 1.36309e-16
4906.28582697 1.32952e-16
4911.811097 1.34442e-16
4917.33636703 1.30683e-16
4922.86163705 1.27921e-16
4928.38690708 1.25553e-16
4933.91217711 1.23594e-16
4939.43744714 1.33412e-16
4944.96271717 1.31318e-16
4950.48798719 1.23349e-16
4956.01325722 1.27434e-16
4961.53852725 1.22129e-16
4967.06379728 1.27692e-16
4972.58906731 1.29623e-16
4978.11433733 1.26075e-16
4983.63960736 1.25981e-16
4989.16487739 1.28124e-16
4994.69014742 1.2627e-16
5000.21541745 1.36738e-16
5005.74068747 1.28086e-16
5011.2659575 1.29586e-16
5016.79122753 1.35939e-16
5022.31649756 1.32216e-16
5027.84176759 1.40491e-16
5033.36703761 1.39213e-16
5038.89230764 1.45352e-16
5044.41757767 1.51693e-16
5049.9428477 1.62467e-16
5055.46811773 1.57306e-16
5060.99338775 1.62498e-16
5066.51865778 1.40143e-16
5072.04392781 1.48389e-16
5077.56919784 1.36445e-16
5083.09446786 1.38934e-16
5088.61973789 1.33272e-16
5094.14500792 1.22779e-16
5099.67027795 1.23637e-16
5105.19554798 1.24734e-16
5110.720818 1.08753e-16
5116.24608803 1.19347e-16
5121.77135806 1.24951e-16
5127.29662809 1.12986e-16
5132.82189812 1.19618e-16
5138.34716814 1.24453e-16
5143.87243817 1.10595e-16
5149.3977082 1.1003e-16
5154.92297823 1.14726e-16
5160.44824826 1.15153e-16
5165.97351828 1.20263e-16
5171.49878831 1.2243e-16
5177.02405834 1.18377e-16
5182.54932837 1.25695e-16
5188.0745984 1.27912e-16
5193.59986842 1.31438e-16
5199.12513845 1.35508e-16
5204.65040848 1.40405e-16
5210.17567851 1.41973e-16
5215.70094854 1.36286e-16
5221.22621856 1.40299e-16
5226.75148859 1.34555e-16
5232.27675862 1.43561e-16
5237.80202865 1.45767e-16
5243.32729868 1.55814e-16
5248.8525687 1.55813e-16
5254.37783873 1.54755e-16
5259.90310876 1.49972e-16
5265.42837879 1.49167e-16
5270.95364882 1.50771e-16
5276.47891884 1.55645e-16
5282.00418887 1.55478e-16
5287.5294589 1.64374e-16
5293.05472893 1.55829e-16
5298.57999896 1.62263e-16
5304.10526898 1.59933e-16
5309.63053901 1.58912e-16
5315.15580904 1.6435e-16
5320.68107907 1.68989e-16
5326.2063491 1.71169e-16
5331.73161912 1.70184e-16
5337.25688915 1.62364e-16
5342.78215918 1.61645e-16
5348.30742921 1.64119e-16
5353.83269924 1.59841e-16
5359.35796926 1.63945e-16
5364.88323929 1.55388e-16
5370.40850932 1.56911e-16
5375.93377935 1.64003e-16
5381.45904938 1.62752e-16
5386.9843194 1.6324e-16
5392.50958943 1.57282e-16
5398.03485946 1.615e-16
5403.56012949 1.58284e-16
5409.08539952 1.57148e-16
5414.61066954 1.55097e-16
5420.13593957 1.56324e-16
5425.6612096 1.51547e-16
5431.18647963 1.45875e-16
5436.71174966 1.46575e-16
5442.23701968 1.44647e-16
5447.76228971 1.46229e-16
5453.28755974 1.40333e-16
5458.81282977 1.42647e-16
5464.3380998 1.26499e-16
5469.86336982 1.33055e-16
5475.38863985 1.20774e-16
5480.91390988 1.20457e-16
5486.43917991 1.17707e-16
5491.96444994 1.15952e-16
5497.48971996 1.14882e-16
5503.01498999 1.07956e-16
5508.54026002 1.04118e-16
5514.06553005 1.09366e-16
5519.59080008 1.04441e-16
5525.1160701 1.07346e-16
5530.64134013 1.02948e-16
5536.16661016 1.0725e-16
5541.69188019 1.01619e-16
5547.21715022 1.04915e-16
5552.74242024 1.02131e-16
5558.26769027 9.5182e-17
5563.7929603 9.24848e-17
5569.31823033 1.00717e-16
5574.84350036 1.00457e-16
5580.36877038 8.38682e-17
5585.89404041 8.84955e-17
5591.41931044 9.04455e-17
5596.94458047 9.74503e-17
5602.4698505 9.82981e-17
5607.99512052 1.04633e-16
5613.52039055 1.07622e-16
5619.04566058 1.01955e-16
5624.57093061 1.07917e-16
5630.09620064 1.18499e-16
5635.62147066 1.07995e-16
5641.14674069 1.13059e-16
5646.67201072 1.25024e-16
5652.19728075 1.42691e-16
5657.72255078 1.46847e-16
5663.2478208 1.39284e-16
5668.77309083 1.02541e-16
5674.29836086 8.66766e-17
5679.82363089 9.57495e-17
5685.34890092 9.64754e-17
5690.87417094 1.04812e-16
5696.39944097 9.68704e-17
5701.924711 1.03565e-16
5707.44998103 1.11489e-16
5712.97525106 1.09489e-16
5718.50052108 1.15639e-16
5724.02579111 1.13334e-16
5729.55106114 1.13851e-16
5735.07633117 1.15753e-16
5740.6016012 1.16011e-16
5746.12687122 1.16856e-16
5751.65214125 1.21098e-16
5757.17741128 1.34709e-16
5762.70268131 1.79022e-16
5768.22795134 2.02737e-16
5773.75322136 2.02677e-16
5779.27849139 1.6432e-16
5784.80376142 1.2497e-16
5790.32903145 1.29408e-16
5795.85430148 1.32632e-16
5801.3795715 1.23036e-16
5806.90484153 1.28466e-16
5812.43011156 1.61662e-16
5817.95538159 2.88089e-16
5823.48065162 3.33169e-16
5829.00592164 3.30827e-16
5834.53119167 2.41949e-16
5840.0564617 1.20531e-16
5845.58173173 1.06149e-16
5851.10700176 1.03052e-16
5856.63227178 9.95535e-17
5862.15754181 1.02605e-16
5867.68281184 1.02404e-16
5873.20808187 1.04127e-16
5878.7333519 1.07003e-16
5884.25862192 9.81666e-17
5889.78389195 1.02639e-16
5895.30916198 1.02387e-16
5900.83443201 9.97776e-17
5906.35970204 1.03536e-16
5911.88497206 9.80601e-17
5917.41024209 9.96399e-17
5922.93551212 9.95975e-17
5928.46078215 1.07409e-16
5933.98605218 1.08397e-16
5939.5113222 9.94e-17
5945.03659223 9.62215e-17
5950.56186226 9.56767e-17
5956.08713229 9.7997e-17
5961.61240232 1.0533e-16
5967.13767234 1.06409e-16
5972.66294237 1.07724e-16
5978.1882124 1.09823e-16
5983.71348243 1.13297e-16
5989.23875246 1.13645e-16
5994.76402248 1.08242e-16
6000.28929251 1.05406e-16
6005.81456254 1.0609e-16
6011.33983257 1.05443e-16
6016.86510259 1.07337e-16
6022.39037262 1.07319e-16
6027.91564265 1.03189e-16
6033.44091268 1.14584e-16
6038.96618271 1.16515e-16
6044.49145273 1.10317e-16
6050.01672276 1.13297e-16
6055.54199279 1.14532e-16
6061.06726282 1.17825e-16
6066.59253285 1.13558e-16
6072.11780287 1.19169e-16
6077.6430729 1.24125e-16
6083.16834293 1.2348e-16
6088.69361296 1.21661e-16
6094.21888299 1.16429e-16
6099.74415301 1.24925e-16
6105.26942304 1.23483e-16
6110.79469307 1.26785e-16
6116.3199631 1.28695e-16
6121.84523313 1.17691e-16
6127.37050315 1.2033e-16
6132.89577318 1.21307e-16
6138.42104321 1.13579e-16
6143.94631324 1.17786e-16
6149.47158327 1.26831e-16
6154.99685329 1.28712e-16
6160.52212332 1.28684e-16
6166.04739335 1.25315e-16
6171.57266338 1.19732e-16
6177.09793341 1.24265e-16
6182.62320343 1.1969e-16
6188.14847346 1.21623e-16
6193.67374349 1.10182e-16
6199.19901352 1.20564e-16
6204.72428355 1.15431e-16
6210.24955357 1.13261e-16
6215.7748236 1.07055e-16
6221.30009363 1.0615e-16
6226.82536366 1.08242e-16
6232.35063369 1.15526e-16
6237.87590371 1.19184e-16
6243.40117374 1.05565e-16
6248.92644377 1.00225e-16
6254.4517138 9.9314e-17
6259.97698383 9.47624e-17
6265.50225385 1.01624e-16
6271.02752388 1.02902e-16
6276.55279391 9.90132e-17
6282.07806394 1.053e-16
6287.60333397 1.0289e-16
6293.12860399 1.00502e-16
6298.65387402 1.05477e-16
6304.17914405 9.77573e-17
6309.70441408 9.17845e-17
6315.22968411 1.00334e-16
6320.75495413 1.07501e-16
6326.28022416 1.01081e-16
6331.80549419 1.02342e-16
6337.33076422 1.04028e-16
6342.85603425 9.51875e-17
6348.38130427 1.00871e-16
6353.9065743 1.07191e-16
6359.43184433 9.23462e-17
6364.95711436 1.00316e-16
6370.48238439 8.47976e-17
6376.00765441 8.90168e-17
6381.53292444 8.72957e-17
6387.05819447 9.53333e-17
6392.5834645 8.95052e-17
6398.10873453 8.46504e-17
6403.63400455 8.58118e-17
6409.15927458 8.31901e-17
6414.68454461 8.7372e-17
6420.20981464 9.46087e-17
6425.73508467 8.15238e-17
6431.26035469 7.83969e-17
6436.78562472 7.90049e-17
6442.31089475 7.88517e-17
6447.83616478 8.69941e-17
6453.36143481 7.63249e-17
6458.88670483 7.90609e-17
6464.41197486 8.0277e-17
6469.93724489 7.9461e-17
6475.46251492 8.17104e-17
6480.98778495 8.31342e-17
6486.51305497 7.76202e-17
6492.038325 7.55581e-17
6497.56359503 7.52246e-17
6503.08886506 7.62618e-17
6508.61413509 7.40196e-17
6514.13940511 7.55123e-17
6519.66467514 7.31655e-17
6525.18994517 6.88278e-17
6530.7152152 7.89478e-17
6536.24048523 8.05237e-17
6541.76575525 8.24371e-17
6547.29102528 8.46751e-17
6552.81629531 6.94962e-17
6558.34156534 6.87553e-17
6563.86683537 7.33408e-17
6569.39210539 7.28492e-17
6574.91737542 7.00833e-17
6580.44264545 7.17408e-17
6585.96791548 6.91035e-17
6591.49318551 6.21458e-17
6597.01845553 6.36262e-17
6602.54372556 6.87954e-17
6608.06899559 6.02161e-17
6613.59426562 6.61377e-17
6619.11953565 6.78471e-17
6624.64480567 6.01097e-17
6630.1700757 6.21242e-17
6635.69534573 6.04651e-17
6641.22061576 6.33757e-17
6646.74588579 5.626e-17
6652.27115581 6.34444e-17
6657.79642584 6.11246e-17
6663.32169587 6.29868e-17
6668.8469659 5.95946e-17
6674.37223593 5.87994e-17
6679.89750595 6.72931e-17
6685.42277598 5.95684e-17
6690.94804601 6.35218e-17
6696.47331604 5.71299e-17
6701.99858607 5.74766e-17
6707.52385609 5.64046e-17
6713.04912612 6.0858e-17
6718.57439615 6.13301e-17
6724.09966618 5.54991e-17
6729.62493621 6.21065e-17
6735.15020623 6.037e-17
6740.67547626 5.55921e-17
6746.20074629 5.86635e-17
6751.72601632 5.81797e-17
6757.25128635 5.90861e-17
6762.77655637 5.34686e-17
6768.3018264 5.88262e-17
6773.82709643 5.5687e-17
6779.35236646 5.79068e-17
6784.87763649 6.122e-17
6790.40290651 5.57101e-17
6795.92817654 5.58264e-17
6801.45344657 5.67691e-17
6806.9787166 5.74846e-17
6812.50398663 5.49952e-17
6818.02925665 5.71362e-17
6823.55452668 5.45921e-17
6829.07979671 7.32571e-17
6834.60506674 5.82566e-17
6840.13033677 6.16022e-17
6845.65560679 6.54396e-17
6851.18087682 5.93171e-17
6856.70614685 5.81173e-17
6862.23141688 5.90071e-17
6867.75668691 6.14411e-17
6873.28195693 6.28022e-17
6878.80722696 6.29584e-17
6884.33249699 5.96148e-17
6889.85776702 6.08195e-17
6895.38303705 6.58492e-17
6900.90830707 6.31043e-17
6906.4335771 6.1412e-17
6911.95884713 5.72554e-17
6917.48411716 6.81547e-17
6923.00938719 6.92666e-17
6928.53465721 6.0977e-17
6934.05992724 6.25026e-17
6939.58519727 6.37429e-17
6945.1104673 6.94512e-17
6950.63573732 5.71373e-17
6956.16100735 6.40631e-17
6961.68627738 5.80301e-17
6967.21154741 6.50157e-17
6972.73681744 6.08283e-17
6978.26208746 6.23689e-17
6983.78735749 6.80611e-17
6989.31262752 5.70843e-17
6994.83789755 7.19264e-17
7000.36316758 6.97165e-17
7005.8884376 6.97802e-17
7011.41370763 6.52281e-17
7016.93897766 5.59003e-17
7022.46424769 5.94893e-17
7027.98951772 5.9136e-17
7033.51478774 5.99278e-17
7039.04005777 5.74209e-17
7044.5653278 5.78145e-17
7050.09059783 6.03103e-17
7055.61586786 6.27134e-17
7061.14113788 5.95604e-17
7066.66640791 5.37119e-17
7072.19167794 5.7574e-17
7077.71694797 5.49563e-17
7083.242218 6.11545e-17
7088.76748802 6.31684e-17
7094.29275805 6.29548e-17
7099.81802808 6.18043e-17
7105.34329811 6.54044e-17
7110.86856814 5.90025e-17
7116.39383816 6.57912e-17
7121.91910819 6.62916e-17
7127.44437822 6.43071e-17
7132.96964825 7.0814e-17
7138.49491828 7.07558e-17
7144.0201883 6.86992e-17
7149.54545833 7.18437e-17
7155.07072836 6.56083e-17
7160.59599839 6.7379e-17
7166.12126842 7.08529e-17
7171.64653844 6.46543e-17
7177.17180847 6.67573e-17
7182.6970785 6.33896e-17
7188.22234853 6.66325e-17
7193.74761856 6.93091e-17
7199.27288858 6.38688e-17
7204.79815861 6.48224e-17
7210.32342864 6.20946e-17
7215.84869867 6.77827e-17
7221.3739687 6.73024e-17
7226.89923872 6.0623e-17
7232.42450875 5.86609e-17
7237.94977878 5.56519e-17
7243.47504881 5.84391e-17
7249.00031884 6.10444e-17
7254.52558886 6.30077e-17
7260.05085889 5.66926e-17
7265.57612892 5.83264e-17
7271.10139895 6.3826e-17
7276.62666898 6.93949e-17
7282.151939 6.05433e-17
7287.67720903 5.94932e-17
7293.20247906 5.21e-17
7298.72774909 6.1079e-17
7304.25301912 6.46992e-17
7309.77828914 6.7599e-17
7315.30355917 6.85159e-17
7320.8288292 6.78856e-17
7326.35409923 6.99398e-17
7331.87936926 7.60155e-17
7337.40463928 7.58124e-17
7342.92990931 6.81973e-17
7348.45517934 6.71703e-17
7353.98044937 7.17451e-17
7359.5057194 7.89414e-17
7365.03098942 7.85383e-17
7370.55625945 6.86198e-17
7376.08152948 6.83968e-17
7381.60679951 7.84792e-17
7387.13206954 8.25049e-17
7392.65733956 9.03778e-17
7398.18260959 7.48132e-17
7403.70787962 7.80317e-17
7409.23314965 8.75786e-17
7414.75841968 8.59056e-17
7420.2836897 9.42341e-17
7425.80895973 9.22702e-17
7431.33422976 8.68356e-17
7436.85949979 7.2657e-17
7442.38476982 8.63228e-17
7447.91003984 8.74423e-17
7453.43530987 9.17024e-17
7458.9605799 9.05219e-17
7464.48584993 8.21438e-17
7470.01111996 8.14267e-17
7475.53638998 8.46621e-17
7481.06166001 8.95468e-17
7486.58693004 8.8231e-17
7492.11220007 8.25376e-17
7497.6374701 7.92022e-17
7503.16274012 7.97826e-17
7508.68801015 7.88158e-17
7514.21328018 7.7786e-17
7519.73855021 8.30548e-17
7525.26382024 7.32872e-17
7530.78909026 7.18962e-17
7536.31436029 7.27809e-17
7541.83963032 7.82593e-17
7547.36490035 7.89909e-17
7552.89017038 7.51374e-17
7558.4154404 7.84713e-17
7563.94071043 7.32644e-17
7569.46598046 6.88541e-17
7574.99125049 7.01767e-17
7580.51652052 7.62518e-17
7586.04179054 8.11612e-17
7591.56706057 8.56301e-17
7597.0923306 7.026e-17
7602.61760063 5.54234e-17
7608.14287066 5.29242e-17
7613.66814068 5.87428e-17
7619.19341071 6.46898e-17
7624.71868074 7.77999e-17
7630.24395077 1.31358e-16
7635.7692208 1.72285e-16
7641.29449082 1.76687e-16
7646.81976085 1.54933e-16
7652.34503088 9.56538e-17
7657.87030091 7.18073e-17
7663.39557094 7.18091e-17
7668.92084096 6.12158e-17
7674.44611099 5.46275e-17
7679.97138102 5.83073e-17
7685.49665105 6.14357e-17
7691.02192108 5.64518e-17
7696.5471911 5.94308e-17
7702.07246113 5.4422e-17
7707.59773116 5.56382e-17
7713.12300119 6.41727e-17
7718.64827122 6.83391e-17
7724.17354124 6.31644e-17
7729.69881127 5.22973e-17
7735.2240813 6.00299e-17
7740.74935133 5.40377e-17
7746.27462136 5.08933e-17
7751.79989138 5.74899e-17
7757.32516141 6.08482e-17
7762.85043144 6.10119e-17
7768.37570147 5.28858e-17
7773.9009715 4.93154e-17
7779.42624152 5.33522e-17
7784.95151155 5.54862e-17
7790.47678158 6.47586e-17
7796.00205161 5.08988e-17
7801.52732164 5.17164e-17
7807.05259166 5.69994e-17
7812.57786169 5.04397e-17
7818.10313172 6.01395e-17
7823.62840175 6.80444e-17
7829.15367178 7.21889e-17
7834.6789418 4.04657e-17
7840.20421183 5.23338e-17
7845.72948186 4.75007e-17
7851.25475189 4.94108e-17
7856.78002192 4.61405e-17
7862.30529194 5.31448e-17
7867.83056197 5.33867e-17
7873.355832 5.01191e-17
7878.88110203 4.82876e-17
7884.40637205 4.71518e-17
7889.93164208 4.20521e-17
7895.45691211 5.08582e-17
7900.98218214 5.10227e-17
7906.50745217 4.62322e-17
7912.03272219 4.42936e-17
7917.55799222 4.27471e-17
7923.08326225 4.98672e-17
7928.60853228 5.64357e-17
7934.13380231 6.11019e-17
7939.65907233 5.29312e-17
7945.18434236 4.83199e-17
7950.70961239 4.90388e-17
7956.23488242 5.10385e-17
7961.76015245 5.35068e-17
7967.28542247 4.97482e-17
7972.8106925 5.63448e-17
7978.33596253 4.75567e-17
7983.86123256 4.10313e-17
7989.38650259 4.3517e-17
7994.91177261 4.97314e-17
8000.43704264 5.39368e-17
8005.96231267 5.42015e-17
8011.4875827 3.95554e-17
8017.01285273 5.08915e-17
8022.53812275 4.51925e-17
8028.06339278 4.39009e-17
8033.58866281 5.07586e-17
8039.11393284 4.69535e-17
8044.63920287 4.56928e-17
8050.16447289 4.03879e-17
8055.68974292 3.92697e-17
8061.21501295 4.57917e-17
8066.74028298 4.71405e-17
8072.26555301 5.25207e-17
8077.79082303 5.59462e-17
8083.31609306 4.35089e-17
8088.84136309 4.63799e-17
8094.36663312 4.2493e-17
8099.89190315 3.93995e-17
8105.41717317 4.28513e-17
8110.9424432 5.2614e-17
8116.46771323 4.82536e-17
8121.99298326 4.74521e-17
8127.51825329 4.56933e-17
8133.04352331 4.80795e-17
8138.56879334 5.26237e-17
8144.09406337 4.84757e-17
8149.6193334 5.14173e-17
8155.14460343 5.20022e-17
8160.66987345 5.12956e-17
8166.19514348 4.49248e-17
8171.72041351 4.58473e-17
8177.24568354 4.65908e-17
8182.77095357 4.98258e-17
8188.29622359 5.04632e-17
8193.82149362 4.8866e-17
8199.34676365 4.71078e-17
8204.87203368 3.76651e-17
8210.39730371 3.75018e-17
8215.92257373 5.60346e-17
8221.44784376 6.5702e-17
8226.97311379 5.77195e-17
8232.49838382 5.76968e-17
8238.02365385 4.14953e-17
8243.54892387 3.84965e-17
8249.0741939 4.25174e-17
8254.59946393 3.8704e-17
8260.12473396 6.26117e-17
8265.65000399 5.4253e-17
8271.17527401 4.97314e-17
8276.70054404 3.57933e-17
8282.22581407 3.76671e-17
8287.7510841 5.46229e-17
8293.27635413 5.55255e-17
8298.80162415 5.34463e-17
8304.32689418 6.31795e-17
8309.85216421 5.26777e-17
8315.37743424 4.17767e-17
8320.90270427 4.91423e-17
8326.42797429 5.14664e-17
8331.95324432 4.5965e-17
8337.47851435 5.09431e-17
8343.00378438 5.66308e-17
8348.52905441 5.47627e-17
8354.05432443 5.14578e-17
8359.57959446 5.00551e-17
8365.10486449 6.25498e-17
8370.63013452 6.04292e-17
8376.15540455 6.05085e-17
8381.68067457 6.42671e-17
8387.2059446 5.86978e-17
8392.73121463 6.28188e-17
8398.25648466 5.59114e-17
8403.78175469 7.50144e-17
8409.30702471 8.17922e-17
8414.83229474 6.71835e-17
8420.35756477 7.93738e-17
8425.8828348 7.5116e-17
8431.40810483 7.32709e-17
8436.93337485 9.28688e-17
8442.45864488 1.04964e-16
8447.98391491 1.08605e-16
8453.50918494 1.04035e-16
8459.03445497 9.50711e-17
8464.55972499 8.80089e-17
8470.08499502 9.68614e-17
8475.61026505 9.98054e-17
8481.13553508 1.08832e-16
8486.66080511 1.04459e-16
8492.18607513 9.26246e-17
8497.71134516 9.65361e-17
8503.23661519 8.00392e-17
8508.76188522 8.60465e-17
8514.28715525 9.28088e-17
8519.81242527 9.50366e-17
8525.3376953 1.05035e-16
8530.86296533 8.83161e-17
8536.38823536 8.92384e-17
8541.91350539 8.60843e-17
8547.43877541 7.73879e-17
8552.96404544 8.57771e-17
8558.48931547 8.97068e-17
8564.0145855 9.06222e-17
8569.53985553 9.02238e-17
8575.06512555 7.59572e-17
8580.59039558 7.57056e-17
8586.11566561 8.50486e-17
8591.64093564 8.64777e-17
8597.16620567 7.94077e-17
8602.69147569 8.55796e-17
8608.21674572 7.96145e-17
8613.74201575 7.02969e-17
8619.26728578 7.06423e-17
8624.79255581 6.98703e-17
8630.31782583 7.51366e-17
8635.84309586 7.30461e-17
8641.36836589 6.7437e-17
8646.89363592 6.38552e-17
8652.41890595 5.17317e-17
8657.94417597 5.712e-17
8663.469446 6.00562e-17
8668.99471603 5.55931e-17
8674.51998606 6.90615e-17
8680.04525609 8.44746e-17
8685.57052611 6.88092e-17
8691.09579614 5.32362e-17
8696.62106617 5.10218e-17
8702.1463362 5.23452e-17
8707.67160623 4.97032e-17
8713.19687625 6.10833e-17
8718.72214628 6.414e-17
8724.24741631 5.17415e-17
8729.77268634 4.95699e-17
8735.29795637 4.5631e-17
8740.82322639 6.00932e-17
8746.34849642 5.80135e-17
8751.87376645 5.51849e-17
8757.39903648 4.85398e-17
8762.92430651 4.38433e-17
8768.44957653 3.44374e-17
8773.97484656 3.43096e-17
8779.50011659 3.20423e-17
8785.02538662 5.0949e-17
8790.55065665 5.36697e-17
8796.07592667 3.78152e-17
8801.6011967 4.36942e-17
8807.12646673 4.46297e-17
8812.65173676 3.95488e-17
8818.17700678 4.07566e-17
8823.70227681 5.39597e-17
8829.22754684 6.20501e-17
8834.75281687 5.84925e-17
8840.2780869 3.40538e-17
8845.80335692 4.0232e-17
8851.32862695 2.84605e-17
8856.85389698 4.10776e-17
8862.37916701 3.52459e-17
8867.90443704 4.14127e-17
8873.42970706 3.57713e-17
8878.95497709 4.10535e-17
8884.48024712 3.25843e-17
8890.00551715 2.88859e-17
8895.53078718 3.69786e-17
8901.0560572 3.57464e-17
8906.58132723 3.0828e-17
8912.10659726 4.62371e-17
8917.63186729 3.38902e-17
8923.15713732 2.94387e-17
8928.68240734 4.06182e-17
8934.20767737 3.66443e-17
8939.7329474 4.67903e-17
8945.25821743 4.66164e-17
8950.78348746 2.6562e-17
8956.30875748 3.68673e-17
8961.83402751 4.35059e-17
8967.35929754 5.18598e-17
8972.88456757 5.58188e-17
8978.4098376 5.79962e-17
8983.93510762 4.91492e-17
8989.46037765 3.98364e-17
8994.98564768 5.14627e-17
9000.51091771 5.56726e-17
9006.03618774 5.43145e-17
9011.56145776 5.87975e-17
9017.08672779 5.40946e-17
9022.61199782 6.33433e-17
9028.13726785 5.97581e-17
9033.66253788 5.76075e-17
9039.1878079 6.41256e-17
9044.71307793 7.38018e-17
9050.23834796 6.01256e-17
9055.76361799 4.99163e-17
9061.28888802 6.15609e-17
9066.81415804 4.74257e-17
9072.33942807 7.20547e-17
9077.8646981 5.8688e-17
9083.38996813 8.59361e-17
9088.91523816 6.7271e-17
9094.44050818 7.07676e-17
9099.96577821 8.69311e-17
9105.49104824 6.67743e-17
9111.01631827 8.05159e-17
9116.5415883 8.21243e-17
9122.06685832 6.33818e-17
9127.59212835 6.23131e-17
9133.11739838 6.20181e-17
9138.64266841 9.39407e-17
9144.16793844 7.76806e-17
9149.69320846 6.90098e-17
9155.21847849 6.83733e-17
9160.74374852 5.72197e-17
9166.26901855 7.23034e-17
9171.79428858 6.32715e-17
9177.3195586 5.82994e-17
9182.84482863 5.99194e-17
9188.37009866 4.79891e-17
9193.89536869 6.60836e-17
9199.42063872 7.59604e-17
9204.94590874 6.70341e-17
9210.47117877 5.51062e-17
9215.9964488 5.50213e-17
9221.52171883 6.7453e-17
9227.04698886 5.70888e-17
9232.57225888 6.79502e-17
9238.09752891 5.64556e-17
9243.62279894 6.0577e-17
9249.14806897 5.06108e-17
9254.673339 4.32489e-17
9260.19860902 4.77166e-17
9265.72387905 5.12308e-17
9271.24914908 5.34978e-17
