                MJD               R_low               R_med              R_high               T_low               T_med              T_high                   L_low                   L_med                  L_high 
            53388.8                 0.0                 0.0                 0.0                 nan                 nan                 nan  3.9337434345407434e+30   6.839674679690591e+30   1.354869901396358e+31 
 53391.731328320806                 0.0                 0.0                 0.0                 nan                 nan                 nan  3.9337434345407434e+30   6.839674679690591e+30   1.354869901396358e+31 
  53394.66265664161                 0.0                 0.0                 0.0                 nan                 nan                 nan  3.9337434345407434e+30   6.839674679690591e+30   1.354869901396358e+31 
  53397.59398496241                 0.0                 0.0                 0.0                 nan                 nan                 nan  3.9337434345407434e+30   6.839674679690591e+30   1.354869901396358e+31 
  53400.52531328321                 0.0                 0.0                 0.0                 nan                 nan                 nan  3.9337434345407434e+30   6.839674679690591e+30   1.354869901396358e+31 
  53403.45664160401                 0.0                 0.0                 0.0                 nan                 nan                 nan  3.9337434345407434e+30   6.839674679690591e+30   1.354869901396358e+31 
 53406.387969924814                 0.0                 0.0                 0.0                 nan                 nan                 nan  3.9337434345407434e+30   6.839674679690591e+30   1.354869901396358e+31 
  53409.31929824562                 0.0                 0.0                 0.0                 nan                 nan                 nan  3.9337434345407434e+30   6.839674679690591e+30   1.354869901396358e+31 
  53412.25062656642                 0.0                 0.0                 0.0                 nan                 nan                 nan  3.9337434345407434e+30   6.839674679690591e+30   1.354869901396358e+31 
  53415.18195488722                 0.0                 0.0                 0.0                 nan                 nan                 nan  3.9337434345407434e+30   6.839674679690591e+30   1.354869901396358e+31 
 53418.113283208026                 0.0                 0.0                 0.0                 nan                 nan                 nan  3.9337434345407434e+30   6.839674679690591e+30   1.354869901396358e+31 
  53421.04461152882                 0.0                 0.0                 0.0                 nan                 nan                 nan  3.9337434345407434e+30   6.839674679690591e+30   1.354869901396358e+31 
 53423.975939849624                 0.0                 0.0                 0.0                 nan                 nan                 nan  3.9337434345407434e+30   6.839674679690591e+30   1.354869901396358e+31 
  53426.90726817043                 0.0                 0.0                 0.0                 nan                 nan                 nan  3.9337434345407434e+30   6.839674679690591e+30   1.354869901396358e+31 
  53429.83859649123                 0.0                 0.0                 0.0                 nan                 nan                 nan  3.9337434345407434e+30   6.839674679690591e+30   1.354869901396358e+31 
  53432.76992481203                 0.0                 0.0                 0.0                 nan                 nan                 nan  3.9337434345407434e+30   6.839674679690591e+30   1.354869901396358e+31 
  53435.70125313284                 0.0                 0.0                 0.0                 nan                 nan                 nan  3.9337434345407434e+30   6.839674679690591e+30   1.354869901396358e+31 
  53438.63258145364                 0.0                 0.0                 0.0                 nan                 nan                 nan  3.9337434345407434e+30   6.839674679690591e+30   1.354869901396358e+31 
  53441.56390977444                 0.0                 0.0                 0.0                 nan                 nan                 nan  3.9337434345407434e+30   6.839674679690591e+30   1.354869901396358e+31 
  53444.49523809524                 0.0                 0.0                 0.0                 nan                 nan                 nan  3.9337434345407434e+30   6.839674679690591e+30   1.354869901396358e+31 
  53447.42656641604                 0.0                 0.0                 0.0                 nan                 nan                 nan  3.9337434345407434e+30   6.839674679690591e+30   1.354869901396358e+31 
 53450.357894736844                 0.0                 0.0                 0.0                 nan                 nan                 nan  3.9337434345407434e+30   6.839674679690591e+30   1.354869901396358e+31 
  53453.28922305765                 0.0                 0.0                 0.0                 nan                 nan                 nan  3.9337434345407434e+30   6.839674679690591e+30   1.354869901396358e+31 
  53456.22055137845                 0.0                 0.0                 0.0                 nan                 nan                 nan  3.9337434345407434e+30   6.839674679690591e+30   1.354869901396358e+31 
  53459.15187969925                 0.0                 0.0                 0.0                 nan                 nan                 nan  3.9337434345407434e+30   6.839674679690591e+30   1.354869901396358e+31 
 53462.083208020056                 0.0                 0.0                 0.0                 nan                 nan                 nan  3.9337434345407434e+30   6.839674679690591e+30   1.354869901396358e+31 
  53465.01453634085                 0.0                 0.0                 0.0                 nan                 nan                 nan  3.9337434345407434e+30   6.839674679690591e+30   1.354869901396358e+31 
 53467.945864661655                 0.0                 0.0                 0.0                 nan                 nan                 nan  3.9337434345407434e+30   6.839674679690591e+30   1.354869901396358e+31 
  53470.87719298246                 0.0                 0.0                 0.0                 nan                 nan                 nan  3.9337434345407434e+30   6.839674679690591e+30   1.354869901396358e+31 
  53473.80852130326                 0.0                 0.0                 0.0                 nan                 nan                 nan  3.9337434345407434e+30   6.839674679690591e+30   1.354869901396358e+31 
 53476.739849624064                 0.0                 0.0                 0.0                 nan                 nan                 nan  3.9337434345407434e+30   6.839674679690591e+30   1.354869901396358e+31 
  53479.67117794487                 0.0                 0.0                 0.0                 nan                 nan                 nan  3.9337434345407434e+30   6.839674679690591e+30   1.354869901396358e+31 
  53482.60250626567                 0.0                 0.0                 0.0                 nan                 nan                 nan  3.9337434345407434e+30   6.839674679690591e+30   1.354869901396358e+31 
 53485.533834586466                 0.0                 0.0                 0.0                 nan                 nan                 nan  3.9337434345407434e+30   6.839674679690591e+30   1.354869901396358e+31 
  53488.46516290727                 0.0                 0.0                 0.0                 nan                 nan                 nan  3.9337434345407434e+30   6.839674679690591e+30   1.354869901396358e+31 
  53491.39649122807                 0.0                 0.0                 0.0                 nan                 nan                 nan  3.9337434345407434e+30   6.839674679690591e+30   1.354869901396358e+31 
 53494.327819548875                 0.0                 0.0                 0.0                 nan                 nan                 nan  3.9337434345407434e+30   6.839674679690591e+30   1.354869901396358e+31 
  53497.25914786968                 0.0                 0.0                 0.0                 nan                 nan                 nan  3.9337434345407434e+30   6.839674679690591e+30   1.354869901396358e+31 
  53500.19047619048                 0.0                 0.0                 0.0                 nan                 nan                 nan  3.9337434345407434e+30   6.839674679690591e+30   1.354869901396358e+31 
 53503.121804511284                 0.0                 0.0                 0.0                 nan                 nan                 nan  3.9337434345407434e+30   6.839674679690591e+30   1.354869901396358e+31 
  53506.05313283208                 0.0                 0.0                 0.0                 nan                 nan                 nan  3.9337434345407434e+30   6.839674679690591e+30   1.354869901396358e+31 
  53508.98446115288                 0.0                 0.0                 0.0                 nan                 nan                 nan  3.9337434345407434e+30   6.839674679690591e+30   1.354869901396358e+31 
 53511.915789473685                 0.0                 0.0                 0.0                 nan                 nan                 nan  3.9337434345407434e+30   6.839674679690591e+30   1.354869901396358e+31 
  53514.84711779449                 0.0                 0.0                 0.0                 nan                 nan                 nan  3.9337434345407434e+30   6.839674679690591e+30   1.354869901396358e+31 
  53517.77844611529                 0.0                 0.0                 0.0                 nan                 nan                 nan  3.9337434345407434e+30   6.839674679690591e+30   1.354869901396358e+31 
 53520.709774436094                 0.0                 0.0                 0.0                 nan                 nan                 nan  3.9337434345407434e+30   6.839674679690591e+30   1.354869901396358e+31 
   53523.6411027569                 0.0                 0.0                 0.0                 nan                 nan                 nan  3.9337434345407434e+30   6.839674679690591e+30   1.354869901396358e+31 
   53526.5724310777                 0.0                 0.0                 0.0                 nan                 nan                 nan  3.9337434345407434e+30   6.839674679690591e+30   1.354869901396358e+31 
 53529.503759398496                 0.0                 0.0                 0.0                 nan                 nan                 nan  3.9337434345407434e+30   6.839674679690591e+30   1.354869901396358e+31 
   53532.4350877193                 0.0                 0.0                 0.0                 nan                 nan                 nan  3.9337434345407434e+30   6.839674679690591e+30   1.354869901396358e+31 
   53535.3664160401                 0.0                 0.0                 0.0                 nan                 nan                 nan  3.9337434345407434e+30   6.839674679690591e+30   1.354869901396358e+31 
 53538.297744360905                 0.0                 0.0                 0.0                 nan                 nan                 nan  3.9337434345407434e+30   6.839674679690591e+30   1.354869901396358e+31 
  53541.22907268171                 0.0                 0.0                 0.0                 nan                 nan                 nan  3.9337434345407434e+30   6.839674679690591e+30   1.354869901396358e+31 
  53544.16040100251                 0.0                 0.0                 0.0                 nan                 nan                 nan  3.9337434345407434e+30   6.839674679690591e+30   1.354869901396358e+31 
 53547.091729323314                 0.0                 0.0                 0.0                 nan                 nan                 nan  3.9337434345407434e+30   6.839674679690591e+30   1.354869901396358e+31 
  53550.02305764411                 0.0                 0.0                 0.0                 nan                 nan                 nan  3.9337434345407434e+30   6.839674679690591e+30   1.354869901396358e+31 
  53552.95438596491                 0.0                 0.0                 0.0                 nan                 nan                 nan  3.9337434345407434e+30   6.839674679690591e+30   1.354869901396358e+31 
 53555.885714285716                 0.0                 0.0                 0.0                 nan                 nan                 nan  3.9337434345407434e+30   6.839674679690591e+30   1.354869901396358e+31 
  53558.81704260652                 0.0                 0.0                 0.0                 nan                 nan                 nan  3.9337434345407434e+30   6.839674679690591e+30   1.354869901396358e+31 
  53561.74837092732                 0.0                 0.0                 0.0                 nan                 nan                 nan  3.9337434345407434e+30   6.839674679690591e+30   1.354869901396358e+31 
 53564.679699248125                 0.0                 0.0                 0.0                 nan                 nan                 nan  3.9337434345407434e+30   6.839674679690591e+30   1.354869901396358e+31 
  53567.61102756893                 0.0                 0.0                 0.0                 nan                 nan                 nan  3.9337434345407434e+30   6.839674679690591e+30   1.354869901396358e+31 
 53570.542355889724                 0.0                 0.0                 0.0                 nan                 nan                 nan  3.9337434345407434e+30   6.839674679690591e+30   1.354869901396358e+31 
  53573.47368421053                 0.0                 0.0                 0.0                 nan                 nan                 nan  3.9337434345407434e+30   6.839674679690591e+30   1.354869901396358e+31 
  53576.40501253133                 0.0                 0.0                 0.0                 nan                 nan                 nan  3.9337434345407434e+30   6.839674679690591e+30   1.354869901396358e+31 
  53579.33634085213                 0.0                 0.0                 0.0                 nan                 nan                 nan  3.9337434345407434e+30   6.839674679690591e+30   1.354869901396358e+31 
 53582.267669172936                 0.0                 0.0                 0.0                 nan                 nan                 nan  3.9337434345407434e+30   6.839674679690591e+30   1.354869901396358e+31 
  53585.19899749374                 0.0                 0.0                 0.0                 nan                 nan                 nan  3.9337434345407434e+30   6.839674679690591e+30   1.354869901396358e+31 
  53588.13032581454                 0.0                 0.0                 0.0                 nan                 nan                 nan  3.9337434345407434e+30   6.839674679690591e+30   1.354869901396358e+31 
  53591.06165413534                 0.0                 0.0                 0.0                 nan                 nan                 nan  3.9337434345407434e+30   6.839674679690591e+30   1.354869901396358e+31 
  53593.99298245614                 0.0                 0.0                 0.0                 nan                 nan                 nan  3.9337434345407434e+30   6.839674679690591e+30   1.354869901396358e+31 
  53596.92431077694                 0.0                 0.0                 0.0                 nan                 nan                 nan  3.9337434345407434e+30   6.839674679690591e+30   1.354869901396358e+31 
  53599.85563909775                 0.0                 0.0                 0.0                 nan                 nan                 nan  3.9337434345407434e+30   6.839674679690591e+30   1.354869901396358e+31 
  53602.78696741855                 0.0                 0.0                 0.0                 nan                 nan                 nan  3.9337434345407434e+30   6.839674679690591e+30   1.354869901396358e+31 
  53605.71829573935                 0.0                 0.0                 0.0                 nan                 nan                 nan  3.9337434345407434e+30   6.839674679690591e+30   1.354869901396358e+31 
 53608.649624060155                 0.0                 0.0                 0.0                 nan                 nan                 nan  3.9337434345407434e+30   6.839674679690591e+30   1.354869901396358e+31 
  53611.58095238096                 0.0                 0.0                 0.0                 nan                 nan                 nan  3.9337434345407434e+30   6.839674679690591e+30   1.354869901396358e+31 
 53614.512280701754                 0.0                 0.0                 0.0                 nan                 nan                 nan  3.9337434345407434e+30   6.839674679690591e+30   1.354869901396358e+31 
  53617.44360902256                 0.0                 0.0                 0.0                 nan                 nan                 nan  3.9337434345407434e+30   6.839674679690591e+30   1.354869901396358e+31 
  53620.37493734336                 0.0                 0.0                 0.0                 nan                 nan                 nan  3.9337434345407434e+30   6.839674679690591e+30   1.354869901396358e+31 
  53623.30626566416                 0.0                 0.0                 0.0                 nan                 nan                 nan  3.9337434345407434e+30   6.839674679690591e+30   1.354869901396358e+31 
 53626.237593984966                 0.0                 0.0                 0.0                 nan                 nan                 nan  3.9337434345407434e+30   6.839674679690591e+30   1.354869901396358e+31 
  53629.16892230577                 0.0                 0.0                 0.0                 nan                 nan                 nan  3.9337434345407434e+30   6.839674679690591e+30   1.354869901396358e+31 
  53632.10025062657                 0.0                 0.0                 0.0                 nan                 nan                 nan  3.9337434345407434e+30   6.839674679690591e+30   1.354869901396358e+31 
  53635.03157894737                 0.0                 0.0                 0.0                 nan                 nan                 nan  3.9337434345407434e+30   6.839674679690591e+30   1.354869901396358e+31 
  53637.96290726817                 0.0                 0.0                 0.0                 nan                 nan                 nan  3.9337434345407434e+30   6.839674679690591e+30   1.354869901396358e+31 
 53640.894235588974                 0.0                 0.0                 0.0                 nan                 nan                 nan  3.9337434345407434e+30   6.839674679690591e+30   1.354869901396358e+31 
  53643.82556390978                 0.0                 0.0                 0.0                 nan                 nan                 nan  3.9337434345407434e+30   6.839674679690591e+30   1.354869901396358e+31 
  53646.75689223058                 0.0                 0.0                 0.0                 nan                 nan                 nan  3.9337434345407434e+30   6.839674679690591e+30   1.354869901396358e+31 
  53649.68822055138                 0.0                 0.0                 0.0                 nan                 nan                 nan  3.9337434345407434e+30   6.839674679690591e+30   1.354869901396358e+31 
 53652.619548872186                 0.0                 0.0                 0.0                 nan                 nan                 nan  3.9337434345407434e+30   6.839674679690591e+30   1.354869901396358e+31 
  53655.55087719298                 0.0                 0.0                 0.0                 nan                 nan                 nan  3.9337434345407434e+30   6.839674679690591e+30   1.354869901396358e+31 
 53658.482205513785                 0.0                 0.0                 0.0                 nan                 nan                 nan  3.9337434345407434e+30   6.839674679690591e+30   1.354869901396358e+31 
  53661.41353383459                 0.0                 0.0                 0.0                 nan                 nan                 nan  3.9337434345407434e+30   6.839674679690591e+30   1.354869901396358e+31 
  53664.34486215539                 0.0                 0.0                 0.0                 nan                 nan                 nan  3.9337434345407434e+30   6.839674679690591e+30   1.354869901396358e+31 
 53667.276190476194                 0.0                 0.0                 0.0                 nan                 nan                 nan  3.9337434345407434e+30   6.839674679690591e+30   1.354869901396358e+31 
    53670.207518797                 0.0                 0.0                 0.0                 nan                 nan                 nan  3.9337434345407434e+30   6.839674679690591e+30   1.354869901396358e+31 
   53673.1388471178                 0.0                 0.0                 0.0                 nan                 nan                 nan  3.9337434345407434e+30   6.839674679690591e+30   1.354869901396358e+31 
 53676.070175438595                 0.0                 0.0                 0.0                 nan                 nan                 nan  3.9337434345407434e+30   6.839674679690591e+30   1.354869901396358e+31 
   53679.0015037594                 0.0                 0.0                 0.0                 nan                 nan                 nan  3.9337434345407434e+30   6.839674679690591e+30   1.354869901396358e+31 
   53681.9328320802                 0.0                 0.0                 0.0                 nan                 nan                 nan  3.9337434345407434e+30   6.839674679690591e+30   1.354869901396358e+31 
 53684.864160401004                 0.0                 0.0                 0.0                 nan                 nan                 nan  3.9337434345407434e+30   6.839674679690591e+30   1.354869901396358e+31 
  53687.79548872181                 0.0                 0.0                 0.0                 nan                 nan                 nan  3.9337434345407434e+30   6.839674679690591e+30   1.354869901396358e+31 
  53690.72681704261                 0.0                 0.0                 0.0                 nan                 nan                 nan  3.9337434345407434e+30   6.839674679690591e+30   1.354869901396358e+31 
  53693.65814536341                 0.0                 0.0                 0.0                 nan                 nan                 nan  3.9337434345407434e+30   6.839674679690591e+30   1.354869901396358e+31 
  53696.58947368422                 0.0                 0.0                 0.0                 nan                 nan                 nan  3.9337434345407434e+30   6.839674679690591e+30   1.354869901396358e+31 
  53699.52080200501                 0.0                 0.0                 0.0                 nan                 nan                 nan  3.9337434345407434e+30   6.839674679690591e+30   1.354869901396358e+31 
 53702.452130325815                 0.0                 0.0                 0.0                 nan                 nan                 nan  3.9337434345407434e+30   6.839674679690591e+30   1.354869901396358e+31 
  53705.38345864662                 0.0                 0.0                 0.0                 nan                 nan                 nan  3.9337434345407434e+30   6.839674679690591e+30   1.354869901396358e+31 
  53708.31478696742                 0.0                 0.0                 0.0                 nan                 nan                 nan  3.9337434345407434e+30   6.839674679690591e+30   1.354869901396358e+31 
 53711.246115288224                 0.0                 0.0                 0.0                 nan                 nan                 nan  3.9337434345407434e+30   6.839674679690591e+30   1.354869901396358e+31 
  53714.17744360903                 0.0                 0.0                 0.0                 nan                 nan                 nan  3.9337434345407434e+30   6.839674679690591e+30   1.354869901396358e+31 
  53717.10877192983                 0.0                 0.0                 0.0                 nan                 nan                 nan  3.9337434345407434e+30   6.839674679690591e+30   1.354869901396358e+31 
 53720.040100250626                 0.0                 0.0                 0.0                 nan                 nan                 nan  3.9337434345407434e+30   6.839674679690591e+30   1.354869901396358e+31 
  53722.97142857143                 0.0                 0.0                 0.0                 nan                 nan                 nan  3.9337434345407434e+30   6.839674679690591e+30   1.354869901396358e+31 
  53725.90275689223                 0.0                 0.0                 0.0                 nan                 nan                 nan  3.9337434345407434e+30   6.839674679690591e+30   1.354869901396358e+31 
 53728.834085213035                 0.0                 0.0                 0.0                 nan                 nan                 nan  3.9337434345407434e+30   6.839674679690591e+30   1.354869901396358e+31 
  53731.76541353384                 0.0                 0.0                 0.0                 nan                 nan                 nan  3.9337434345407434e+30   6.839674679690591e+30   1.354869901396358e+31 
  53734.69674185464                 0.0                 0.0                 0.0                 nan                 nan                 nan  3.9337434345407434e+30   6.839674679690591e+30   1.354869901396358e+31 
 53737.628070175444                 0.0                 0.0                 0.0                 nan                 nan                 nan  3.9337434345407434e+30   6.839674679690591e+30   1.354869901396358e+31 
  53740.55939849624                 0.0                 0.0                 0.0                 nan                 nan                 nan  3.9337434345407434e+30   6.839674679690591e+30   1.354869901396358e+31 
  53743.49072681704                 0.0                 0.0                 0.0                 nan                 nan                 nan  3.9337434345407434e+30   6.839674679690591e+30   1.354869901396358e+31 
 53746.422055137846                 0.0                 0.0                 0.0                 nan                 nan                 nan  3.9337434345407434e+30   6.839674679690591e+30   1.354869901396358e+31 
  53749.35338345865                 0.0                 0.0                 0.0                 nan                 nan                 nan  3.9337434345407434e+30   6.839674679690591e+30   1.354869901396358e+31 
  53752.28471177945                 0.0                 0.0                 0.0                 nan                 nan                 nan  3.9337434345407434e+30   6.839674679690591e+30   1.354869901396358e+31 
 53755.216040100255                 0.0                 0.0                 0.0                 nan                 nan                 nan  3.9337434345407434e+30   6.839674679690591e+30   1.354869901396358e+31 
  53758.14736842106                 0.0                 0.0                 0.0                 nan                 nan                 nan  3.9337434345407434e+30   6.839674679690591e+30   1.354869901396358e+31 
  53761.07869674185                 0.0                 0.0                 0.0                 nan                 nan                 nan  3.9337434345407434e+30   6.839674679690591e+30   1.354869901396358e+31 
  53764.01002506266                 0.0                 0.0                 0.0                 nan                 nan                 nan  3.9337434345407434e+30   6.839674679690591e+30   1.354869901396358e+31 
  53766.94135338346                 0.0                 0.0                 0.0                 nan                 nan                 nan  3.9337434345407434e+30   6.839674679690591e+30   1.354869901396358e+31 
  53769.87268170426                 0.0                 0.0                 0.0                 nan                 nan                 nan  3.9337434345407434e+30   6.839674679690591e+30   1.354869901396358e+31 
 53772.804010025066                 0.0                 0.0                 0.0                 nan                 nan                 nan  3.9337434345407434e+30   6.839674679690591e+30   1.354869901396358e+31 
  53775.73533834587                 0.0                 0.0                 0.0                 nan                 nan                 nan  3.9337434345407434e+30   6.839674679690591e+30   1.354869901396358e+31 
  53778.66666666667                 0.0                 0.0                 0.0                 nan                 nan                 nan  3.9337434345407434e+30   6.839674679690591e+30   1.354869901396358e+31 
 53781.597994987475                 0.0                 0.0                 0.0                 nan                 nan                 nan  3.9337434345407434e+30   6.839674679690591e+30   1.354869901396358e+31 
  53784.52932330827                 0.0                 0.0                 0.0                 nan                 nan                 nan  3.9337434345407434e+30   6.839674679690591e+30   1.354869901396358e+31 
  53787.46065162907                 0.0                 0.0                 0.0                 nan                 nan                 nan  3.9337434345407434e+30   6.839674679690591e+30   1.354869901396358e+31 
 53790.391979949876                 0.0                 0.0                 0.0                 nan                 nan                 nan  3.9337434345407434e+30   6.839674679690591e+30   1.354869901396358e+31 
  53793.32330827068                 0.0                 0.0                 0.0                 nan                 nan                 nan  3.9337434345407434e+30   6.839674679690591e+30   1.354869901396358e+31 
  53796.25463659148                 0.0                 0.0                 0.0                 nan                 nan                 nan  3.9337434345407434e+30   6.839674679690591e+30   1.354869901396358e+31 
 53799.185964912285                 0.0                 0.0                 0.0                 nan                 nan                 nan  3.9337434345407434e+30   6.839674679690591e+30   1.354869901396358e+31 
  53802.11729323309                 0.0                 0.0                 0.0                 nan                 nan                 nan  3.9337434345407434e+30   6.839674679690591e+30   1.354869901396358e+31 
 53805.048621553884                 0.0                 0.0                 0.0                 nan                 nan                 nan  3.9337434345407434e+30   6.839674679690591e+30   1.354869901396358e+31 
  53807.97994987469                 0.0                 0.0                 0.0                 nan                 nan                 nan  3.9337434345407434e+30   6.839674679690591e+30   1.354869901396358e+31 
  53810.91127819549                 0.0                 0.0                 0.0                 nan                 nan                 nan  3.9337434345407434e+30   6.839674679690591e+30   1.354869901396358e+31 
  53813.84260651629                 0.0                 0.0                 0.0                 nan                 nan                 nan  3.9337434345407434e+30   6.839674679690591e+30   1.354869901396358e+31 
 53816.773934837096                 0.0                 0.0                 0.0                 nan                 nan                 nan  3.9337434345407434e+30   6.839674679690591e+30   1.354869901396358e+31 
   53819.7052631579                 0.0                 0.0                 0.0                 nan                 nan                 nan  3.9337434345407434e+30   6.839674679690591e+30   1.354869901396358e+31 
   53822.6365914787                 0.0                 0.0                 0.0                 nan                 nan                 nan  3.9337434345407434e+30   6.839674679690591e+30   1.354869901396358e+31 
   53825.5679197995                 0.0                 0.0                 0.0                 nan                 nan                 nan  3.9337434345407434e+30   6.839674679690591e+30   1.354869901396358e+31 
   53828.4992481203                 0.0                 0.0                 0.0                 nan                 nan                 nan  3.9337434345407434e+30   6.839674679690591e+30   1.354869901396358e+31 
 53831.430576441104                 0.0                 0.0                 0.0                 nan                 nan                 nan  3.9337434345407434e+30   6.839674679690591e+30   1.354869901396358e+31 
  53834.36190476191                 0.0                 0.0                 0.0                 nan                 nan                 nan  3.9337434345407434e+30   6.839674679690591e+30   1.354869901396358e+31 
  53837.29323308271                 0.0                 0.0                 0.0                 nan                 nan                 nan  3.9337434345407434e+30   6.839674679690591e+30   1.354869901396358e+31 
  53840.22456140351                 0.0                 0.0                 0.0                 nan                 nan                 nan  3.9337434345407434e+30   6.839674679690591e+30   1.354869901396358e+31 
 53843.155889724316                 0.0                 0.0                 0.0                 nan                 nan                 nan  3.9337434345407434e+30   6.839674679690591e+30   1.354869901396358e+31 
  53846.08721804511                 0.0                 0.0                 0.0                 nan                 nan                 nan  3.9337434345407434e+30   6.839674679690591e+30   1.354869901396358e+31 
 53849.018546365915                 0.0                 0.0                 0.0                 nan                 nan                 nan  3.9337434345407434e+30   6.839674679690591e+30   1.354869901396358e+31 
  53851.94987468672                 0.0                 0.0                 0.0                 nan                 nan                 nan  3.9337434345407434e+30   6.839674679690591e+30   1.354869901396358e+31 
  53854.88120300752                 0.0                 0.0                 0.0                 nan                 nan                 nan  3.9337434345407434e+30   6.839674679690591e+30   1.354869901396358e+31 
  53857.81253132832                 0.0                 0.0                 0.0                 nan                 nan                 nan  3.9337434345407434e+30   6.839674679690591e+30   1.354869901396358e+31 
  53860.74385964913                 0.0                 0.0                 0.0                 nan                 nan                 nan  3.9337434345407434e+30   6.839674679690591e+30   1.354869901396358e+31 
  53863.67518796993                 0.0                 0.0                 0.0                 nan                 nan                 nan  3.9337434345407434e+30   6.839674679690591e+30   1.354869901396358e+31 
  53866.60651629073                 0.0                 0.0                 0.0                 nan                 nan                 nan  3.9337434345407434e+30   6.839674679690591e+30   1.354869901396358e+31 
  53869.53784461153                 0.0                 0.0                 0.0                 nan                 nan                 nan  3.9337434345407434e+30   6.839674679690591e+30   1.354869901396358e+31 
  53872.46917293233                 0.0                 0.0                 0.0                 nan                 nan                 nan  3.9337434345407434e+30   6.839674679690591e+30   1.354869901396358e+31 
 53875.400501253134                 0.0                 0.0                 0.0                 nan                 nan                 nan  3.9337434345407434e+30   6.839674679690591e+30   1.354869901396358e+31 
  53878.33182957394                 0.0                 0.0                 0.0                 nan                 nan                 nan  3.9337434345407434e+30   6.839674679690591e+30   1.354869901396358e+31 
  53881.26315789474                 0.0                 0.0                 0.0                 nan                 nan                 nan  3.9337434345407434e+30   6.839674679690591e+30   1.354869901396358e+31 
  53884.19448621554                 0.0                 0.0                 0.0                 nan                 nan                 nan  3.9337434345407434e+30   6.839674679690591e+30   1.354869901396358e+31 
 53887.125814536346                 0.0                 0.0                 0.0                 nan                 nan                 nan  3.9337434345407434e+30   6.839674679690591e+30   1.354869901396358e+31 
            53888.8                 0.0                 0.0                 0.0                 nan                 nan                 nan  3.9337434345407434e+30   6.839674679690591e+30   1.354869901396358e+31 
  53890.05714285714                 0.0                 0.0                 0.0                 nan                 nan                 nan  3.9337434345407434e+30   6.839674679690591e+30   1.354869901396358e+31 
 53892.988471177945                 0.0                 0.0                 0.0                 nan                 nan                 nan  3.9337434345407434e+30   6.839674679690591e+30   1.354869901396358e+31 
  53895.91979949875                 0.0                 0.0                 0.0                 nan                 nan                 nan  3.9337434345407434e+30   6.839674679690591e+30   1.354869901396358e+31 
  53898.85112781955                 0.0                 0.0                 0.0                 nan                 nan                 nan  3.9337434345407434e+30   6.839674679690591e+30   1.354869901396358e+31 
 53901.782456140354                 0.0                 0.0                 0.0                 nan                 nan                 nan  3.9337434345407434e+30   6.839674679690591e+30   1.354869901396358e+31 
  53904.71378446116                 0.0                 0.0                 0.0                 nan                 nan                 nan  3.9337434345407434e+30   6.839674679690591e+30   1.354869901396358e+31 
  53907.64511278196                 0.0                 0.0                 0.0                 nan                 nan                 nan  3.9337434345407434e+30   6.839674679690591e+30   1.354869901396358e+31 
            53908.7                 0.0                 0.0                 0.0                 nan                 nan                 nan  3.9337434345407434e+30   6.839674679690591e+30   1.354869901396358e+31 
            53909.7                 0.0                 0.0                 0.0                 nan                 nan                 nan  3.9337434345407434e+30   6.839674679690591e+30   1.354869901396358e+31 
 53910.576441102756                 0.0                 0.0                 0.0                 nan                 nan                 nan  3.9337434345407434e+30   6.839674679690591e+30   1.354869901396358e+31 
            53911.6                 0.0                 0.0                 0.0                 nan                 nan                 nan  3.9337434345407434e+30   6.839674679690591e+30   1.354869901396358e+31 
            53913.3                 0.0                 0.0                 0.0                 nan                 nan                 nan  3.9337434345407434e+30   6.839674679690591e+30   1.354869901396358e+31 
  53913.50776942356                 0.0                 0.0                 0.0                 nan                 nan                 nan  3.9337434345407434e+30   6.839674679690591e+30   1.354869901396358e+31 
            53915.6                 0.0                 0.0                 0.0                 nan                 nan                 nan  3.9337434345407434e+30   6.839674679690591e+30   1.354869901396358e+31 
            53915.8                 0.0                 0.0                 0.0                 nan                 nan                 nan  3.9337434345407434e+30   6.839674679690591e+30   1.354869901396358e+31 
  53916.43909774436                 0.0                 0.0                 0.0                 nan                 nan                 nan  3.9337434345407434e+30   6.839674679690591e+30   1.354869901396358e+31 
 53919.370426065165                 0.0                 0.0                 0.0                 nan                 nan                 nan  3.9337434345407434e+30   6.839674679690591e+30   1.354869901396358e+31 
            53920.6                 0.0                 0.0                 0.0                 nan                 nan                 nan  3.9337434345407434e+30   6.839674679690591e+30   1.354869901396358e+31 
            53921.6                 0.0                 0.0                 0.0                 nan                 nan                 nan  3.9337434345407434e+30   6.839674679690591e+30   1.354869901396358e+31 
            53921.8                 0.0                 0.0                 0.0                 nan                 nan                 nan  3.9337434345407434e+30   6.839674679690591e+30   1.354869901396358e+31 
  53922.30175438597                 0.0                 0.0                 0.0                 nan                 nan                 nan  3.9337434345407434e+30   6.839674679690591e+30   1.354869901396358e+31 
  53925.23308270677                 0.0                 0.0                 0.0                 nan                 nan                 nan  3.9337434345407434e+30   6.839674679690591e+30   1.354869901396358e+31 
 53928.164411027574                 0.0                 0.0                 0.0                 nan                 nan                 nan  3.9337434345407434e+30   6.839674679690591e+30   1.354869901396358e+31 
  53931.09573934837                 0.0                 0.0                 0.0                 nan                 nan                 nan  3.9337434345407434e+30   6.839674679690591e+30   1.354869901396358e+31 
  53934.02706766917                 0.0                 0.0                 0.0                 nan                 nan                 nan  3.9337434345407434e+30   6.839674679690591e+30   1.354869901396358e+31 
            53935.8                 0.0                 0.0                 0.0                 nan                 nan                 nan  3.9337434345407434e+30   6.839674679690591e+30   1.354869901396358e+31 
 53936.958395989976                 0.0                 0.0                 0.0                 nan                 nan                 nan  3.9337434345407434e+30   6.839674679690591e+30   1.354869901396358e+31 
            53939.6                 0.0                 0.0                 0.0                 nan                 nan                 nan  3.9337434345407434e+30   6.839674679690591e+30   1.354869901396358e+31 
  53939.88972431078                 0.0                 0.0                 0.0                 nan                 nan                 nan  4.0654155917635165e+30   6.925355243757089e+30  1.3716868909871961e+31 
  53942.82105263158                 0.0                 0.0                 0.0                 nan                 nan                 nan  4.2017252472967345e+30   7.410116572297279e+30  1.5390569650256706e+31 
 53945.752380952385                 0.0                 0.0  41508496075256.266  22945.571827576878                 nan                 nan   6.166163369367972e+30  1.0257606091537965e+31   4.199061202309446e+41 
            53946.7                 0.0                 0.0   94736454636947.66   22139.30994236256                 nan                 nan   7.185757440401581e+30   1.674292170344495e+31  1.7279872289908823e+42 
  53948.68370927319                 0.0   72836155133925.31  204175358264551.34   21799.22835470771   26854.40298924596                 nan  1.3396227856264671e+31   1.767996248216866e+42   7.897901175374468e+42 
  53951.61503759399   73313862683381.25  219957899159185.38   378946019735943.0  21243.594648141632   25567.19105655686  31365.513393531277   3.379480186876347e+42  1.4490610127410703e+43   2.353837273458472e+43 
 53954.546365914786   211252572983532.9   360268865773052.4   581768886775811.0   20615.45718982945  24567.403448822766  29572.454538067694   2.318033414794495e+43  3.4900002432676477e+43  4.4579744889129753e+43 
  53957.47769423559   347952868057741.7  507118820351039.25   774529115460608.0  20104.013323061256  23657.981865708258  28246.678173293338   5.081236956530433e+43   6.025007829121066e+43   7.081630696631357e+43 
  53960.40902255639   499714572865533.1   672606292008838.2   942716116587472.9  19555.627802807398   23021.32831760096  27171.257500135103   8.192776863423705e+43   8.905604491620676e+43    9.92260486026587e+43 
 53963.340350877195   620256281141372.6   835943493165106.2  1131915575498996.2  19027.802151727217   22328.49894828651   25828.56365007379  1.1131280115457408e+44  1.1946972989308443e+44  1.2889192913572603e+44 
            53963.4   622716072928495.5   839368492121178.5  1135843863509413.2  19020.325025778995   22313.30542533906  25803.267948320823  1.1189948703965607e+44  1.2004964729247197e+44  1.2951504134466795e+44 
    53966.271679198   748954341697910.9   993373574974141.0  1317699753781837.2  18645.097485104943   21607.07133118676  24756.478485555355  1.4056064043111136e+44  1.4865315467671499e+44   1.590187374251397e+44 
            53967.4   796502883981688.0  1050263211729369.0  1388381496890918.0  18483.578593871873  21337.392867923485  24381.047789758246  1.5180238766581908e+44  1.5942989982057527e+44  1.7076592858283142e+44 
   53969.2030075188   868282689605361.2  1141478029676405.5  1499751878107035.8  18214.663238849273  20911.967667754885   23826.47843496378   1.693313668207923e+44  1.7618172299286732e+44  1.8776290420249502e+44 
            53970.4   920885933560488.2  1208616966317458.5  1577894298685750.5   18040.80666251665   20699.89404462203  23474.042501113992  1.8040752638623848e+44   1.874824206208151e+44   1.989592724927924e+44 
            53970.6   930760701239541.9  1218760913792108.0  1591862602565563.5    18008.6937589177  20660.177231029797  23420.734539825386  1.8219293402265336e+44   1.893529893003921e+44   2.007789114826348e+44 
 53972.134335839604  1001012361026481.1  1296411186103973.5  1695268564876823.8  17786.319684165614  20303.389534535832  23059.690143879514   1.956230607535106e+44  2.0271229906642826e+44  2.1490667286650026e+44 
            53973.5  1065004749692967.0  1363416228917199.0  1782036402895296.5   17554.93163663425  20033.055620280844  22711.443482367416  2.0715537654749984e+44   2.141436848520216e+44  2.2709501138830926e+44 
   53975.0656641604  1129321118939847.2  1444503059295981.0  1881730230949075.2  17297.266312142696  19743.764665587583   22339.21061277936  2.2033288946582547e+44  2.2728749923613557e+44  2.4022202970466828e+44 
            53975.4  1143895484657801.0  1463262791630393.0  1905087769459973.2  17244.950811650204   19685.86729354872   22251.14767813183  2.2308352919789243e+44   2.300477348580533e+44  2.4291632234290816e+44 
            53975.6  1152613883340465.5  1474484880387916.0  1919060270008167.2  17213.735999077635   19651.35060054751   22194.32596162481  2.2471491281590468e+44   2.316616967508497e+44  2.4448136262582737e+44 
   53977.9969924812  1262286745525622.2  1608981192265830.0  2080706795180337.5  16848.478502054662  19234.505322881745  21568.373833483776  2.4243495495352205e+44   2.489930863175099e+44  2.6225500377485546e+44 
            53979.5  1332318923396562.0  1689038881789009.0  2176903060289424.0  16635.042811932715  18948.913560860863   21250.66180738461  2.5252890404834385e+44  2.5943127028865445e+44   2.735642345731266e+44 
            53979.7  1342388782049535.5  1699630399231379.5  2189703563800502.2  16607.029817886563  18909.287985639254  21211.518560705765   2.539194450867272e+44   2.607617498669845e+44  2.7500155549763202e+44 
            53979.8  1347133838952100.8  1704926157952949.5  2196103815556507.0  16593.034821170993  18889.483591581287  21191.609257486354  2.5457104473446353e+44  2.6142127016455526e+44  2.7571541580033125e+44 
 53980.928320802006  1400072119733575.8  1764679305228846.0  2268319187495877.0  16442.268412908033   18669.49371081391  20949.194214228715  2.6204969401437933e+44  2.6885145289187923e+44  2.8380038698838416e+44 
  53983.85964912281  1537603468472218.0  1923191353185617.5  2452455472433071.0   16050.62191727424   18149.08680672297   20330.05921567313  2.7907466931291604e+44  2.8599851118029034e+44   3.016894877632733e+44 
  53986.79097744361  1675134817210860.2  2077536674402605.5  2639563960839100.0  15672.170952346814  17640.976625372463  19755.683183729063  2.9339356115613733e+44   3.007961596392836e+44  3.1711565458220128e+44 
 53989.722305764415  1812666165949502.5  2240453702803255.5  2836222280033764.5  15285.841344162483   17153.44587629554  19205.001336675046   3.044621901491029e+44  3.1417405358404948e+44  3.2924883563165965e+44 
            53992.3  1932137353595078.2  2383726589997701.0  3009155831069635.5  14951.922518006279   16732.61197822987  18732.348620233406   3.119811186244961e+44  3.2311108927244398e+44  3.3748730732954453e+44 
            53992.5  1941066388690955.0  2394412761683196.0  3022573524188223.5  14926.126963229332   16701.79049234275  18696.249963496422  3.1248181963331892e+44   3.237144158452278e+44  3.3811819079054566e+44 
  53992.65363408522  1947925409385230.0  2402621562740236.5  3032880599228428.5  14906.433436429676   16678.16158100101   18668.54227576483  3.1285844386546367e+44  3.2407980751693898e+44   3.385363523369867e+44 
            53993.3  1978525182153409.5  2437157448425952.0  3076244296663552.0  14823.970629689138   16579.05023419445  18552.068686860846  3.1433702145223046e+44  3.2570080430699245e+44   3.402366470500555e+44 
 53995.584962406014  2085609961081908.0  2553067490942968.0  3228666991657577.5  14541.232710838145  16234.277871073022   18145.89673957775   3.183057704462596e+44  3.3152404954806543e+44  3.4597346571043725e+44 
            53996.5  2124082466999889.0  2601287300125469.0  3289378737309671.5  14437.177044531136  16098.755438955164  17978.868324614956  3.1984208897226747e+44  3.3275649788332125e+44  3.4802687132838874e+44 
            53996.7  2132608163524290.0  2612016022733417.0  3302648519021422.0   14415.05409542041   16069.13895241042  17942.811531870837  3.2004297320951017e+44   3.329237286244081e+44   3.484396199779747e+44 
  53998.51629072682  2210033881210160.8  2710257322603762.0  3423157426373044.5  14214.346246138039  15805.302532423979  17618.960160085942  3.2167125825262465e+44   3.356804355520675e+44  3.5155372430196884e+44 
            54000.4  2290333549228192.0  2815177132684752.5  3548139480692664.5  14007.356123867961  15546.447413512626  17281.293515479974  3.2259516150362873e+44  3.3707669671190917e+44  3.5392181665275833e+44 
            54000.5  2294596397490392.5  2820746984231009.5  3554774371548539.5  13996.402225462045  15532.394035534324  17263.581816338155   3.226310791638268e+44   3.370306919392181e+44  3.5402184348483323e+44 
  54001.44761904762  2334991959594723.0  2873527958408256.0  3617647861088512.5  13892.679767435304  15400.045501096949  17096.680600365886   3.228706872460534e+44  3.3688483926021015e+44   3.549273056444166e+44 
  54004.37894736842  2459950037979285.0  3036962032900215.0  3810548020548455.0  13574.325668901905   14995.07540030637  16618.499003000932  3.2183394151922317e+44  3.3813666706345944e+44  3.5655546291957147e+44 
 54007.310275689226  2587988252805746.5  3204618189275207.0  3998576053488009.5  13238.845992583509  14579.100954548907   16161.75043910493  3.1866632359151498e+44  3.3643502924092664e+44  3.5641701299977815e+44 
  54010.24160401003  2717283408392957.0  3367265171459380.5  4186307767906840.5  12901.799225375295  14178.429950706208  15717.311879385079  3.1428132314897777e+44  3.3263462633872097e+44   3.537152885509959e+44 
  54013.17293233083  2846578563980167.5  3529912153643553.5  4371157632852784.5   12577.38827739866  13789.889620751519  15283.568174596541   3.080558211684129e+44   3.276591525278348e+44   3.489538370190306e+44 
  54016.10426065163  2976849828122944.0  3692559135827322.5  4556571647764154.0   12263.97982167897  13413.316403811932   14862.00013380897  3.0053109931403593e+44   3.205765936273117e+44  3.4387819131531617e+44 
  54019.03558897243  3107894321347394.0  3854392917261114.0  4755477163561545.0  11969.624754580052  13056.959553596087  14451.856114246742  2.9233736228412484e+44  3.1320113475035363e+44  3.3645161443653702e+44 
            54019.3  3119714767684051.5  3868869417442631.5  4773418794817436.0  11943.443775697162   13025.54647860142  14415.295700845805  2.9156065202731577e+44  3.1238019710308187e+44  3.3571704499053838e+44 
  54021.96691729323  3238938814571844.5  4014883103157693.5  4954382679358937.0   11680.38455991618  12713.244477204695  14053.328684524755    2.83339631496047e+44  3.0432722060489647e+44  3.2773249452324627e+44 
            54023.2  3294063550093587.5  4082192111392410.0  5036740430157422.0  11561.673276407926  12571.252151077726  13888.319561227623  2.7953452001609746e+44  3.0050021230797676e+44   3.240074281757234e+44 
            54023.4  3303004513294284.5  4092873072098959.0  5050094120668706.0  11542.494122582184   12548.43007038044   13861.64479804785  2.7888692047905123e+44  2.9986881062514953e+44   3.233828118630295e+44 
  54024.89824561404  3369983307796295.0  4174566251518238.0  5150129661865091.0  11399.413448981917  12378.342952181574  13663.217332008417  2.7355889062240895e+44   2.949300119897732e+44  3.1843787453863738e+44 
  54027.82957393484  3501027801020745.0  4335680091035139.0  5345849917775645.0  11109.377103423465  12051.507282359604  13284.433378535097  2.6270865638799974e+44  2.8467298502949916e+44  3.0739006878671355e+44 
  54030.76090225564  3632072294245195.0  4496353660847432.5  5541570173686199.0  10811.642768411353  11735.542232735836  12914.895943695119  2.5233847160938804e+44  2.7408032940554743e+44  2.9601059097920926e+44 
            54031.4  3660643041314379.5  4531344253702669.0  5584241741108409.0  10754.453577415994  11666.934928503031   12835.34739753129  2.4996383797368527e+44   2.717550902591273e+44  2.9337150993288413e+44 
            54031.6  3669584004514751.5  4542294250996065.0  5597595431619207.0   10736.77400997389  11645.030992925662  12810.572242147078   2.492217516974332e+44  2.7101976688008273e+44  2.9271485143033807e+44 
 54033.692230576446  3763116787469645.5  4656843846744012.0  5737290429596752.0   10529.74154145488  11418.838863219587   12554.34086532907  2.4172741407709015e+44  2.6376061958418367e+44     2.8579885228159e+44 
            54035.2  3830521342123729.0  4739394202279986.0  5837961860816975.0  10380.008880352087  11258.593886148705   12372.34312074115   2.364437071310454e+44   2.580370370693424e+44  2.8052969221813814e+44 
            54035.4  3839462305324427.0  4750344199573782.0  5851315551328261.0  10360.255326077166  11237.520516501541  12348.436989293077  2.3574547094754366e+44     2.5724753238012e+44  2.7982902690454716e+44 
  54036.62355889725  3894161280694095.5  4817334032640591.0  5933010685507307.0  10241.438448438068   11109.59759486869  12204.662118208118   2.314887090112511e+44  2.5236440123800685e+44   2.755192581534468e+44 
 54039.554887218044  4025205773918220.5  4977824218536773.0  6128730941417375.0   9966.347109958753  10808.940344656756  11880.806006764678   2.209633512605925e+44  2.4117369029735843e+44  2.6492502484665877e+44 
  54042.48621553885  4156250267142671.0  5138314404433352.0  6203580727786911.0   9717.110067385169  10517.467321314287  11556.488590450643  2.1115019210047097e+44  2.3008267990030925e+44   2.537162487082055e+44 
  54045.41754385965  4287294760367121.0  5298804590329932.0  6323837029712383.0   9581.296318347686   10240.06943135966  11248.150239648321  2.0145955921095505e+44   2.184221578050446e+44  2.4239355313628434e+44 
  54048.34887218045  4417568780083609.5  5400790639566614.0  6378065009521704.0   9389.545003692856   9986.401540698822  10951.735507263158   1.921328864323698e+44  2.0754673529480734e+44  2.3185991344925564e+44 
 54051.280200501256  4546496053700697.0  5418295983695304.0  6376431197068395.0   9308.321027713686   9833.188210550226  10666.033161737587  1.8351207845841424e+44   1.972059489433952e+44   2.221700466517945e+44 
            54053.5  4644128480378578.0  5362365267363214.0  6335196446302178.0    9294.08213269867   9795.218329798678    10456.9406342402   1.765412981412998e+44  1.9002631691597948e+44   2.147749422341262e+44 
  54054.21152882206  4675423327317784.0  5332900901580748.0  6367052951212796.0   9270.081378413073   9788.654680405398   10391.25269047183  1.7440812101851727e+44    1.87753470625192e+44  2.1255589719946844e+44 
  54057.14285714286  4755223123838308.0  5281560906190313.0  6242945426071733.0    9193.59533505835   9713.261281778448  10128.950205410225  1.6512545307190768e+44  1.7805998145299355e+44  2.0178919856604832e+44 
            54058.4  4747941862933796.0  5290378203121846.0  6190412365942583.0   9158.016688906131   9681.572658215679  10027.965690025112  1.6117520463696294e+44  1.7426067188892182e+44  1.9769690552964906e+44 
  54060.07418546366  4706675686309925.0  5255150893046488.0  6228670795018858.0   9121.549571177853    9655.00831536784   9972.756055415774   1.558974555879298e+44  1.6922610161044753e+44  1.9284685996124814e+44 
  54063.00551378446  4643001252683363.0  5187294332626488.0  6125338293679845.0   9079.184882883208   9593.433385812124   9959.197011164688  1.4694073767644037e+44  1.6043382431659377e+44  1.8318814338354543e+44 
 54065.936842105264  4595291341563073.0  5136381514251404.0  6035254359674972.0   8934.787139934748    9536.46718861019   9912.788040196896  1.3892211171735445e+44  1.5205796208268576e+44  1.7439250506060614e+44 
  54068.86817042607  4479773439805890.5  5039492405453524.0  5946642428894114.0   8780.608410108762   9515.509029384597   9853.189168241104  1.3057919559453082e+44  1.4518545896936013e+44  1.6581000504407438e+44 
  54071.79949874687  4402237012682318.5  4922673632711478.0  5986922610910734.0   8665.640671148085   9461.530089066699   9846.076769681142  1.2299576503134478e+44  1.3789597023811182e+44  1.5866518053509715e+44 
  54074.73082706767  4331213792735525.0  4821974207970764.0  6046719139860914.0   8515.695495648091   9417.008518262348   9809.365085139096    1.15856109431296e+44  1.3186588826016562e+44  1.5207085762032628e+44 
 54077.662155388476  4227916919586271.5  4737641963863534.0  6122503616141362.0   8391.171226905653   9386.944534139358   9806.898820751912  1.0897095022875477e+44  1.2571581972481364e+44  1.4556730569208495e+44 
  54080.59348370927  4131074189466664.5  4658409982757536.0  6138225358348499.0    8230.98607261667   9386.944534139358   9806.898820751912  1.0236475534612494e+44  1.1972272775100853e+44  1.3927704681626918e+44 
 54083.524812030075  4052650844828236.0  4601698114060434.0  6187744264156259.0   8089.374684710988   9375.372466843433   9806.898820751912   9.664800514827224e+43  1.1356185086655936e+44  1.3339945651291961e+44 
  54086.45614035088  3953236830551524.5  4503475248612737.0  6194398749995730.0   7909.244323011378   9375.372466843433   9806.898820751912   9.132935716701125e+43  1.0816268173547061e+44  1.2737586639929813e+44 
  54089.38746867168  3848482980881952.5  4430703019332481.5  6276596296482632.0   7758.036690029878   9375.372466843433   9806.898820751912   8.562800172271493e+43  1.0272358815628502e+44   1.221960672399465e+44 
 54092.318796992484  3727604535476068.5  4339384434342042.0  6407638200046034.0   7714.671803059195   9375.372466843433   9806.898820751912    8.01769941370314e+43   9.766277284239777e+43  1.1772022345797586e+44 
  54095.25012531329  3608645504306140.5  4280778866589345.0  6499804496521458.0   7657.567713617844   9375.372466843433   9806.898820751912   7.539084582214271e+43   9.297630217861918e+43  1.1327550877363207e+44 
  54098.18145363409  3501838373602460.5  4152574430105281.0  6430956377575130.0   7564.040133703942   9375.372466843433   9806.898820751912   7.149586366830331e+43   8.872238143559491e+43  1.0904310272252802e+44 
  54101.11278195489  3408397641491237.5  4036179951503723.0  6426382299746581.0   7470.063701988339   9375.372466843433   9806.898820751912   6.710700635547133e+43   8.447199655867085e+43  1.0536697466833485e+44 
  54104.04411027569  3329512131355979.5  3927475801545945.0  6369844866520575.0    7367.79021415921   9375.372466843433   9806.898820751912   6.295448820958373e+43   8.132255891041949e+43  1.0182132224567893e+44 
  54106.97543859649  3240434479958384.5  3856839701942105.0  6313802628488787.0   7274.004323099478   9375.372466843433   9806.898820751912   5.905668868308581e+43   7.692359074184682e+43   9.887299029690064e+43 
 54109.906766917295  3144689954151393.0  3787476583457947.0  6248389210422317.0   7224.121501171598   9375.372466843433   9806.898820751912   5.549576615916809e+43   7.354918991063705e+43    9.58973582322371e+43 
   54112.8380952381  3078624929728246.5  3692493535107271.0  6351182036429412.0   7182.444405807867   9375.372466843433   9806.898820751912   5.256266403654187e+43   7.048357777418023e+43   9.269935747982025e+43 
   54115.7694235589  3006291529656640.0  3615402223830686.0  6456426940331397.0    7127.37414963666   9375.372466843433   9806.898820751912    4.98593492071076e+43   6.766015940562465e+43    8.97063256170503e+43 
   54118.7007518797  2924566796610082.0  3539286823490539.0  6390112756365614.0   7048.172878344808   9375.372466843433   9806.898820751912   4.719902941756757e+43    6.48086443582053e+43   8.738595270202682e+43 
  54121.63208020051  2840775427810912.5  3472183950389500.0  6305623606541921.0   6979.798188919674   9375.372466843433   9806.898820751912  4.4580463843424856e+43   6.237979832741778e+43   8.481835686047048e+43 
   54124.5634085213  2762454457054765.0  3415097474585410.0  6240767190892772.0   6922.820847440003   9375.372466843433   9806.898820751912  4.2167278159251774e+43   6.002118576332764e+43   8.232425529559722e+43 
 54127.494736842105  2689674933358063.0  3345609303955007.0  6268188396277103.0   6879.779162416234   9375.372466843433   9806.898820751912  3.9999536826173184e+43   5.761176136561933e+43   8.007245166310627e+43 
  54130.42606516291  2622993949489863.0  3284891014229854.0  6209760007835467.0   6865.652150460511   9375.372466843433   9806.898820751912   3.797271590286818e+43   5.548485612089624e+43   7.788522567798947e+43 
  54133.35739348371  2558820163750503.5  3229254516645819.0  6116164597973444.0   6865.652150460511   9375.372466843433   9806.898820751912   3.607776468420723e+43   5.329960679400605e+43    7.59744481977474e+43 
 54136.288721804514  2497816438342514.5  3164006995512413.0  6008384563124579.0   6865.652150460511   9375.372466843433   9806.898820751912  3.4303196485643533e+43   5.128082433811579e+43   7.414796402555766e+43 
  54139.22005012532  2443316047303470.5  3105059557262789.0  5914425626079917.0   6865.652150460511   9375.372466843433   9806.898820751912   3.247399208027633e+43   4.960563709980093e+43   7.239970940135707e+43 
  54142.15137844612  2395104807187808.0  3055740186242910.5  5835046081795206.0   6811.549930632303   9375.372466843433   9806.898820751912   3.074245278807379e+43    4.79267740990198e+43   7.072529837731154e+43 
 54145.082706766916  2348568391050147.5  3021666097955199.0  5757716176226986.0   6757.346199062026   9375.372466843433   9806.898820751912   2.927856070792544e+43   4.630198076424272e+43   6.911907526484987e+43 
  54148.01403508772  2303632210675842.5  2988431058152474.0  5682331028703565.0  6704.5560073879315   9375.372466843433   9806.898820751912   2.795699296686514e+43   4.478565704570306e+43   6.757655093466088e+43 
  54150.94536340852  2257972829948058.0  2945409619914663.0  5608772364094563.0   6691.784021679634   9375.372466843433   9806.898820751912  2.6724278075788415e+43  4.3165189828550497e+43   6.609357272582423e+43 
 54153.876691729325  2207587181270771.5  2897420265383377.0  5536939841262147.0   6691.784021679634   9375.372466843433   9806.898820751912     2.5537584429375e+43  4.1537567240717295e+43   6.455381948711474e+43 
  54156.80802005013  2158869433460724.2  2840866847874558.0  5473033713388872.0   6691.784021679634   9375.372466843433   9806.898820751912   2.433994014915714e+43    4.02227898790587e+43   6.310492867400526e+43 
  54159.73934837093  2108260186761806.0  2796874465207510.0  5415331726371825.0   6691.784021679634   9375.372466843433   9806.898820751912   2.320460836593866e+43   3.897687035939819e+43   6.168018880313121e+43 
 54162.670676691734  2059125542828688.0  2753049069329205.0  5359038808654219.0   6691.784021679634   9375.372466843433   9806.898820751912  2.2140269917106854e+43   3.763108963121916e+43   6.024339765587329e+43 
  54165.60200501253  2011735610184974.5  2702654778674338.0  5304091655568423.0   6691.784021679634   9375.372466843433   9806.898820751912  2.1145377645030187e+43  3.6341664470037176e+43   5.884546700309766e+43 
  54168.53333333333  1965995005186198.8  2660009555744068.0  5250429272362136.0   6691.784021679634   9375.372466843433   9806.898820751912  2.0215961267129328e+43  3.5106038297340426e+43   5.741955541761843e+43 
 54171.464661654136  1924861950948302.5  2623144822268151.0  5197999012711075.0   6691.784021679634   9375.372466843433   9806.898820751912    1.93454848598089e+43  3.3921153847524815e+43   5.622995156011121e+43 
  54174.39598997494  1886012714300879.2  2587238172335359.0  5146749997441838.0   6691.784021679634   9375.372466843433   9806.898820751912  1.8521078783684087e+43  3.2784569761382856e+43   5.506525152393289e+43 
  54177.32731829574  1848581271281425.0  2552243949520148.0  5096620403197761.0   6691.784021679634   9375.372466843433   9806.898820751912  1.7744314188328638e+43  3.1737221438088697e+43   5.387298767765311e+43 
 54180.258646616545  1814639712351506.5  2519615182241186.0  5047591514990985.0   6691.784021679634   9375.372466843433   9806.898820751912  1.7018469083113916e+43   3.074688689708732e+43   5.271578069100148e+43 
  54183.18997493735  1781649158336169.8  2494900056456227.0  4999612492845786.0   6691.784021679634   9375.372466843433   9806.898820751912  1.6339624920085058e+43  2.9793724165219706e+43   5.159209006037848e+43 
  54186.12130325815  1746048054875271.0  2470765170295553.0  4952638803131530.0   6691.784021679634   9375.372466843433   9806.898820751912  1.5700824231514772e+43  2.8821114454610404e+43   5.049916830741247e+43 
  54189.05263157895  1709072756160942.0  2447187580653406.0  4906632107279936.0   6691.784021679634   9375.372466843433   9806.898820751912  1.5097050635405574e+43   2.784981200184821e+43   4.947842600172428e+43 
  54191.98395989975  1673286107428949.8  2424140007038315.5  4861552244775290.0   6691.784021679634   9375.372466843433   9806.898820751912   1.452263320121573e+43  2.6917350479910495e+43   4.853094872092584e+43 
  54194.91528822055  1638634810281320.5  2401602861559904.0  4817368943570742.0   6691.784021679634   9375.372466843433   9806.898820751912  1.3975824217060108e+43   2.602193855744105e+43   4.760675183947341e+43 
 54197.846616541356  1605069702555473.2  2377163919382453.5  4774045545971899.0   6691.784021679634   9375.372466843433   9806.898820751912   1.345496890862794e+43   2.516783700814348e+43   4.670806221457093e+43 
  54200.77794486216  1572541520946829.0  2347122847302047.0  4731555694490177.0   6691.784021679634   9375.372466843433   9806.898820751912   1.296096115952482e+43   2.437295784893015e+43   4.583365790614784e+43 
  54203.70927318296  1541006357174329.2  2317729435878887.0  4689869524390961.0   6691.784021679634   9375.372466843433   9806.898820751912  1.2493631309156532e+43   2.360791657550139e+43   4.498250057121256e+43 
 54206.640601503765  1510426153436822.8  2288960513736702.5  4648955547698973.0   6691.784021679634   9375.372466843433   9806.898820751912  1.2047340890359713e+43    2.28712818829144e+43   4.415338633952179e+43 
  54209.57192982456  1480480356554221.0  2255179457486042.0  4608787538454111.0   6691.784021679634   9375.372466843433   9806.898820751912  1.1620906362140868e+43  2.2208183078665669e+43   4.334542518305387e+43 
  54212.50325814536  1450001107148125.0  2227041396479435.5  4569339344136448.0   6691.784021679634   9375.372466843433   9806.898820751912  1.1213299136898496e+43  2.1636161215219539e+43   4.255761942085394e+43 
  54215.43458646617  1420512324117803.2  2199475447880228.2  4530586029636213.0   6691.784021679634   9375.372466843433   9806.898820751912  1.0823450799112846e+43  2.1083218571381438e+43   4.178917258617315e+43 
  54218.36591478697  1391974651664834.5  2172462019362368.0  4492504343605331.0   6691.784021679634   9375.372466843433   9806.898820751912  1.0450422897822757e+43  2.0548487147866597e+43   4.103920939446983e+43 
  54221.29724310777  1364881814449165.0  2145689635747872.8  4455071927223766.0   6691.784021679634   9375.372466843433   9806.898820751912  1.0093336373787824e+43   2.003112633721503e+43   4.030699021668611e+43 
 54224.228571428575  1338798157221573.2  2112094933187986.2  4407969470435628.5   6691.784021679634   9375.372466843433   9806.898820751912   9.763485702886785e+42   1.945272611280558e+43  3.9591814697008974e+43 
  54227.15989974938  1313473528101017.8  2079235555482608.2  4358837306604262.5   6691.784021679634   9375.372466843433   9806.898820751912   9.478906074452993e+42  1.8851498988558157e+43  3.8768029942649493e+43 
 54230.091228070174  1288882903933829.8  2047077284086734.5  4310675385944411.0   6691.784021679634   9375.372466843433   9806.898820751912   9.155339918925927e+42  1.8272560422011856e+43   3.793523460751053e+43 
  54233.02255639098  1264994313997792.0  2015622967064729.5  4263433024433473.0   6691.784021679634   9375.372466843433   9806.898820751912   8.844605955494383e+42  1.7714963866674564e+43   3.712394367779046e+43 
  54235.95388471178  1241950183253269.0  1984838100742645.2  4217087027345565.5   6691.784021679634   9375.372466843433   9806.898820751912   8.546887924002728e+42  1.7177731907499694e+43   3.631052255070114e+43 
  54238.88521303258  1220996076347346.8  1954708033401691.0  4171615066518437.5   6691.784021679634   9375.372466843433   9806.898820751912   8.261520325488437e+42  1.6660029575088235e+43   3.545537559603758e+43 
 54241.816541353386  1201288273331236.0  1925210865122798.0  4126989753286905.5   6691.784021679634   9375.372466843433   9806.898820751912   7.988617807221394e+42  1.6161010974131432e+43   3.462381972454452e+43 
  54244.74786967419  1182531659646322.5  1896332250781909.2  4083190757044490.5   6691.784021679634   9375.372466843433   9806.898820751912   7.727369533195064e+42  1.5679892630084173e+43  3.3815100388644936e+43 
  54247.67919799499  1163558072175153.0  1868053654609261.8  4040196091408605.0   6691.784021679634   9375.372466843433   9806.898820751912   7.478556712706796e+42  1.5215932668082382e+43  3.3028473700706584e+43 
  54250.61052631579  1143505402264135.0  1840596315519767.5  3997985696648519.0   6691.784021679634   9375.372466843433   9806.898820751912   7.242758821171738e+42  1.4768422474533654e+43   3.226322227285009e+43 
  54253.54185463659  1123965626321061.4  1813916539058967.0  3956536673640820.0   6691.784021679634   9375.372466843433   9806.898820751912   7.016762037100244e+42  1.4336695911661748e+43   3.151866922533786e+43 
 54256.473182957394  1104922919484228.1  1787773342621379.0  3915830733137673.5   6691.784021679634   9375.372466843433   9806.898820751912    6.79939597286328e+42   1.392008135109511e+43   3.076945834338629e+43 
   54259.4045112782  1086358348571544.1  1762155481497137.0  3875847592148251.0   6691.784021679634   9375.372466843433   9806.898820751912   6.590276597537119e+42  1.3517977434495204e+43   3.011957337900254e+43 
    54262.335839599  1068256976708657.4  1738832023384950.0  3836568639876707.0   6691.784021679634   9375.372466843433   9806.898820751912   6.389022100574362e+42  1.3188804440625636e+43   2.948510543056485e+43 
   54265.2671679198  1050603504127477.1  1716918858059904.5  3797975517921186.5   6691.784021679634   9375.372466843433   9806.898820751912   6.195284907338678e+42   1.287388876295823e+43  2.8865643844768727e+43 
 54268.198496240606  1033573157828698.5  1695382947877016.5  3760051035482215.0   6691.784021679634   9375.372466843433   9806.898820751912   6.008726229943721e+42  1.2568779664862114e+43  2.8260770220106896e+43 
  54271.12982456141  1017052439532916.1  1674354178936643.8  3722778188456947.0   6691.784021679634   9375.372466843433   9806.898820751912   5.829026156289464e+42   1.224401493751218e+43  2.7670097478779346e+43 
 54274.061152882205  1000959699319017.4  1653888234442548.5  3686140026023333.0   6691.784021679634   9375.372466843433   9806.898820751912   5.655884595109878e+42  1.1895595216009803e+43   2.709324596968212e+43 
  54276.99248120301   985459109941301.1  1633763125729157.0  3650121027317232.5   6691.784021679634   9375.372466843433   9806.898820751912   5.489016142689707e+42   1.155909392586857e+43  2.6529838945176687e+43 
  54279.92380952381   970311811242282.0  1613971542940200.0  3614107140287984.0   6691.784021679634   9375.372466843433   9806.898820751912   5.328150409798618e+42  1.1234036452781104e+43  2.5979521657147996e+43 
  54282.85513784461   955506690411061.0  1594507337604182.8  3573309292665460.5   6691.784021679634   9375.372466843433   9806.898820751912  5.1698794597781315e+42  1.0919971199833047e+43  2.5494625578249403e+43 
  54285.78646616542   941086329564970.8  1576544430173698.0  3533220393689809.0   6691.784021679634   9375.372466843433   9806.898820751912   5.013266877121607e+42  1.0616466633025479e+43  2.5040878875418715e+43 
  54288.71779448622   927309522515469.0  1559981312797929.0  3493816114140215.5   6691.784021679634   9375.372466843433   9806.898820751912  4.8624654025817615e+42    1.03230615403859e+43  2.4595367012080495e+43 
  54291.64912280702   913824547845605.0  1543643480881494.2  3455098447015469.5   6691.784021679634   9375.372466843433   9806.898820751912   4.717578937681818e+42  1.0039482331181049e+43  2.4158111037252746e+43 
  54294.58045112782   900623894749345.2  1527517073476630.5  3417038186480409.0   6691.784021679634   9375.372466843433   9806.898820751912  4.5799572596826554e+42   9.765263185963376e+42  2.3728821242124836e+43 
  54297.51177944862   887698724822337.2  1511599672603107.0  3379621101833387.5   6691.784021679634   9375.372466843433   9806.898820751912   4.447238372380996e+42   9.500051551235229e+42   2.330734431003193e+43 
 54300.443107769424   875041294518613.0  1495888680894535.5  3342831683091295.0   6691.784021679634   9375.372466843433   9806.898820751912   4.319217516777663e+42   9.243508441360011e+42   2.295394807974919e+43 
  54303.37443609023   862644006112993.2  1480379991879357.0  3306655588695420.0   6691.784021679634   9375.372466843433   9806.898820751912   4.195700890444095e+42   8.995303311238124e+42   2.262556602563531e+43 
  54306.30576441103   850499626801854.2  1465070680775575.5  3271078623682231.5   6691.784021679634   9375.372466843433   9806.898820751912   4.076497264983101e+42    8.75512157538866e+42  2.2268779966907752e+43 
  54309.23709273183   838601203970283.2  1448634960132475.5  3236087001680587.5   6691.784021679634   9375.372466843433   9806.898820751912   3.961426477190386e+42    8.52266030908074e+42  2.1863407632657811e+43 
  54312.16842105264   826941930512186.8  1431828651916308.5  3201667255370087.0   6691.784021679634   9375.372466843433   9806.898820751912  3.8503216303151846e+42    8.29763115028712e+42  2.1452832906788343e+43 
  54315.09974937343   815515461140664.9  1415281962696712.0  3167805965848914.0   6691.784021679634   9375.372466843433   9806.898820751912  3.7430165733385356e+42   8.079757718880065e+42   2.106518080938439e+43 
 54318.031077694235   804354003500594.0  1398990153515265.0  3134490322396458.5   6691.784021679634   9375.372466843433   9806.898820751912  3.6393560142713954e+42   7.874471067491599e+42  2.0752567188449716e+43 
  54320.96240601504   793437251788545.5  1382948131614617.8  3101708122352513.5   6691.784021679634   9375.372466843433   9806.898820751912  3.5391972900537594e+42     7.6770465375816e+42   2.044459347647685e+43 
  54323.89373433584   782731685408466.0  1367151117906079.5  3069447027586574.5   6691.784021679634   9375.372466843433   9806.898820751912  3.4423967856246667e+42   7.485493573741907e+42  2.0112842340371143e+43 
 54326.825062656644   772231843327718.9  1351594277413597.5  3037695166635419.0   6691.784021679634   9375.372466843433   9806.898820751912  3.3488244637358235e+42   7.299612286645518e+42   1.978726839902742e+43 
  54329.75639097745   761932356859009.1  1336273104714279.5  3006441178091951.5   6691.784021679634   9375.372466843433   9806.898820751912    3.25834958244923e+42    7.11920947251027e+42  1.9430436280072649e+43 
  54332.68771929825   751828148777946.0  1321183166259792.2  2975673863882099.5   6691.784021679634   9375.372466843433   9806.898820751912  3.1708510186401375e+42   6.944097939988469e+42  1.9081085599949562e+43 
 54335.619047619046   741914216959899.4  1306320035377532.5  2945382489928799.0   6691.784021679634   9375.372466843433   9806.898820751912   3.086223207109409e+42   6.774098392405461e+42   1.873904067097033e+43 
  54338.55037593985   732185689671380.5  1291679403365725.0  2915556502349344.0   6691.784021679634   9375.372466843433   9806.898820751912   3.005057265347621e+42   6.615601730281649e+42  1.8388226865443304e+43 
  54341.48170426065   722637897400055.4  1277099299780380.2  2885932199636892.5   6691.784021679634   9375.372466843433   9806.898820751912  2.9264782444599467e+42   6.465506686251622e+42   1.804147252051922e+43 
 54344.413032581455   713266331071868.4  1261175074544896.0  2850758950805684.5   6691.784021679634   9375.372466843433   9806.898820751912   2.850388450422386e+42   6.319371851459689e+42  1.7701598463993833e+43 
  54347.34436090226   704066653698849.4  1245526900444317.8  2816178124427842.5   6691.784021679634   9375.372466843433   9806.898820751912  2.7766937694791076e+42   6.177079268700109e+42   1.742814563582892e+43 
  54350.27568922306   695034602367854.1  1230148569203420.0  2789464256153591.5   6691.784021679634   9375.372466843433   9806.898820751912  2.7053044793270947e+42   6.038514843466659e+42  1.7187413684759423e+43 
 54353.207017543864   686166158234928.4  1215033845956496.8  2765244883198701.0   6691.784021679634   9375.372466843433   9806.898820751912  2.6361356748385068e+42   5.903567673877693e+42  1.6950278908851812e+43 
  54356.13834586467   677457291858937.4  1200176901878225.0  2741314734405227.0   6691.784021679634   9375.372466843433   9806.898820751912  2.5691055446658046e+42   5.772129060305046e+42   1.671667127236207e+43 
  54359.06967418546   668904090616452.4  1185571872673167.0  2717667913398343.5   6691.784021679634   9375.372466843433   9806.898820751912   2.504136343629005e+42   5.644095713461116e+42  1.6465279828130454e+43 
 54362.001002506266   660502586022805.2  1171210838925209.0  2694290808212957.5   6691.784021679634   9375.372466843433   9806.898820751912  2.4411476372132487e+42    5.51936848229052e+42  1.6217234956531302e+43 
  54364.93233082707   652249496084511.4  1157094182163038.8  2671654550271431.0   6691.784021679634   9375.372466843433   9806.898820751912  2.3800732366142697e+42  5.3978376671263044e+42   1.595391943538643e+43 
  54367.86365914787   644141675491573.0  1143212770374537.5  2649709781255214.0   6691.784021679634   9375.372466843433   9806.898820751912  2.3208499982514912e+42   5.279442802649597e+42   1.574939728357801e+43 
 54370.794987468675   636175099702767.6  1129561439717885.5  2628068690414305.0   6691.784021679634   9375.372466843433   9806.898820751912  2.2634047190388438e+42  5.1640691482230706e+42  1.5549283421245911e+43 
  54373.72631578948   628346672182090.9  1116135483659480.8  2606726054514264.5   6691.784021679634   9375.372466843433   9806.898820751912  2.2076732443186578e+42   5.051630763399256e+42  1.5332940443109602e+43 
  54376.65764411028   620653107062077.9  1102930074790222.5  2585675132721902.0   6691.784021679634   9375.372466843433   9806.898820751912  2.1535150414041962e+42  4.9420442733489895e+42  1.5105315900035637e+43 
  54379.58897243108   613091326379499.5  1089940301152064.5  2564910044550308.5   6691.784021679634   9375.372466843433   9806.898820751912  2.1005386712501322e+42  4.8352268848296274e+42  1.4881330557482395e+43 
  54382.52030075188   605658308556500.0  1077161764404155.2  2544424887274130.5   6691.784021679634   9375.372466843433   9806.898820751912   2.049137875805514e+42  4.7310997436148374e+42  1.4660924935428823e+43 
  54385.45162907268   598351115981556.6  1064590044974253.4  2524213901065687.0   6691.784021679634   9375.372466843433   9806.898820751912  1.9992558933498063e+42  4.6275656999148606e+42   1.443902048344156e+43 
 54388.382957393485   591166945847063.5  1052220481269180.9  2504271472041391.0   6691.784021679634   9375.372466843433   9806.898820751912  1.9508409758689698e+42  4.5220857271946785e+42  1.4197737314548827e+43 
  54391.31428571429   584103006961246.8  1040049064562710.0  2484592080232046.5   6691.784021679634   9375.372466843433   9806.898820751912   1.903841501725736e+42   4.419465477402167e+42   1.396058284873321e+43 
  54394.24561403509   577156602890256.6  1028071505433701.2  2465170321901998.5   6691.784021679634   9375.372466843433   9806.898820751912  1.8582082368155024e+42   4.319614061354572e+42  1.3727490798616862e+43 
 54397.176942355894   570325122520418.2  1016283822349850.8  2446000874860346.5   6691.784021679634   9375.372466843433   9806.898820751912  1.8138942892985408e+42   4.222444691501297e+42  1.3498395972536578e+43 
  54400.10827067669   563606034807145.8  1004682047540918.2  2427078700580998.5   6691.784021679634   9375.372466843433   9806.898820751912  1.7708542373541035e+42  4.1278732320816265e+42  1.3273234261619616e+43 
  54403.03959899749  556996869487893.06   993262364990453.6  2408398748751544.0   6691.784021679634   9375.372466843433   9806.898820751912  1.7290443421524034e+42   4.035818852009419e+42  1.3051941826450662e+43 
 54405.970927318296  550495235063609.44   982021041626259.1  2389956167364982.0   6691.784021679634   9375.372466843433   9806.898820751912  1.6884233322874468e+42   3.946203714404566e+42  1.2834455679124476e+43 
   54408.9022556391  544098804865761.75   970954437210595.2  2371277140234963.0   6691.784021679634   9375.372466843433   9806.898820751912   1.648951196982891e+42   3.858952447653255e+42  1.2620713761843272e+43 
   54411.8335839599  537805326603831.25   960058998511546.2  2349626761395820.5   6691.784021679634   9375.372466843433   9806.898820751912   1.610589482851872e+42  3.7739922483886315e+42   1.241065495894965e+43 
 54414.764912280705   531612586906402.8   949331272794477.0  2328286729059628.0   6691.784021679634   9375.372466843433   9806.898820751912   1.573300983971717e+42   3.691253053497655e+42  1.2204219111211793e+43 
  54417.69624060151   525518438876799.8   938767881090493.5  2310198220440743.0   6691.784021679634   9375.372466843433   9806.898820751912   1.537050110280795e+42  3.6106672541203064e+42  1.2001346824597024e+43 
  54420.62756892231  519520798393030.75   928365539407074.0  2295551256423767.5   6691.784021679634   9375.372466843433   9806.898820751912  1.5018027159340527e+42  3.5321696162255136e+42  1.1801979740159055e+43 
  54423.55889724311   513617637629104.4   918121051508124.2  2280997580588607.5   6691.784021679634   9375.372466843433   9806.898820751912  1.4675260051135432e+42  3.4556972828770464e+42  1.1606059147648306e+43 
  54426.49022556391   507806986604788.9   908031287703745.8  2266536394639548.0   6691.784021679634   9375.372466843433   9806.898820751912    1.43418848503699e+42  3.3811893339831926e+42  1.1413527998356346e+43 
  54429.42155388471   502086925515538.1   898093215473225.2  2252166898492746.5   6691.784021679634   9375.372466843433   9806.898820751912  1.4017597279767043e+42   3.308587426140716e+42   1.125548641406281e+43 
 54432.352882205516   496455583408382.8   888303887904450.0  2237888398891931.5   6691.784021679634   9375.372466843433   9806.898820751912  1.3702104548215019e+42   3.237834750442388e+42  1.1104692783971309e+43 
  54435.28421052632   490911160900452.9   878660358498561.0  2223700150826881.0   6691.784021679634   9375.372466843433   9806.898820751912  1.3395124794336051e+42   3.168876097418327e+42  1.0940282339255232e+43 
  54438.21553884712   485451870014981.4   869159825021753.5  2209601423498939.8   6691.784021679634   9375.372466843433   9806.898820751912  1.3096386819438662e+42   3.102687230065971e+42   1.077868460201449e+43 
 54441.146867167925   480075965722797.9   859799510061707.6  2195591496080607.8   6691.784021679634   9375.372466843433   9806.898820751912  1.2805629328740905e+42  3.0392726289190665e+42  1.0619845301739517e+43 
  54444.07819548872   474781763649358.0   850576709437954.5  2181669673714892.8   6691.784021679634   9375.372466843433   9806.898820751912  1.2522600585407238e+42   2.977409457361504e+42  1.0463711286221892e+43 
 54447.009523809524  469567623663634.94   842136681281986.5  2167835307591480.2   6691.784021679634   9375.372466843433   9806.898820751912  1.2247058308608821e+42    2.91818803187125e+42  1.0310230774364709e+43 
  54449.94085213033   464431954648974.6   833990338012672.8  2154087835195753.0   6691.784021679634   9375.372466843433   9806.898820751912  1.1978766632515361e+42   2.860418551996913e+42  1.0159353279332123e+43 
  54452.87218045113  459372523055685.56   825948594215966.6  2140424511468662.0   6691.784021679634   9375.372466843433   9806.898820751912  1.1717503566850884e+42   2.803978104701801e+42  1.0011005618568517e+43 
  54455.80350877193  454389533580241.25   818011397503339.8  2126850067721081.0   6691.784021679634   9375.372466843433   9806.898820751912  1.1463057101038077e+42  2.7488569610748047e+42   9.861728890289264e+42 
 54458.734837092736  449480275695500.44   810175437948448.8  2113360006278253.0   6691.784021679634   9375.372466843433   9806.898820751912  1.1215210797854771e+42  2.6950036623195736e+42   9.697475360351305e+42 
  54461.66616541354   444643388666088.3   802439232149023.2  2099954316594202.8   6691.784021679634   9375.372466843433   9806.898820751912    1.09737670889997e+42  2.6423843358789864e+42   9.536264658712004e+42 
 54464.597493734334  439877543330109.25   794801281089722.6  2086632411804299.5   6691.784021679634   9375.372466843433   9806.898820751912  1.0738528663155134e+42   2.590969286679991e+42   9.378039256986937e+42 
  54467.52882205514   435181343420769.9   787260000884747.9  2070465926771306.5   6691.784021679634   9375.372466843433   9806.898820751912  1.0509308854795056e+42   2.540726220261627e+42    9.22274084146506e+42 
  54470.46015037594  430553467037395.44   779813810841567.5  2054167199950684.5   6691.784021679634   9375.372466843433   9806.898820751912  1.0285926653886794e+42   2.491624952705006e+42   9.070312625388342e+42 
  54473.39147869674   425992621584975.5   772461283594998.5  2038015619824317.2   6691.784021679634   9375.372466843433   9806.898820751912  1.0068206935417107e+42  2.4436359889408564e+42   8.920698438367757e+42 
  54476.32280701755  421497565857813.44   765200890565316.6  2022009710266206.0   6691.784021679634   9375.372466843433   9806.898820751912   9.855981908742048e+41   2.396730895586838e+42    8.77384353770666e+42 
  54479.25413533835   417067012020432.2   758031141676943.0  2006147858855430.8   6691.784021679634   9375.372466843433   9806.898820751912   9.649089303148103e+41  2.3508810053896703e+42   8.629693914005829e+42 
  54482.18546365915   412699768423378.7   750950642030863.8  1990428571904134.0   6691.784021679634   9375.372466843433   9806.898820751912   9.447371084337963e+41  2.3060597481154935e+42   8.488196490766276e+42 
  54485.11679197995   408394642095085.3   743957967013383.5  1974850392097033.5   6691.784021679634   9375.372466843433   9806.898820751912   9.250675592893346e+41   2.262240520284128e+42   8.349299408830967e+42 
  54488.04812030075   404150474627277.3   737051750133855.1  1959411851713964.2   6691.784021679634   9375.372466843433   9806.898820751912   9.058856306263395e+41  2.2193979001855207e+42   8.212951818384957e+42 
 54490.979448621554   399966135931044.7   730230636699967.8  1944111519945829.8   6691.784021679634   9375.372466843433   9806.898820751912   8.871770623785091e+41  2.1775069423015622e+42   8.079103919438321e+42 
  54493.91077694236  395840523729902.94   723064335760745.9  1928947993175477.8   6691.784021679634   9375.372466843433   9806.898820751912   8.689281626527914e+41  2.1365435512675295e+42   7.947706830931675e+42 
  54496.84210526316  391772558341564.75   715811579282934.2  1913919890097750.5   6691.784021679634   9375.372466843433   9806.898820751912   8.511257328081181e+41   2.096484298446012e+42   7.818712595781527e+42 
  54499.77343358396   387761187939928.6   708655447871350.5  1899025843069489.5   6691.784021679634   9375.372466843433   9806.898820751912   8.337569742173236e+41  2.0573063663961043e+42   7.692074166824762e+42 
 54502.704761904766   383805385750969.9   701594288967431.5  1884264518742131.8   6691.784021679634   9375.372466843433   9806.898820751912   8.168096058740522e+41  2.0189875682397284e+42     7.5677454937222e+42 
  54505.63609022557  379904148470100.56   694626482291539.0  1868622213068433.5   6691.784021679634   9375.372466843433   9806.898820751912   8.002715401507828e+41  1.9815063742692624e+42   7.445681432000919e+42 
 54508.567418546365   376056493536269.1   687750450181882.5  1852865278859900.2   6691.784021679634   9375.372466843433   9806.898820751912   7.841312018993579e+41   1.944841861034843e+42   7.325837727486943e+42 
  54511.49874686717  372261460749551.25   680964638237445.9  1837276759355012.8   6691.784021679634   9375.372466843433   9806.898820751912   7.683773938921802e+41   1.908973691200116e+42   7.208171005337606e+42 
  54514.43007518797   368518112916683.1   674267527988017.2  1821854436950705.5   6691.784021679634   9375.372466843433   9806.898820751912   7.529992973061268e+41  1.8738820975625457e+42   7.092639072037081e+42 
 54517.361403508774   364825533959050.1   667657634283176.5  1806528864043172.5   6691.784021679634   9375.372466843433   9806.898820751912   7.379864389605877e+41  1.8395478771064528e+42   6.979200021558634e+42 
  54520.29273182958   361182828358164.6   661133503767154.0  1790252090282407.0   6691.784021679634   9375.372466843433   9806.898820751912   7.233287090490124e+41   1.805952362059224e+42   6.867812899610211e+42 
  54523.22406015038   357589120954079.8   654693710859054.8  1774173042921030.2   6691.784021679634   9375.372466843433   9806.898820751912   7.090162707169308e+41  1.7730774243692547e+42   6.758437681544917e+42 
  54526.15538847118   354043556003849.7   648336859706751.0  1758288752669577.8   6691.784021679634   9375.372466843433   9806.898820751912   6.950396345640519e+41  1.7409054105208938e+42   6.651035164430681e+42 
  54529.08671679198   350545295672061.7   642061591364645.5  1742596309678686.5   6691.784021679634   9375.372466843433   9806.898820751912   6.813895813373749e+41  1.7094190459937926e+42   6.545567081478779e+42 
  54532.01804511278   347093527070172.7   635866567948122.1  1727092854080791.8   6691.784021679634   9375.372466843433   9806.898820751912   6.680571908110547e+41  1.6786015939489447e+42   6.441995576529191e+42 
 54534.949373433585   343687447405037.9   629750469529219.6  1711775555569806.2   6691.784021679634   9375.372466843433   9806.898820751912   6.550338544747715e+41  1.6484368025822735e+42   6.340283692301243e+42 
  54537.88070175439  340326272479054.25   623712011944703.2  1696641647322823.8   6691.784021679634   9375.372466843433   9806.898820751912  6.4231121352561496e+41  1.6189088639331472e+42   6.240395251853471e+42 
  54540.81203007519   337009231586403.3   617749936999242.2  1681688410791352.8   6691.784021679634   9375.372466843433   9806.898820751912   6.298811524040944e+41  1.5900024072880077e+42     6.1422948042196e+42 
 54543.743358395994  333735574280904.25   611863011486334.5  1667726967792388.2   6691.784021679634   9375.372466843433   9806.898820751912  6.1773582918844395e+41  1.5617025365674292e+42   6.045947611471161e+42 
   54546.6746867168   330504566757231.0   606050027185958.0  1655664673410332.8   6691.784021679634   9375.372466843433   9806.898820751912   6.058676396969106e+41  1.5339946813917114e+42   5.951319635623742e+42 
  54549.60601503759   327315490846483.5   600309805115766.9  1643704136235763.8   6691.784021679634   9375.372466843433   9806.898820751912   5.942692154485831e+41   1.506864682378207e+42   5.858377516890107e+42 
 54552.537343358395   324167647256322.0   594641192872466.5  1631844441863079.8   6691.784021679634   9375.372466843433   9806.898820751912   5.829334150847885e+41  1.4802986837117263e+42   5.767088628941659e+42 
   54555.4686716792   321060348984404.9   589043038155477.2  1620084692850719.8   6691.784021679634   9375.372466843433   9806.898820751912   5.718533207483933e+41  1.4546104945898952e+42   5.677420998943983e+42 
            54558.4   317992919084625.2   583514227011025.2  1608424009611209.5   6691.784021679634   9375.372466843433   9806.898820751912   5.610222155557573e+41  1.4298765865451215e+42   5.604645483695783e+42 
