 log(Bfield)      Mns    Pspin  cutoff_power  cutoff_wavelength  fnickel    kappa  kappagamma   mejecta  log(nhhost)  temperature  texplosion  thetaPB     vejecta      A_V        MJD_0   log(KE)     M_Ni  Peak_mag     Peak_MJD 
    13.83726  1.17224  5.39212       2.10388         2315.52097  0.11939  0.12519     0.24363   3.85402     20.31102   5739.44992    -5.37321  1.37339  5334.31739   0.1137   58383.7635  51.95333  6.31688  18.55694  58436.14453 
     14.2139  1.75722  7.33816       0.75626         3312.71913  0.01778  0.05412      0.0638   7.08559     16.56312    6490.2763    -6.63812  0.88294  3894.88371    2e-05   58382.4986  51.74702  1.09705  18.56889  58436.14453 
    13.94536  1.38064  6.33741       2.05967         3316.20829  0.00208  0.18344     0.42158    3.2305     18.74139   6191.76766    -8.49472  1.03724  4818.51047  0.00306    58380.642  51.84353  0.10469  18.58887  58442.56067 
    14.64254   1.7182   6.5218       0.60823         2977.12197  0.00662  0.07229     0.11716   9.04279     19.81963   5504.11047     -6.2164  0.27536  4477.94296  0.03667  58382.92032  51.89233  0.43166  18.64213  58442.56067 
    14.11406  1.74231  6.78437       0.61159         2833.87238  0.00688  0.03447      0.0719  11.96617     20.34305   4806.14594    -6.24645  1.07673  4479.59976   0.1224  58382.89027  51.91881  0.47674  18.56401  58439.16208 
    14.10783  1.85199  7.89338       0.06193         3749.75449  0.00948  0.04508     0.17938    7.4792     17.15531   5026.15766    -5.57988  1.46356  4726.93202    8e-05  58383.55684  51.92066  0.59275  18.63051  58435.08203 
    14.47609  1.50377  6.66671       1.39526         2668.27731   0.0021   0.0597     0.12409   7.56622     18.08536   5707.61709    -5.56804  0.29758  5040.20912  0.00068  58383.56868  51.97756  0.13167  18.65189  58434.27086 
    14.42628  1.75754  7.55653       0.35085         2805.76335  0.00512  0.06397     0.19143   7.08576     17.08639   3520.81855    -6.63036  0.40504  5488.29812    7e-05  58382.50636  52.04491    0.316  18.60545  58438.26691 
    14.07133  1.51916  6.23477       0.11167         3462.04156  0.00271  0.01804     0.02226  21.33501     16.26523   4011.03512    -5.81889  1.01588  3910.34376    1e-05  58383.31782  51.85025  0.21017  18.65345  58436.26071 
    14.03658  1.40772  5.93775       2.61687         2338.97558  0.00159  0.08874     0.07957   6.08565     19.13408   6680.52315    -7.56418  0.92872   4219.7048  0.00756  58381.57254  51.80084  0.09437  18.62529  58439.16208 
    14.35125  2.00715  8.12794        1.8185         3158.74595  0.00147  0.07948     0.24713   6.64314     19.25941   4553.97434    -5.73433  0.73943  4255.35115   0.0101  58383.40238  51.81729  0.08913  18.58129  58439.16208 
      13.997  1.55656  6.85191       0.12274         2936.38211  0.00302  0.15372     0.21522    1.7364     18.89476   6948.57384    -5.30981  1.04134  5231.44276  0.00436  58383.82691  51.82966  0.12496  18.59121  58438.26691 
    14.40593  1.65654  6.62713       0.92459         2381.94516  0.00335  0.11058      0.2081   4.57557     20.24113   5570.90439    -6.44481  0.40978  5397.26555   0.0968   58382.6919  51.98343  0.18543  18.63521  58438.26691 
    14.02384  1.53545  6.82226        2.3663         2072.07314  0.03815  0.08537     0.15864   5.40624     18.32599   4014.12739    -6.36033  1.29468  4636.99227  0.00118  58382.77639  51.87007  2.20548  18.61204  58442.56067 
    14.14822  1.91269  7.55015       0.20798         3351.67941  0.00105  0.05595      0.3041   8.20261     16.27539   6557.03358     -5.2145  1.56228  4238.40844    1e-05  58383.92221  51.83509  0.06676  18.65311  58442.56067 
      14.343  2.07372  7.97597       0.12902         3450.78781  0.02432  0.07933     0.08617   7.38156     19.14672   4202.17798    -6.52942  0.78935  4648.77735  0.00779   58382.6073  51.90486   1.5151  18.61616  58438.26691 
    14.00391  1.44523  6.39731       3.23098          2566.2848  0.00656  0.06961     0.21301   7.73142     19.25843   4253.83947    -6.14761  0.93041  5063.50129  0.01007  58382.98911  51.98372  0.41301  18.62349  58439.16208 
     14.1396  1.56611  6.65713       0.14016         2699.86745  0.00467   0.2472     0.31198    2.1424     18.22676   4702.16191    -6.76509  0.75205  5274.61884  0.00094  58382.37163  51.86758  0.20722  18.61708  58438.26691 
    14.39815  1.94207  7.93972       2.08199         2051.17304  0.00525  0.07685     0.15975   5.73185     16.29484    3671.2221     -5.5794  0.62422  4562.81596    1e-05  58383.55732  51.86237  0.30796  18.57869  58436.26071 
    14.56548  1.62127  6.52516       1.72165         2606.33535  0.00133  0.05342     0.06121    7.4726      17.2572   5242.70508    -5.44828    0.325  3468.80517   0.0001  58383.68844  51.65177  0.08334  18.59481  58439.16208 
     14.3145  1.65259   7.2702       3.66125         3420.35592  0.00697  0.02775     0.04906  14.23846     17.98952   7320.94024    -4.20837  0.80482  2691.42696  0.00054  58384.92834  51.49178  0.50069  18.61943  58442.56067 
    14.10757  1.82848  7.48193       1.51312         2076.41091  0.00263  0.16686     0.20093   3.17206     17.03742   4456.02577    -5.84344  1.08141  5349.70369    6e-05  58383.29328  51.93208  0.13192  18.56419  58439.16208 
    14.94438  1.89072  7.13041       0.04534         2612.43286  0.00583  0.20379     0.23273   1.80524     20.01932   7143.67987    -4.97464  0.15906  4359.65182  0.05808  58384.16208  51.67719  0.24473  18.60877  58438.26691 
    14.67062  1.86976   7.4205       0.58084          2382.0007  0.01237  0.04414     0.09321  14.53299     16.56251    3397.0239    -6.90816  0.30856  4588.62432    2e-05  58382.22856  51.95697  0.89228  18.64411  58435.76349 
    14.36253  1.38505  6.15782       0.20292         2690.09171  0.02156  0.07212     0.11133   5.22476     16.67142   6253.06975    -5.76053  0.34307  4810.15911    3e-05  58383.37619  51.89819  1.23545  18.64586  58442.56067 
    14.02311  1.58201  6.93043       0.75293         3636.35032   0.0048  0.02975     0.05084  14.25753     18.33141   5748.27753    -6.11115  1.46165  4276.96015  0.00119  58383.02557   51.8942  0.34468  18.66016  58438.26691 
    13.87823   1.3714  6.09981         0.032         4816.27199   0.0126  0.08926     0.14618   4.43649     17.64685   7085.51065    -6.74386   1.5667  4960.58215  0.00025  58382.39286  51.90663  0.69218  18.53638  58442.56067 
    14.30613  1.90321  8.16834       0.49285         3963.27785  0.00641  0.03949     0.18097   6.25438     18.86422   5617.47906    -5.54849  0.71911  4135.29236  0.00406  58383.58823  51.78616  0.38408  18.59346  58439.16208 
    14.22754  1.68798  7.12965       0.22748         4495.89634  0.00334  0.15801     0.31514   2.75376     16.01672   5506.17489    -5.35825  0.81395  4431.99991    1e-05  58383.77846  51.75052  0.16031   18.6346  58439.16208 
    14.10669  1.79104  7.35617       0.17212          3553.4518  0.01618  0.04674     0.08571   8.29317     17.33306   5558.34145    -6.12244  1.56046  4239.82619  0.00012  58383.01427  51.83646  1.03523  18.52081  58438.26691 
    14.06598  1.53139  6.67148       0.44032         3711.67219  0.02392  0.04644     0.04819  11.21906     17.09266    3367.2634    -6.29928  1.11245   4466.0915    7e-05  58382.83744  51.91031  1.63514   18.6114  58438.26691 
    14.13146  1.88206  7.40925       0.22912         2375.74989  0.00119  0.03642     0.06498  11.04424     18.47008   7730.10066    -5.89283  1.39574  4310.45661  0.00164  58383.24389  51.87805  0.08111  18.64053  58438.26691 
    13.91474  1.41542  6.27506       2.29975         2264.54782   0.0016  0.12417     0.34758   3.77216     18.07749   4583.61831    -6.79661  1.41519  4852.61566  0.00066  58382.34011  51.86857  0.08436  18.57623  58439.16208 
    14.01463    1.583  6.94918       1.63837         3438.22429   0.0029  0.17055      0.2181   2.55371     17.60726   4567.23444    -5.74013  1.25751  4111.31121  0.00022  58383.39659  51.67531  0.13607  18.67269  58435.76349 
    14.13974  1.62261   6.6291        0.2439         2573.68888  0.00272  0.04369     0.44026   6.53694     18.89274   4791.23895    -6.33688  0.94517  3952.54256  0.00434  58382.79984  51.75151  0.16481  18.57483  58438.26691 
     14.2498  1.80919  6.43576       0.04868         4172.28056  0.00311   0.0313     0.02008  20.55488     17.36005   5268.22153     -6.3539  1.11609  3736.39644  0.00013  58382.78282   51.8077  0.24017  18.57215  58436.26071 
    14.54081  1.98975  7.65679       0.78572         2477.65378  0.00794  0.10345     0.08698   3.32408     16.52928   7782.39613    -6.48618  0.48335  3554.14719    2e-05  58382.65053  51.58272  0.40333  18.60036  58436.26071 
    14.00379  1.69866  6.91691       0.83038         2208.33105  0.00152  0.15028     0.34965   2.89098     19.89174   3606.88987    -7.31462  1.53831  4677.92995   0.0433   58381.8221  51.80373  0.07417  18.57093  58439.16208 
    14.39953  1.83625  5.74359        0.0544         4227.22474  0.02976    0.031     0.05825  28.27058     18.90675   9098.53606    -5.74561  1.13977  3930.08544  0.00448  58383.39111  51.87681   2.4319   18.6745  58432.36489 
    14.19889  1.81791  7.70668       1.00819         3331.92243  0.00633  0.08397     0.12339    6.5697     18.13895   3487.32935    -6.41184  0.83503   5082.9454  0.00077  58382.72488   51.9705  0.38363  18.56779  58439.16208 
    14.16643  1.74245  7.06725       0.10807         3041.55303  0.00247  0.07718     0.27184   4.75435     19.94789   5527.17895    -5.94663  0.98377  4266.04618  0.04927  58383.19009  51.78346  0.13822  18.59911  58439.16208 
    14.11703  1.45002  6.20703       0.22731         3884.67677   0.0108  0.02645     0.02845  17.09691     16.48895   3538.22921    -7.69631  0.92407  3855.09445    2e-05   58381.4404   51.8196  0.80389  18.61191  58435.17969 
    14.14081  1.63899  6.86856       1.02818         2607.01641   0.0041  0.07583     0.33618   6.69703     18.03557   5958.92773    -6.50451  0.88477  4816.61458   0.0006   58382.6322  51.92574  0.24964  18.69374  58438.26691 
    14.46866  1.60149   6.4682       0.39337         3221.73073   0.0145  0.09816     0.14179   6.69862     20.12625   6346.59368    -6.29207  0.38275   5106.7256   0.0743  58382.84465  51.97657   0.8833  18.68867  58436.14453 
    14.34475  1.63045  6.69617       2.35942         2331.73774  0.00104  0.05774     0.09908   7.09066     20.11469   5648.74093    -5.76852  0.48445  4419.42755  0.07235   58383.3682  51.85684  0.06422  18.58087  58439.16208 
     13.7693  1.20005  5.96044       2.95414         3104.63583   0.0028  0.16753      0.2793   2.15824     18.15789   3528.68569    -6.55588   1.5421  4638.81999   0.0008  58382.58084  51.75705   0.1247  18.65935  58438.26691 
    14.38987  1.78502   7.1664       0.28979         3048.64885  0.00132  0.07955     0.15865   4.45193     16.46264   6656.50351    -6.76296   0.5218    4085.822    2e-05  58382.37376  51.73852  0.07283  18.58839  58439.16208 
    14.09006  1.63445  7.02812       0.73412         2347.11289  0.00352  0.03226     0.08008  10.24843     17.55639   5629.89257    -4.75718  1.17254  4602.02349   0.0002  58384.37954  51.92796  0.23578  18.62535  58436.14453 
    14.19249  1.67699  7.32433        2.3459         2127.67343  0.05914  0.08772     0.20577   4.62738     16.62677   5193.77325    -5.12528  0.74592   4678.2994    2e-05  58384.01144  51.86053  3.28557  18.68466  58435.08203 
    14.08676  1.62128  6.65971       0.00446         4190.32052  0.01575  0.06258     0.11887   6.65741     18.04468   6103.89619    -6.61813  1.00415  4495.36365  0.00062  58382.51859  51.86518  0.95797  18.60279  58439.16208 
    14.14079  1.73966   6.9866       0.40605         2211.21602  0.00776  0.04789     0.09731   7.10662     19.25134    4914.4427    -5.41624  1.41189  4047.30521  0.00991  58383.72048  51.78067  0.47898  18.62663  58439.16208 
    13.99125  1.38277  6.08208       1.38383         2044.87113  0.00814  0.04944     0.06019    7.9775     18.69927   4918.03539    -6.04161  1.13434  4184.57208  0.00278  58383.09511  51.82124  0.51628  18.64573  58435.08203 
    13.98847  1.49247  6.68328       0.27108         4240.66105  0.01692  0.04241     0.09202  10.21985      19.1043   4273.69094    -6.27885  1.50157  4776.22994  0.00706  58382.85787  51.95997  1.13401  18.67719  58435.17969 
    14.01003  1.29378  6.14552       1.06717         3619.35659  0.01871  0.06471     0.08776   8.93373     18.10732   4374.35252    -6.43951  0.84216   4834.4667  0.00071   58382.6972   51.9577  1.21754  18.65359  58438.26691 
    14.52689  1.76111  6.65505       1.26596         2519.91821  0.00856  0.04194     0.13756  13.75707     20.18203   5151.54622    -8.44934  0.33733  4603.99307  0.08448  58380.68738  51.95506  0.61009  18.63621  58434.13281 
    14.32174  1.50805  5.36253       0.55998         2435.41039  0.03075  0.08484     0.17304   6.40589     20.64562   4394.84031    -6.87758  0.47872  4572.41867  0.24567  58382.25914  51.87594  1.85278    18.633  58435.17969 
     14.1964  1.28789  6.23852       1.56468         3524.18195  0.00338  0.05653     0.08089   5.71253     18.00515    6338.0697    -5.72351  0.43259   4200.0427  0.00056  58383.41321  51.79005  0.19833  18.59281  58439.16208 
    13.92968  1.30733  5.77812       0.02775         3904.97954   0.0078  0.02629     0.08696  11.17465     17.71035   5895.66873    -6.21154  1.37945   3977.4835  0.00029  58382.92518   51.8093  0.53289  18.67014  58430.28049 
    14.35123  1.38943  6.40582       4.41222         3229.75396  0.01216   0.0513      0.0429   8.89939     20.21713   5188.58431    -5.41532   0.3699  4276.53388  0.09159  58383.72139  51.85082  0.79065  18.59015  58439.16208 
    14.20544  1.98978  8.33378       0.25512         2572.89654  0.07868  0.06956     0.07256   7.85365     19.84677   5571.01373    -7.38209  1.43935  4711.98545  0.03904  58381.75462  51.92279  4.97294  18.59197  58430.08203 
    14.25012  1.44472   6.3198       0.84091         2570.57116  0.00236  0.05986     0.09845   6.68468     17.25664   5705.11978    -6.87267  0.47387  4614.93632   0.0001  58382.26405   51.8884  0.14349  18.59314  58439.16208 
    14.10865  1.68287  6.45708       0.15964         2989.93982  0.01597  0.08853     0.07804   6.29112     19.87199   4803.73512    -6.34514  1.12841  4358.27239  0.04137  58382.79158  51.83239  0.95818  18.64316  58439.16208 
    14.22588  1.55413  6.57322       0.00105         3064.59976  0.00336  0.04223     0.15093  11.02663     18.34799   5643.85049    -6.95149  0.67674  4700.82755  0.00124  58382.18523  51.95321  0.22881  18.67578  58436.26071 
    14.13337  1.62064  6.83115       0.01263         2885.65435   0.0051  0.19925     0.30864   2.20018     17.52653   6892.88645    -7.45825  0.78127  4976.01361  0.00019  58381.67847  51.82071   0.2286  18.61421  58438.26691 
    13.99238  1.54817  7.16918       3.20801          3757.2524  0.00255  0.15914     0.10872    3.0899     16.03337   6696.73263    -6.45186  1.34141  4029.75043    1e-05  58382.68486  51.68267  0.12677  18.68006  58438.26691 
    14.10795  1.64217  6.63097       1.46301         2324.02323  0.00477  0.05436     0.06794  10.86843     18.99726   4041.29969    -6.91745  1.27766  4313.60849  0.00552  58382.21926  51.87721  0.32402  18.54803  58442.56067 
    14.23824  1.88917  7.33378       2.70123         2280.67717  0.00101  0.15678     0.40777   3.46516     19.92703   4385.48539    -6.24409  0.98248  4358.10192  0.04696  58382.89263  51.76496  0.05192  18.60837  58439.16208 
    14.24572  1.94464  7.85145       2.71746         2045.93657  0.00231  0.03318     0.04377  12.72649     19.54667   6236.29147    -6.46306  0.87539  4677.03521  0.01956  58382.67366  51.96182  0.16212  18.55836  58439.16208 
    14.39119  1.85086  7.40069        0.3691         2296.49651  0.00185   0.1339     0.34098   3.73068     18.47487   8483.82101    -6.97677  0.52719  4849.04225  0.00166  58382.15995  51.86661  0.09722  18.67363  58436.26071 
    13.93382  1.40667  5.98005       0.97077          2172.3839  0.00154  0.18038     0.38928   3.46133     18.22303    3982.4576    -6.93561  1.23051  5385.78946  0.00093  58382.20111  51.94872  0.07928  18.63434  58434.27086 
    14.15842  1.35191  5.30184       0.43748         2078.65937  0.00918  0.13778      0.2628   2.90715     20.19342   7641.81969    -6.05252  0.64647  3978.94224  0.08673   58383.0842  51.66388  0.44841  18.59255  58438.26691 
    14.09363  1.83515  6.49031       0.94037         2483.18525  0.00372  0.08735     0.12309   5.85717     20.50442    5330.7907    -6.37303   1.5249  4447.14061  0.17748  58382.76369  51.84238  0.21912  18.58902  58439.16208 
    14.50194  1.32193  5.97381       1.13224         2266.92011  0.01115  0.05849     0.22462   7.92857      16.2219   5490.15928    -5.86254  0.24655  5230.39316    1e-05  58383.27418   52.0144  0.70656   18.6608  58436.26071 
     14.2037   1.8188  6.20193       0.04976         2321.73831  0.02359  0.04812     0.07112   10.8123     20.80475   4903.93495    -5.60965  0.87994   5644.4436  0.35438  58383.52707  52.11029  1.60037  18.59417  58438.26691 
    14.11859  1.78991  6.68033       1.64074         2500.71201  0.00266  0.04132     0.29707  10.86906     20.24917   4274.79158    -7.77553  1.36056  3764.05841   0.0986  58381.36119  51.75884  0.18055  18.64197  58438.26691 
    14.18592   1.6257  7.05425       0.76241         3381.39663  0.00855  0.02493     0.05165  18.66957     16.01831   4517.40368    -6.36125  0.77536   4479.3241    1e-05  58382.77547  51.95731  0.64743  18.56405  58436.26071 
    14.15458  1.71127  7.55299        0.0957           2856.992  0.02932  0.01799     0.08497  16.42565     16.33651   7321.39816    -4.39908  1.30652  4535.58241    1e-05  58384.73764   51.9574  2.16599  18.65242  58436.26071 
    13.92533  1.20127  5.34317       0.91243          3147.3546  0.00113  0.22339     0.43914   2.17171      19.8256   5503.47179    -6.38721  0.93717  4384.48315  0.03718  58382.74951  51.70895  0.05046  18.56954  58439.16208 
    14.25737  1.67501  6.76009       1.01562         2644.21154  0.01154  0.06357     0.07172   7.09278      17.8947    5569.6762    -6.68972  0.64597  3911.30441  0.00044    58382.447  51.75078  0.71234  18.61093  58438.26691 
    13.94427  1.38622  5.99935       0.10753         2652.19289  0.01717  0.04625     0.05645  11.13771     16.53564   5556.38659    -5.95518  1.41714  4772.48006    2e-05  58383.18153  51.96727  1.17231  18.58417  58442.56067 
     14.3292  1.28206  5.79591       1.07151         2189.42059  0.01378  0.04442     0.04382  11.15029     17.36297    4317.1701     -6.1795  0.39343  4619.04505  0.00013  58382.95722  51.93899  0.94071  18.61339  58438.26691 
    14.18786  1.69265  6.87763       1.00079         2793.70025  0.00352  0.04319     0.11369   9.21919     20.38468   5216.16323     -5.9862  0.75299   4820.5318  0.13471  58383.15052  51.95822  0.23096  18.61142  58438.26691 
    14.09144  1.55061  6.11585       2.54726         2194.49198  0.00152  0.13111     0.26432   4.12397     17.03478   3757.79838    -6.56286   1.2177  3635.78221    6e-05  58382.57385  51.62833  0.08194  18.60658  58436.26071 
     14.1738  1.74719  7.25779       4.08223         2581.08803  0.00381  0.25739     0.47722   1.62922     16.62441   3370.83505    -5.45942  1.06286  3511.30295    2e-05   58383.6773  51.47358  0.15428  18.68489  58432.36489 
     14.2947  1.65643   7.1031       4.19096         3344.20147  0.01627  0.07101     0.12245  10.57149     18.49314    6113.0102    -5.98255  0.67989  4262.83581  0.00173  58383.15417  51.86435  1.09807  18.60994  58438.26691 
    14.19115   1.8594  7.32532       0.01291          3703.2579  0.01121  0.03243     0.11971   13.7101     16.58727   5760.62323    -5.35782   1.2911  4364.88358    2e-05   58383.7789  51.90844  0.79891  18.62989  58438.26691 
    14.19284  1.83187  7.38639       1.75222         2923.43779  0.01728  0.03892     0.05386  11.22881     17.66231   8050.38634    -5.93742  1.20702  3443.58282  0.00026   58383.1993  51.68455  1.18164  18.58017  58439.16208 
     13.9713  1.61278  7.03481        0.1526         2136.41922   0.0761  0.14791     0.38874   3.78844     16.56974   6339.97051    -6.08619  1.48324  6155.31133    2e-05  58383.05053  52.07563  4.00771  18.61643  58439.16208 
    14.62405  1.81844  8.04285       2.82344         3572.16733  0.00507  0.05042     0.04159   8.85266     16.89836   3682.98603    -6.40529  0.31884  3661.26493    4e-05  58382.73143  51.71539  0.32902  18.61118  58438.26691 
    14.34208   1.9414  8.08514       2.75247         3019.45103  0.00124  0.12596     0.27904   3.78915     16.92173   4190.56686    -7.09259  0.69581  3874.55407    5e-05  58382.04413   51.6736  0.06535  18.59917  58438.26691 
    13.91213  1.37487  6.52229       3.35216         3709.76059  0.00113  0.02925     0.04744  19.44089     16.79195   6844.96763    -5.87636  1.52716  4210.23113    3e-05  58383.26036  51.90684  0.08643   18.6698  58435.08203 
    14.21224  1.43264  5.66913       0.44268         2725.96167   0.0028  0.02491     0.05919  11.75503      17.9891   8303.88179    -5.42029   0.7187  3387.38096  0.00054  58383.71643  51.67445   0.1933  18.64736  58439.16208 
    14.71218  1.87111  7.88633       1.84367         3010.80159  0.01029  0.06533     0.09048   7.09694     19.01491   5529.58322    -5.94742  0.22858  4968.86874  0.00575   58383.1893  51.95871  0.63541  18.62068  58443.47906 
    14.07817  1.75042  7.38082        0.8234         2015.93057  0.00104  0.13133     0.48522   3.34987     17.19346   4034.28925    -6.48555  1.11419  5153.01126    9e-05  58382.65117  51.90633  0.05306  18.63117  58438.26691 
    14.86109  1.59151  5.17762       0.02997         4694.42031  0.01172   0.0977     0.44064   3.94147     20.60268   8551.44262      -5.883  0.15157  3823.26898  0.22254  58383.25371   51.6667  0.62408  18.58149  58439.16208 
    14.17175  1.90101  8.24671       1.88211          2062.0777  0.06931   0.0921     0.37708   4.82394      18.0804    5544.6671    -5.21898  1.08388  5229.05756  0.00067  58383.91773  51.96188  3.89227  18.63296  58438.26691 
    14.41682  1.53889  6.70841       1.04277         2621.74307  0.01683  0.08953     0.15022   4.57869     17.47643   3267.24306    -6.03202  0.32517  5387.11451  0.00017   58383.1047  51.98187  0.93258  18.61214  58438.26691 
    14.09564  1.69505  6.87258       0.25148         3175.45302  0.01204  0.03734     0.04081  15.44434     18.61233   3275.00787    -7.58579  1.16503  4379.98345  0.00228  58381.55093  51.92181  0.87851  18.52969  58443.11719 
    14.32192   1.4978  6.34158       1.25829         3016.35842  0.00224  0.15568     0.33695   3.43718      18.1955    5778.8927    -6.19464  0.53017   3872.7884  0.00087  58382.94208  51.66142  0.11503  18.62368  58438.26691 
    14.02605  1.53215  6.40221       0.16132         3520.58503  0.00407  0.03185     0.04397   16.6261      19.9114   3500.30228    -5.66729  1.19211  5080.94167   0.0453  58383.46943  52.05705  0.30155  18.66969  58435.76349 
    14.25325  1.61269  6.88657       0.05557         2766.49062  0.00344  0.07997     0.15597    3.9579     18.77878   9410.87287    -5.94578  0.58427  4853.62203  0.00334  58383.19094  51.87445  0.18339  18.60238  58438.26691 
    14.06188  1.64417   7.3838       2.83208          2928.7262  0.00593  0.03948     0.04996   8.22035      16.0382   6551.84475    -5.58132  1.06815  4080.53798    1e-05   58383.5554  51.80233  0.37897  18.61785  58436.26071 
    14.51355  1.87558  7.96454       0.02839         2801.04957  0.01945  0.02104     0.17517    16.499     18.78201   5042.86787    -5.84457  0.43031  4552.38112  0.00336  58383.29215  51.96099  1.43845   18.6426  58439.16208 
    14.15532   2.0513  8.18787       0.16225         3539.59504  0.00637  0.01841     0.02107  23.39646     19.73856   3272.32861    -6.50919  1.54842  4742.94045  0.03043  58382.62753  52.02531  0.50348  18.59929  58439.16208 
    14.18864  1.62039  6.87657       3.72029         2538.20349  0.00468  0.05131     0.10028   9.72647     16.98549   6063.81795    -6.83556   0.7889  4036.36895    5e-05  58382.30116  51.80912  0.31032  18.59576  58439.16208 
    14.14943  1.82287  7.13539       0.22238         4031.91772  0.01103  0.07082     0.16505   7.79015     18.02256   4362.06946    -6.95557  1.55384  4209.70855  0.00059  58382.18115  51.82408  0.69615  18.65529  58433.07812 
    14.17366  1.42264  5.54614       0.99437          2349.5015  0.00309  0.05794     0.09007   7.98177     20.56993   5541.50979    -5.54636  0.57067  5010.10809  0.20637  58383.59036  51.97768  0.19619  18.55389  58436.26071 
    14.47172  1.76854  7.38761       1.94936         2759.43787  0.00922  0.07347     0.05563   6.35101     19.71984   5839.55848    -8.27488  0.38983  4391.06171  0.02914  58380.86184  51.83989  0.55472  18.63307  58438.26691 
    14.28108  1.90139  7.54583       0.00095         3064.96615  0.00819    0.015     0.24651   34.0141     17.42034   7933.33937    -6.86559  0.88548  4278.44199  0.00015  58382.27113  51.96456  0.69154  18.62207  58442.56067 
    14.14148  1.60563  5.61475       0.00632         2487.46302  0.00812  0.02212     0.33818  19.82134     20.42668   8326.32614    -6.40089   0.9793  3737.50188  0.14839  58382.73582  51.80499    0.622  18.56374  58442.56067 
     14.8064  1.83627  7.51195       0.00335         2734.11905  0.00356  0.06463       0.141   6.87051     17.23737   6026.75786    -5.93247  0.18171  5262.15531   0.0001  58383.20424  52.00521  0.21815  18.57171  58439.16208 
    14.15356  1.69793  7.55458       0.34567         3579.72127  0.05451  0.07124     0.18979   6.28958     16.86921   4851.39898    -4.77074  1.00803  5084.88615    4e-05  58384.36597   51.9663  3.27011  18.54657  58438.26691 
    14.58445  1.87352  7.91985       1.03733         2888.80872  0.01064  0.08311     0.38499   5.51964     19.59049    3516.8174    -5.87525  0.31269  5415.55234  0.02164  58383.26147  52.00713  0.61816  18.69081  58438.26691 
    14.00536  1.59493  6.64265       0.00489         5342.38906  0.00577  0.10093     0.21231    5.7087     18.85113   5019.14895    -6.52831  1.52802  5069.43869  0.00394  58382.60841  51.95339  0.33806   18.5865  58443.47906 
    14.43246  1.52766  6.92433       2.19242         2835.06257  0.00942  0.08164     0.17274   2.94491     17.04763   3471.05902    -5.18344  0.39268  3714.95741    6e-05  58383.95328  51.60591  0.46163  18.59971  58436.26071 
    14.33169   1.6979  7.24144       2.32429          2920.6349   0.0011  0.09618     0.07579   5.59353     16.45004   8322.40158     -4.7192    0.601  4462.47193    2e-05  58384.41752  51.84043  0.06408  18.62324  58439.16208 
    14.17484  1.46398  6.76738       1.87704         2234.57565  0.00487  0.18335     0.47593   1.66564     18.77084   7165.99524    -4.90488  0.60427  5908.35804  0.00328  58384.23184  51.92899  0.19877  18.62618  58438.26691 
    14.14255  1.83617  7.40293       0.15528         3317.16559  0.01079  0.06799     0.23613    7.6139     16.22422   7022.28829    -6.38242  1.56629  4581.49053    1e-05   58382.7543  51.89531    0.677  18.56657  58442.56067 
    14.19137  1.71089  6.84825       4.82803         2000.61102   0.0037  0.10397       0.084   4.56009      17.7894    3646.3294    -5.99388  0.98863  3867.55872  0.00034  58383.14284  51.69357  0.20484  18.60613  58438.26691 
    14.05205  1.52197  6.76691       2.09252         2453.17791  0.00481  0.03646     0.12647  10.69764     17.81873   4485.87126    -6.02393   1.1402  4133.34633  0.00037  58383.11279  51.83866  0.32578  18.60588  58438.26691 
    14.23902  1.58367  6.78765       4.11719         2645.79934  0.00219  0.29465     0.47981   1.61469     18.03083   3244.69287    -5.59034  0.67213  3966.72708   0.0006  58383.54638  51.57811  0.08826  18.57395  58438.26691 
    14.21231  1.80212  7.37108       0.98034           2439.851  0.04042  0.03334      0.1209  11.32597     18.51793   3057.65946    -5.47033  1.49011  3609.10353  0.00183  58383.66639  51.72612   2.7689  18.60344  58439.16208 
    14.52313  1.60101   5.4179       1.45569          2155.6519  0.00124  0.06895     0.06118   7.95822     20.63209   6307.10356    -5.59795  0.30468  4428.30571  0.23813  58383.53877  51.87017  0.07858  18.60945  58439.16208 
    14.17602  1.41677  6.12315        1.0565         2009.65142  0.00248  0.03172     0.04367  15.83222     16.72345   6198.32955    -6.84005   0.6372  4612.92179    3e-05  58382.29667  51.96895  0.18204  18.61878  58436.26071 
    14.37514  1.46594   6.4652       0.04877         2645.59495  0.05065  0.19621     0.43076   2.98631     16.09327   5510.68732    -6.60199  0.33273  5961.12682    1e-05  58382.53473  52.01844  2.49305  18.57687  58439.16208 
    14.23181   1.6968  7.33192       3.17905         2228.55464  0.01449  0.06679     0.14637   5.85488     17.81272   3424.93129    -6.31289  0.72537  4228.48936  0.00036  58382.82383  51.79854  0.85426  18.52177  58439.16208 
    14.48583  1.61731  7.24213       2.85304         2862.95338  0.00139  0.05045     0.04324   7.23574     18.59908   5582.35888    -6.20176  0.31753  4527.40852  0.00221  58382.93496  51.87986  0.08609  18.63176  58439.16208 
    13.99353  1.62526  6.86236        0.3794         2120.33366  0.00157  0.29975     0.37927   1.44336      17.4273   7157.19992    -6.79519  1.05748  5474.76483  0.00015  58382.34153  51.84015  0.06071  18.58169  58439.16208 
    14.55717  1.49236  6.41218       0.37223         4497.73347  0.00984  0.04282     0.05796  11.28703     16.46012   5471.96482    -6.95728  0.28697  4109.75135    2e-05  58382.17944  51.83864  0.67359  18.55935  58436.26071 
    14.46553  1.95256     7.66       0.63083         3787.44427  0.01698  0.05452     0.09049   8.87871     16.84239   7304.73289    -5.97701  0.59891  3789.22235    4e-05  58383.15971  51.74551  1.10351  18.69584  58435.76349 
    14.18667  1.81439  8.05929       1.38254         3075.01721  0.06245  0.07166     0.34621   6.06116     19.73776   5142.26982    -6.57625  1.14374   4232.6785  0.03037  58382.56046  51.80308   3.7131  18.63448  58439.16208 
    14.46375  1.55862   6.5448       2.54912         2176.95585  0.01241  0.17978     0.39517   1.84647     18.10538   3950.75191    -5.68508  0.36573  3994.17459  0.00071  58383.45164  51.60451  0.52444  18.67515  58435.15625 
    14.38058  1.57451  6.99975       0.23044          3186.8689  0.02704  0.09323     0.28903   4.43008     19.33992   4941.42034    -5.36639  0.40029  4981.80236  0.01215  58383.77033  51.91017  1.48513   18.5421  58439.16208 
    14.25287  1.88725  7.66138       0.17035         2933.64399  0.00132    0.031     0.29084   7.89812     19.55502   5666.76112    -4.85981   0.9029   4365.2116  0.01994   58384.2769  51.85696  0.08333   18.5853  58439.16208 
    14.23742   1.4525  6.24829        0.3426         3072.63863  0.00178  0.06461     0.38961   7.83465     17.06376   3834.50428    -6.34823  0.51865  4951.81824    6e-05  58382.78849  51.96567  0.11268  18.68289  58438.26691 
    14.16849  1.71825  6.79375        0.0243         2597.06195  0.01386  0.02489     0.02557   20.6846     16.03873   6186.99214    -6.45268  1.35711  4202.61636    1e-05  58382.68403  51.91035  1.07004  18.65537  58439.16208 
    14.21875  1.63748  7.20512       0.11408         3714.62082  0.01521  0.07009     0.16029     5.506     17.50039   4504.00146     -5.7915  0.69465  5164.70324  0.00018  58383.34522  51.96567  0.88332  18.57187  58438.26691 
    14.02918  1.51725  6.48176       0.67694         2198.73798   0.0017  0.16726     0.20358    2.1584      19.7138   8947.35222    -6.32164  1.13919  4204.95938  0.02874  58382.81507  51.67177  0.07571  18.55811  58439.16208 
    14.22889   1.9255  7.37816       0.10102         5126.00002  0.00821  0.01901     0.30881  13.93136     17.13282   6797.82968    -5.91636  1.14841  3469.87145    8e-05  58383.22036  51.71053  0.58665  18.63667  58438.26691 
    14.48254  1.71029  7.11622       0.19085         2521.94786  0.00536  0.02818     0.10359  18.01539     17.49331   4383.85704    -6.46356  0.37815  4960.67967  0.00017  58382.67316    52.043   0.4028  18.65961  58433.15625 
    14.48833  1.62163  6.60964       2.64646         2064.07505  0.05993  0.03555      0.0549  14.38943      17.7374   6366.13993    -5.67148  0.61461  3728.79874   0.0003  58383.46523  51.77587  4.31242  18.63667  58438.26691 
    14.24939   1.7823  7.09829       0.74397         2261.22218  0.00432  0.05809     0.07287   9.75151     18.54614   4600.36645    -6.73112  0.87702  4540.99759  0.00195  58382.40559  51.91168  0.28642  18.62998  58435.08203 
    14.39365  1.25517  5.80759       1.60806         2303.55577  0.00515  0.03054     0.02841  11.92468      17.5377   3636.20809    -5.40883  0.28047  4730.41143  0.00019  58383.72789  51.96582   0.3569  18.62735  58439.16208 
    14.30505  1.90395  7.99474        0.2845         3491.29084  0.01739  0.03447     0.08699   8.80283     17.82026   5217.74846    -7.07007  0.72105  4162.67207  0.00037  58382.06665  51.82632  1.12769  18.59388  58439.16208 
    14.14779  1.62804   6.6881        0.1188         5205.32969  0.00245  0.09698     0.22434   5.26969     18.17261   6461.71488    -7.07748  0.89067  4307.72021  0.00083  58382.05923   51.8033  0.14051  18.65625  58436.14453 
    14.19371  1.88296  8.07154       1.81193         3322.37818  0.00549  0.08318     0.08326   6.84244     16.44678   3958.67529    -5.88772  1.13826  4415.22036    2e-05  58383.24899  51.85237  0.33586  18.66271  58438.26691 
    14.20812  1.98756  8.45735       0.31833         2396.52131  0.05416  0.05884     0.15928   5.34746     17.23592   6802.51724    -5.28283  1.13554  4771.89397   0.0001  58383.85389  51.89379  3.12203  18.59173  58436.26071 
    13.95301  1.44574  6.37167       0.21537         3410.02909  0.00577  0.02606     0.04052  10.38057      16.0934   7663.75485    -6.10264   1.1101  4348.55367    1e-05  58383.03408  51.87995  0.38829  18.59866  58439.16208 
    14.70862  1.76489  7.37919       0.93851         2000.28118  0.01511  0.09313     0.20852   6.28147     17.86441   5898.47394    -6.14558    0.233  5594.67289  0.00041  58382.99113  52.04915  0.90641  18.57532  58439.16208 
    14.37341  2.04499  8.18382        1.5158         2659.46167  0.00313  0.04306     0.10932  13.14581     16.16324   5439.60949    -6.60002  0.65328   4916.8952    1e-05   58382.5367  52.00816  0.22138  18.57713  58439.16208 
