# Wavelength Flux
# STATUS = PUBLIC
# OBJECT = 2020auv
# TELESCOPE = P200
# INSTRUMENT =
# DATE-OBS = 2020.0202
# MJD =
# EXPTIME =
# SLIT =
# DISPERSER =
# SOURCE = 2023ApJ...943...41C
# FILTER =
# FLUX_STANDARD =
# EXTINCTION_CORRECTED = False
# PHOTOMETRY_CALIBRATED =
# FLUX_UNITS = erg/s/cm^2/Angstroms
# QUALITY =
# MIN_WAVE =
# MAX_WAVE =
# COMMENT =
3300.0 1.178e-16
3301.535 5.7009e-17
3303.07 -7.5265e-20
3304.605 -6.0702e-18
3306.139 1.415e-17
3307.674 3.8607e-18
3309.209 6.6236e-17
3310.744 6.5277e-17
3312.279 1.5686e-17
3313.814 3.8967e-17
3315.349 3.5655e-17
3316.884 3.2937e-17
3318.418 5.5278e-17
3319.953 4.7877e-17
3321.488 2.0229e-17
3323.023 3.4782e-17
3324.558 7.3208e-17
3326.093 2.9769e-17
3327.628 2.026e-17
3329.163 3.0139e-17
3330.698 3.4349e-17
3332.232 2.979e-18
3333.767 3.6381e-17
3335.302 5.0778e-17
3336.837 5.3593e-17
3338.372 2.8604e-17
3339.907 3.9373e-17
3341.442 2.8689e-17
3342.977 2.5928e-17
3344.511 1.9411e-17
3346.046 3.0782e-17
3347.581 6.0055e-17
3349.116 2.5147e-17
3350.651 2.4971e-17
3352.186 1.2703e-17
3353.721 7.2616e-17
3355.256 1.5743e-17
3356.791 2.2992e-17
3358.325 4.173e-17
3359.86 4.7022e-17
3361.395 4.2259e-17
3362.93 5.2345e-17
3364.465 7.2418e-17
3366.0 5.6679e-17
3367.535 7.1898e-17
3369.07 1.7743e-17
3370.604 3.1274e-17
3372.139 4.24e-17
3373.674 1.2738e-17
3375.209 3.3779e-17
3376.744 9.1237e-17
3378.279 6.3837e-17
3379.814 6.195e-17
3381.349 5.4099e-17
3382.884 6.8247e-17
3384.418 4.7148e-17
3385.953 7.203e-17
3387.488 6.866e-17
3389.023 7.1445e-17
3390.558 4.548e-17
3392.093 5.331e-17
3393.628 3.1373e-17
3395.162 3.7465e-17
3396.697 3.5073e-17
3398.232 4.0434e-17
3399.767 4.2574e-17
3401.302 6.4944e-17
3402.837 5.3536e-17
3404.372 5.1722e-17
3405.906 5.2817e-17
3407.441 5.316e-17
3408.976 5.5775e-17
3410.511 6.0412e-17
3412.046 4.6807e-17
3413.581 4.277e-17
3415.116 1.6379e-17
3416.651 6.8964e-17
3418.186 6.3944e-17
3419.72 3.4235e-17
3421.255 7.7236e-17
3422.79 7.552e-17
3424.325 8.6695e-17
3425.86 7.9155e-17
3427.395 6.8113e-17
3428.93 5.3759e-17
3430.465 7.1863e-17
3432.0 4.4036e-17
3433.534 5.1038e-17
3435.069 6.8312e-17
3436.604 7.2294e-17
3438.139 5.9623e-17
3439.674 3.431e-17
3441.209 6.308e-17
3442.744 9.2084e-17
3444.279 8.6457e-17
3445.813 9.3586e-17
3447.348 1.098e-16
3448.883 1.0434e-16
3450.418 8.1692e-17
3451.953 7.309e-17
3453.488 8.7373e-17
3455.023 7.9131e-17
3456.558 9.2397e-17
3458.093 1.1061e-16
3459.627 7.4665e-17
3461.162 7.9238e-17
3462.697 1.0518e-16
3464.232 7.7211e-17
3465.767 1.0983e-16
3467.302 1.1247e-16
3468.837 9.4932e-17
3470.372 7.4658e-17
3471.906 1.0415e-16
3473.441 1.0783e-16
3474.976 9.6652e-17
3476.511 1.0539e-16
3478.046 1.0826e-16
3479.581 1.0409e-16
3481.116 9.9832e-17
3482.651 1.0726e-16
3484.185 1.1412e-16
3485.72 1.4533e-16
3487.255 7.9839e-17
3488.79 9.3653e-17
3490.325 1.0631e-16
3491.86 1.1807e-16
3493.395 1.0538e-16
3494.929 1.2823e-16
3496.464 1.3104e-16
3497.999 1.1776e-16
3499.534 1.2543e-16
3501.069 1.2556e-16
3502.604 1.2286e-16
3504.139 9.7202e-17
3505.674 1.3716e-16
3507.208 1.4824e-16
3508.743 1.1637e-16
3510.278 1.2976e-16
3511.813 1.1893e-16
3513.348 1.1548e-16
3514.883 1.4735e-16
3516.418 1.4184e-16
3517.953 1.3862e-16
3519.488 1.3563e-16
3521.022 1.4298e-16
3522.557 1.1883e-16
3524.092 1.2736e-16
3525.627 1.3763e-16
3527.162 1.2335e-16
3528.697 1.2827e-16
3530.232 1.3781e-16
3531.767 1.4805e-16
3533.302 1.2359e-16
3534.836 1.2232e-16
3536.371 1.2797e-16
3537.906 1.5399e-16
3539.441 1.534e-16
3540.976 1.532e-16
3542.511 1.3802e-16
3544.046 1.2836e-16
3545.581 1.3435e-16
3547.115 1.4627e-16
3548.65 1.4932e-16
3550.185 1.6778e-16
3551.72 1.4768e-16
3553.255 1.5042e-16
3554.79 1.5132e-16
3556.325 1.3501e-16
3557.86 1.3607e-16
3559.395 1.5372e-16
3560.929 1.3657e-16
3562.464 1.2178e-16
3563.999 1.5282e-16
3565.534 1.5053e-16
3567.069 1.5459e-16
3568.604 1.4809e-16
3570.139 1.5609e-16
3571.674 1.3714e-16
3573.208 1.6747e-16
3574.743 1.6869e-16
3576.278 1.4873e-16
3577.813 1.6047e-16
3579.348 1.5613e-16
3580.883 1.5677e-16
3582.418 1.5091e-16
3583.952 1.6913e-16
3585.487 1.578e-16
3587.022 1.3567e-16
3588.557 1.4733e-16
3590.092 1.3705e-16
3591.627 1.5496e-16
3593.162 1.3684e-16
3594.697 1.4802e-16
3596.231 1.5172e-16
3597.766 1.5047e-16
3599.301 1.4803e-16
3600.836 1.4779e-16
3602.371 1.4976e-16
3603.906 1.5709e-16
3605.441 1.7264e-16
3606.976 1.6053e-16
3608.51 1.3294e-16
3610.045 1.6387e-16
3611.58 1.7718e-16
3613.115 1.594e-16
3614.65 1.5449e-16
3616.185 1.5439e-16
3617.72 1.7255e-16
3619.255 1.5903e-16
3620.79 1.5434e-16
3622.324 1.6154e-16
3623.859 1.6934e-16
3625.394 1.6586e-16
3626.929 1.5598e-16
3628.464 1.6259e-16
3629.999 1.4788e-16
3631.534 1.5134e-16
3633.069 1.434e-16
3634.604 1.5346e-16
3636.138 1.6276e-16
3637.673 1.5155e-16
3639.208 1.6041e-16
3640.743 1.6952e-16
3642.278 1.7748e-16
3643.813 1.8009e-16
3645.348 1.8727e-16
3646.883 1.5725e-16
3648.417 1.245e-16
3649.952 1.6717e-16
3651.487 1.6284e-16
3653.022 1.7375e-16
3654.557 1.6696e-16
3656.092 1.6773e-16
3657.627 1.6666e-16
3659.162 1.4643e-16
3660.696 1.2743e-16
3662.231 1.2827e-16
3663.766 1.2674e-16
3665.301 1.6083e-16
3666.836 1.5864e-16
3668.371 1.4106e-16
3669.906 1.6794e-16
3671.441 1.6797e-16
3672.975 1.4466e-16
3674.51 1.4096e-16
3676.045 1.5414e-16
3677.58 1.4392e-16
3679.115 1.3855e-16
3680.65 1.5111e-16
3682.185 1.3554e-16
3683.719 1.4069e-16
3685.254 1.5054e-16
3686.789 1.6156e-16
3688.324 1.6692e-16
3689.859 1.6259e-16
3691.394 1.4698e-16
3692.929 1.4144e-16
3694.464 1.4562e-16
3695.999 1.5651e-16
3697.533 1.7281e-16
3699.068 1.667e-16
3700.603 1.6487e-16
3702.138 1.5372e-16
3703.673 1.5467e-16
3705.208 1.6288e-16
3706.743 1.5063e-16
3708.278 1.4942e-16
3709.812 1.4948e-16
3711.347 1.459e-16
3712.882 1.6137e-16
3714.417 1.6175e-16
3715.952 1.5263e-16
3717.487 1.6992e-16
3719.022 1.71e-16
3720.557 1.5483e-16
3722.092 1.7577e-16
3723.626 1.7059e-16
3725.161 1.5502e-16
3726.696 1.5258e-16
3728.231 1.7046e-16
3729.766 1.7813e-16
3731.301 1.6487e-16
3732.836 1.7013e-16
3734.371 1.6568e-16
3735.906 1.689e-16
3737.44 1.6529e-16
3738.975 1.8656e-16
3740.51 1.8955e-16
3742.045 1.8665e-16
3743.58 1.7765e-16
3745.115 1.734e-16
3746.65 1.6875e-16
3748.185 1.6423e-16
3749.719 1.8446e-16
3751.254 1.808e-16
3752.789 1.7853e-16
3754.324 1.8337e-16
3755.859 1.8241e-16
3757.394 1.7476e-16
3758.929 1.6727e-16
3760.463 1.6168e-16
3761.998 1.5969e-16
3763.533 1.711e-16
3765.068 1.7625e-16
3766.603 1.7407e-16
3768.138 1.6623e-16
3769.673 1.6476e-16
3771.208 1.714e-16
3772.742 1.7651e-16
3774.277 1.7027e-16
3775.812 1.6739e-16
3777.347 1.7432e-16
3778.882 1.7417e-16
3780.417 1.675e-16
3781.952 1.8283e-16
3783.487 1.7332e-16
3785.021 1.6354e-16
3786.556 1.683e-16
3788.091 1.6501e-16
3789.626 1.7233e-16
3791.161 1.7328e-16
3792.696 1.5478e-16
3794.231 1.7546e-16
3795.766 1.7313e-16
3797.301 1.698e-16
3798.835 1.6545e-16
3800.37 1.6248e-16
3801.905 1.6524e-16
3803.44 1.688e-16
3804.975 1.8033e-16
3806.51 1.6649e-16
3808.045 1.6754e-16
3809.58 1.6393e-16
3811.115 1.5742e-16
3812.649 1.7077e-16
3814.184 1.7451e-16
3815.719 1.6283e-16
3817.254 1.629e-16
3818.789 1.7899e-16
3820.324 1.6274e-16
3821.859 1.6511e-16
3823.394 1.8535e-16
3824.928 1.5465e-16
3826.463 1.5747e-16
3827.998 1.5101e-16
3829.533 1.638e-16
3831.068 1.6228e-16
3832.603 1.637e-16
3834.138 1.7e-16
3835.673 1.6625e-16
3837.208 1.7149e-16
3838.742 1.6744e-16
3840.277 1.6588e-16
3841.812 1.4011e-16
3843.347 1.4839e-16
3844.882 1.5209e-16
3846.417 1.537e-16
3847.952 1.4953e-16
3849.486 1.3248e-16
3851.021 1.293e-16
3852.556 1.5518e-16
3854.091 1.5297e-16
3855.626 1.508e-16
3857.161 1.4459e-16
3858.696 1.5059e-16
3860.23 1.5116e-16
3861.765 1.5506e-16
3863.3 1.6892e-16
3864.835 1.5964e-16
3866.37 1.4841e-16
3867.905 1.6116e-16
3869.44 1.629e-16
3870.975 1.4788e-16
3872.51 1.5186e-16
3874.044 1.5926e-16
3875.579 1.4439e-16
3877.114 1.4814e-16
3878.649 1.6246e-16
3880.184 1.4993e-16
3881.719 1.502e-16
3883.254 1.6411e-16
3884.789 1.6284e-16
3886.323 1.6325e-16
3887.858 1.6068e-16
3889.393 1.5889e-16
3890.928 1.6049e-16
3892.463 1.7053e-16
3893.998 1.7323e-16
3895.533 1.8237e-16
3897.068 1.6627e-16
3898.603 1.669e-16
3900.137 1.8334e-16
3901.672 1.9133e-16
3903.207 1.8071e-16
3904.742 1.6805e-16
3906.277 1.7788e-16
3907.812 1.6132e-16
3909.347 1.8773e-16
3910.882 1.8941e-16
3912.417 1.8474e-16
3913.951 1.7771e-16
3915.486 1.5786e-16
3917.021 1.6296e-16
3918.556 1.7137e-16
3920.091 1.7461e-16
3921.626 1.8687e-16
3923.161 1.7789e-16
3924.696 1.8018e-16
3926.23 1.8393e-16
3927.765 1.8334e-16
3929.3 1.9146e-16
3930.835 1.6996e-16
3932.37 1.7353e-16
3933.905 1.7512e-16
3935.44 1.8083e-16
3936.975 1.8326e-16
3938.509 1.8514e-16
3940.044 1.8819e-16
3941.579 1.7411e-16
3943.114 1.9169e-16
3944.649 1.7372e-16
3946.184 1.8981e-16
3947.719 1.9568e-16
3949.253 1.981e-16
3950.788 1.9046e-16
3952.323 1.8404e-16
3953.858 1.8252e-16
3955.393 1.8479e-16
3956.928 1.7739e-16
3958.463 1.8348e-16
3959.998 2.0229e-16
3961.532 1.8957e-16
3963.067 1.859e-16
3964.602 1.7705e-16
3966.137 1.8335e-16
3967.672 1.8642e-16
3969.207 1.8598e-16
3970.742 1.7406e-16
3972.277 1.8009e-16
3973.812 1.7438e-16
3975.346 1.7079e-16
3976.881 1.8822e-16
3978.416 1.8799e-16
3979.951 1.6564e-16
3981.486 1.7389e-16
3983.021 1.8871e-16
3984.556 1.9046e-16
3986.091 1.7453e-16
3987.625 1.7982e-16
3989.16 1.7562e-16
3990.695 1.8067e-16
3992.23 1.8273e-16
3993.765 1.6541e-16
3995.3 1.6569e-16
3996.835 1.6667e-16
3998.37 1.7154e-16
3999.905 1.7267e-16
4001.439 1.708e-16
4002.974 1.8112e-16
4004.509 1.73e-16
4006.044 1.7557e-16
4007.579 1.8482e-16
4009.114 1.9772e-16
4010.649 1.7757e-16
4012.184 1.6427e-16
4013.719 1.7105e-16
4015.253 1.6552e-16
4016.788 1.7208e-16
4018.323 1.7211e-16
4019.858 1.8864e-16
4021.393 1.7588e-16
4022.928 1.8836e-16
4024.463 1.7905e-16
4025.998 1.7247e-16
4027.532 1.7442e-16
4029.067 1.8258e-16
4030.602 1.7882e-16
4032.137 1.7181e-16
4033.672 1.6314e-16
4035.207 1.6859e-16
4036.742 1.7491e-16
4038.276 1.7579e-16
4039.811 1.7357e-16
4041.346 1.7605e-16
4042.881 1.8094e-16
4044.416 1.8537e-16
4045.951 1.9e-16
4047.486 1.6456e-16
4049.021 1.5361e-16
4050.555 1.7376e-16
4052.09 1.8329e-16
4053.625 1.7438e-16
4055.16 1.6929e-16
4056.695 1.6627e-16
4058.23 1.6146e-16
4059.765 1.6652e-16
4061.3 1.6733e-16
4062.834 1.7561e-16
4064.369 1.6885e-16
4065.904 1.6535e-16
4067.439 1.646e-16
4068.974 1.6382e-16
4070.509 1.6107e-16
4072.044 1.5697e-16
4073.579 1.6073e-16
4075.114 1.6897e-16
4076.648 1.6566e-16
4078.183 1.6047e-16
4079.718 1.5587e-16
4081.253 1.5449e-16
4082.788 1.6663e-16
4084.323 1.5689e-16
4085.858 1.5866e-16
4087.393 1.6391e-16
4088.927 1.6027e-16
4090.462 1.5873e-16
4091.997 1.5667e-16
4093.532 1.5189e-16
4095.067 1.6187e-16
4096.602 1.706e-16
4098.137 1.6766e-16
4099.671 1.6457e-16
4101.207 1.5394e-16
4102.741 1.5785e-16
4104.276 1.6667e-16
4105.811 1.6351e-16
4107.346 1.6433e-16
4108.881 1.5567e-16
4110.416 1.4937e-16
4111.951 1.5631e-16
4113.485 1.685e-16
4115.021 1.5501e-16
4116.555 1.5233e-16
4118.09 1.6044e-16
4119.625 1.5813e-16
4121.16 1.591e-16
4122.695 1.5913e-16
4124.229 1.588e-16
4125.765 1.6215e-16
4127.299 1.6383e-16
4128.834 1.6323e-16
4130.369 1.5723e-16
4131.904 1.5406e-16
4133.439 1.6288e-16
4134.974 1.6745e-16
4136.509 1.6739e-16
4138.043 1.6261e-16
4139.579 1.6399e-16
4141.113 1.6575e-16
4142.648 1.6076e-16
4144.183 1.604e-16
4145.718 1.6152e-16
4147.253 1.5449e-16
4148.788 1.6008e-16
4150.323 1.5596e-16
4151.857 1.5478e-16
4153.393 1.5599e-16
4154.927 1.5913e-16
4156.462 1.6084e-16
4157.997 1.5915e-16
4159.532 1.5325e-16
4161.067 1.4773e-16
4162.602 1.4922e-16
4164.137 1.5151e-16
4165.671 1.5096e-16
4167.206 1.4969e-16
4168.741 1.4885e-16
4170.276 1.4632e-16
4171.811 1.5141e-16
4173.346 1.5773e-16
4174.881 1.6128e-16
4176.416 1.6479e-16
4177.95 1.5851e-16
4179.485 1.4452e-16
4181.02 1.4929e-16
4182.555 1.4337e-16
4184.09 1.4754e-16
4185.625 1.4491e-16
4187.16 1.4604e-16
4188.694 1.5709e-16
4190.229 1.6146e-16
4191.764 1.5799e-16
4193.299 1.5008e-16
4194.834 1.4787e-16
4196.369 1.4655e-16
4197.904 1.6147e-16
4199.438 1.4997e-16
4200.974 1.563e-16
4202.508 1.5804e-16
4204.043 1.659e-16
4205.578 1.6531e-16
4207.113 1.5039e-16
4208.648 1.5694e-16
4210.183 1.5482e-16
4211.718 1.4809e-16
4213.252 1.5216e-16
4214.788 1.5203e-16
4216.322 1.5332e-16
4217.857 1.5149e-16
4219.392 1.5132e-16
4220.927 1.507e-16
4222.462 1.4689e-16
4223.997 1.4887e-16
4225.532 1.4641e-16
4227.066 1.5133e-16
4228.602 1.5331e-16
4230.136 1.4553e-16
4231.671 1.5584e-16
4233.206 1.6086e-16
4234.741 1.4971e-16
4236.276 1.5018e-16
4237.811 1.6199e-16
4239.346 1.6098e-16
4240.88 1.5934e-16
4242.416 1.5413e-16
4243.95 1.4973e-16
4245.485 1.4819e-16
4247.02 1.4906e-16
4248.555 1.4545e-16
4250.09 1.5223e-16
4251.625 1.5192e-16
4253.16 1.4809e-16
4254.694 1.3678e-16
4256.229 1.5181e-16
4257.764 1.593e-16
4259.299 1.5781e-16
4260.834 1.5464e-16
4262.369 1.6239e-16
4263.904 1.5739e-16
4265.438 1.5446e-16
4266.973 1.5822e-16
4268.508 1.5528e-16
4270.043 1.571e-16
4271.578 1.6293e-16
4273.113 1.5849e-16
4274.648 1.6149e-16
4276.183 1.6332e-16
4277.717 1.6192e-16
4279.252 1.8554e-16
4280.787 1.6673e-16
4282.322 1.6195e-16
4283.857 1.6273e-16
4285.392 1.6116e-16
4286.927 1.667e-16
4288.461 1.6133e-16
4289.997 1.5575e-16
4291.531 1.6239e-16
4293.066 1.639e-16
4294.601 1.7455e-16
4296.136 1.7774e-16
4297.671 1.5492e-16
4299.206 1.5534e-16
4300.741 1.648e-16
4302.275 1.5339e-16
4303.811 1.6999e-16
4305.345 1.6552e-16
4306.88 1.5943e-16
4308.415 1.6397e-16
4309.95 1.6563e-16
4311.485 1.7565e-16
4313.02 1.6514e-16
4314.555 1.691e-16
4316.089 1.6089e-16
4317.625 1.6652e-16
4319.159 1.7355e-16
4320.694 1.6547e-16
4322.229 1.6947e-16
4323.764 1.6734e-16
4325.299 1.6031e-16
4326.833 1.5975e-16
4328.369 1.6665e-16
4329.903 1.5409e-16
4331.438 1.4929e-16
4332.973 1.5725e-16
4334.508 1.652e-16
4336.043 1.5833e-16
4337.578 1.5852e-16
4339.113 1.5053e-16
4340.647 1.5144e-16
4342.183 1.5752e-16
4343.717 1.6171e-16
4345.252 1.4802e-16
4346.787 1.5365e-16
4348.322 1.7247e-16
4349.857 1.6282e-16
4351.392 1.6905e-16
4352.927 1.7477e-16
4354.461 1.5804e-16
4355.996 1.4778e-16
4357.531 1.6705e-16
4359.066 1.8682e-16
4360.601 1.8693e-16
4362.136 1.6388e-16
4363.671 1.5562e-16
4365.206 1.6045e-16
4366.74 1.6232e-16
4368.275 1.6865e-16
4369.81 1.5791e-16
4371.345 1.688e-16
4372.88 1.759e-16
4374.415 1.7417e-16
4375.95 1.717e-16
4377.484 1.7668e-16
4379.02 1.7152e-16
4380.554 1.7079e-16
4382.089 1.6768e-16
4383.624 1.7203e-16
4385.159 1.829e-16
4386.694 1.7471e-16
4388.229 1.7018e-16
4389.764 1.6733e-16
4391.298 1.7391e-16
4392.833 1.7072e-16
4394.368 1.6257e-16
4395.903 1.6962e-16
4397.438 1.6962e-16
4398.973 1.6914e-16
4400.508 1.8434e-16
4402.042 1.7857e-16
4403.578 1.6327e-16
4405.112 1.7047e-16
4406.647 1.8072e-16
4408.182 1.8767e-16
4409.717 1.7779e-16
4411.252 1.7511e-16
4412.787 1.8423e-16
4414.322 1.8966e-16
4415.856 1.758e-16
4417.392 1.8157e-16
4418.926 1.746e-16
4420.461 1.8323e-16
4421.996 1.7886e-16
4423.531 1.7195e-16
4425.066 1.8327e-16
4426.601 1.7331e-16
4428.136 1.7561e-16
4429.67 1.776e-16
4431.205 1.708e-16
4432.74 1.8482e-16
4434.275 1.8113e-16
4435.81 1.7088e-16
4437.345 1.7435e-16
4438.88 1.7149e-16
4440.415 1.6743e-16
4441.95 1.6765e-16
4443.484 1.7811e-16
4445.019 1.7038e-16
4446.554 1.7807e-16
4448.089 1.7576e-16
4449.624 1.6699e-16
4451.159 1.873e-16
4452.694 1.7166e-16
4454.229 1.6967e-16
4455.763 1.8701e-16
4457.298 1.7876e-16
4458.833 1.8134e-16
4460.368 1.7743e-16
4461.903 1.8004e-16
4463.438 1.7786e-16
4464.973 1.8145e-16
4466.507 1.6298e-16
4468.042 1.7277e-16
4469.577 1.6672e-16
4471.112 1.7788e-16
4472.647 1.6794e-16
4474.182 1.548e-16
4475.717 1.7489e-16
4477.251 1.8165e-16
4478.787 1.7701e-16
4480.321 1.5243e-16
4481.856 1.5736e-16
4483.391 1.6497e-16
4484.926 1.8268e-16
4486.461 1.6632e-16
4487.996 1.6391e-16
4489.531 1.7666e-16
4491.065 1.6202e-16
4492.601 1.6304e-16
4494.135 1.6644e-16
4495.67 1.7667e-16
4497.205 1.6224e-16
4498.74 1.6309e-16
4500.275 1.4738e-16
4501.81 1.5263e-16
4503.345 1.7083e-16
4504.879 1.6163e-16
4506.415 1.7627e-16
4507.949 1.6964e-16
4509.484 1.645e-16
4511.019 1.6393e-16
4512.554 1.585e-16
4514.089 1.65e-16
4515.624 1.8004e-16
4517.159 1.6707e-16
4518.693 1.7268e-16
4520.228 1.8046e-16
4521.763 1.8655e-16
4523.298 1.7144e-16
4524.833 1.7298e-16
4526.368 1.8172e-16
4527.903 1.753e-16
4529.438 1.7716e-16
4530.973 1.714e-16
4532.507 1.7613e-16
4534.042 1.8359e-16
4535.577 1.7291e-16
4537.112 1.7001e-16
4538.647 1.7992e-16
4540.182 1.659e-16
4541.717 1.6517e-16
4543.251 1.7885e-16
4544.786 1.8097e-16
4546.321 1.7656e-16
4547.856 1.7206e-16
4549.391 1.8248e-16
4550.926 1.9562e-16
4552.461 1.926e-16
4553.996 1.8768e-16
4555.53 1.8361e-16
4557.065 1.808e-16
4558.6 1.7995e-16
4560.135 1.7122e-16
4561.67 1.7122e-16
4563.205 1.6869e-16
4564.74 1.754e-16
4566.274 2.0231e-16
4567.81 1.8764e-16
4569.344 1.7464e-16
4570.879 1.9419e-16
4572.414 1.7773e-16
4573.949 1.7906e-16
4575.484 1.9869e-16
4577.019 1.8284e-16
4578.554 1.8607e-16
4580.088 1.7398e-16
4581.624 1.7627e-16
4583.158 1.8271e-16
4584.693 1.7714e-16
4586.228 1.7018e-16
4587.763 1.8183e-16
4589.298 1.7252e-16
4590.833 1.8495e-16
4592.368 1.7945e-16
4593.902 1.9299e-16
4595.438 1.8247e-16
4596.972 1.7759e-16
4598.507 1.8001e-16
4600.042 1.7565e-16
4601.577 1.6793e-16
4603.112 1.7919e-16
4604.646 1.8464e-16
4606.182 1.8811e-16
4607.716 1.8312e-16
4609.251 1.8062e-16
4610.786 1.8401e-16
4612.321 1.738e-16
4613.856 1.809e-16
4615.391 1.7907e-16
4616.926 1.8685e-16
4618.46 1.7689e-16
4619.995 1.9004e-16
4621.53 1.748e-16
4623.065 1.7598e-16
4624.6 1.8819e-16
4626.135 1.707e-16
4627.67 1.8329e-16
4629.205 1.722e-16
4630.74 1.7661e-16
4632.274 1.8003e-16
4633.809 1.8471e-16
4635.344 1.7307e-16
4636.879 1.6906e-16
4638.414 1.7166e-16
4639.949 1.7002e-16
4641.484 1.6878e-16
4643.019 1.6915e-16
4644.553 1.634e-16
4646.088 1.6849e-16
4647.623 1.6802e-16
4649.158 1.5965e-16
4650.693 1.6273e-16
4652.228 1.6216e-16
4653.763 1.5722e-16
4655.297 1.5791e-16
4656.833 1.6003e-16
4658.367 1.6405e-16
4659.902 1.6123e-16
4661.437 1.6588e-16
4662.972 1.5611e-16
4664.507 1.561e-16
4666.042 1.5652e-16
4667.577 1.6975e-16
4669.111 1.6531e-16
4670.646 1.6634e-16
4672.181 1.5961e-16
4673.716 1.4975e-16
4675.251 1.5987e-16
4676.786 1.5514e-16
4678.321 1.5522e-16
4679.855 1.6325e-16
4681.391 1.6566e-16
4682.925 1.4653e-16
4684.46 1.5706e-16
4685.995 1.5809e-16
4687.53 1.6367e-16
4689.065 1.5585e-16
4690.6 1.5494e-16
4692.135 1.6327e-16
4693.669 1.4486e-16
4695.205 1.5931e-16
4696.739 1.5648e-16
4698.274 1.5703e-16
4699.809 1.4796e-16
4701.344 1.6512e-16
4702.879 1.6208e-16
4704.414 1.5559e-16
4705.949 1.5245e-16
4707.483 1.5359e-16
4709.018 1.6673e-16
4710.553 1.5361e-16
4712.088 1.5651e-16
4713.623 1.6593e-16
4715.158 1.5715e-16
4716.693 1.5888e-16
4718.228 1.5542e-16
4719.762 1.5412e-16
4721.297 1.5537e-16
4722.832 1.5329e-16
4724.367 1.5527e-16
4725.902 1.5667e-16
4727.437 1.7091e-16
4728.972 1.5773e-16
4730.507 1.667e-16
4732.042 1.5948e-16
4733.576 1.5823e-16
4735.111 1.6242e-16
4736.646 1.574e-16
4738.181 1.6321e-16
4739.716 1.611e-16
4741.251 1.5751e-16
4742.786 1.5263e-16
4744.32 1.5396e-16
4745.855 1.5992e-16
4747.39 1.6319e-16
4748.925 1.6483e-16
4750.46 1.645e-16
4751.995 1.5664e-16
4753.53 1.5382e-16
4755.064 1.6028e-16
4756.6 1.5241e-16
4758.134 1.6166e-16
4759.669 1.5055e-16
4761.204 1.5464e-16
4762.739 1.6129e-16
4764.274 1.7664e-16
4765.809 1.6758e-16
4767.344 1.5944e-16
4768.878 1.5984e-16
4770.414 1.5471e-16
4771.948 1.5535e-16
4773.483 1.5236e-16
4775.018 1.5758e-16
4776.553 1.6378e-16
4778.088 1.6891e-16
4779.623 1.6356e-16
4781.158 1.5691e-16
4782.692 1.5338e-16
4784.228 1.4991e-16
4785.762 1.5398e-16
4787.297 1.5649e-16
4788.832 1.5918e-16
4790.367 1.6578e-16
4791.902 1.6517e-16
4793.437 1.6576e-16
4794.972 1.5317e-16
4796.506 1.4756e-16
4798.041 1.6001e-16
4799.576 1.6232e-16
4801.111 1.5489e-16
4802.646 1.5944e-16
4804.181 1.4319e-16
4805.716 1.5421e-16
4807.25 1.528e-16
4808.785 1.4153e-16
4810.32 1.536e-16
4811.855 1.5411e-16
4813.39 1.5675e-16
4814.925 1.536e-16
4816.46 1.4195e-16
4817.995 1.4174e-16
4819.529 1.461e-16
4821.064 1.5593e-16
4822.599 1.5263e-16
4824.134 1.5679e-16
4825.669 1.6746e-16
4827.204 1.5766e-16
4828.739 1.5309e-16
4830.274 1.5008e-16
4831.809 1.4944e-16
4833.343 1.4375e-16
4834.878 1.4389e-16
4836.413 1.4289e-16
4837.948 1.5132e-16
4839.483 1.5645e-16
4841.018 1.464e-16
4842.553 1.4803e-16
4844.087 1.5556e-16
4845.623 1.5511e-16
4847.157 1.4969e-16
4848.692 1.4505e-16
4850.227 1.5358e-16
4851.762 1.5047e-16
4853.297 1.461e-16
4854.832 1.499e-16
4856.367 1.6067e-16
4857.901 1.504e-16
4859.437 1.5211e-16
4860.971 1.5111e-16
4862.506 1.5062e-16
4864.041 1.5158e-16
4865.576 1.4926e-16
4867.111 1.4712e-16
4868.646 1.4956e-16
4870.181 1.4692e-16
4871.715 1.4317e-16
4873.25 1.5289e-16
4874.785 1.5282e-16
4876.32 1.5194e-16
4877.855 1.4221e-16
4879.39 1.4704e-16
4880.925 1.6382e-16
4882.459 1.5719e-16
4883.995 1.554e-16
4885.529 1.5703e-16
4887.064 1.4795e-16
4888.599 1.4439e-16
4890.134 1.3782e-16
4891.669 1.4195e-16
4893.204 1.3525e-16
4894.739 1.3289e-16
4896.273 1.538e-16
4897.808 1.4884e-16
4899.343 1.3898e-16
4900.878 1.3337e-16
4902.413 1.382e-16
4903.948 1.3679e-16
4905.483 1.3191e-16
4907.018 1.4016e-16
4908.552 1.4206e-16
4910.087 1.3219e-16
4911.622 1.3993e-16
4913.157 1.4637e-16
4914.692 1.3478e-16
4916.227 1.3028e-16
4917.762 1.3586e-16
4919.296 1.2593e-16
4920.832 1.3383e-16
4922.366 1.444e-16
4923.901 1.3984e-16
4925.436 1.3351e-16
4926.971 1.2802e-16
4928.506 1.3413e-16
4930.041 1.3178e-16
4931.576 1.2991e-16
4933.11 1.4081e-16
4934.646 1.3285e-16
4936.18 1.2781e-16
4937.715 1.3367e-16
4939.25 1.3834e-16
4940.785 1.3647e-16
4942.32 1.3782e-16
4943.854 1.4524e-16
4945.39 1.3792e-16
4946.924 1.3956e-16
4948.459 1.4136e-16
4949.994 1.332e-16
4951.529 1.2575e-16
4953.064 1.2437e-16
4954.599 1.2364e-16
4956.134 1.3095e-16
4957.668 1.4011e-16
4959.204 1.3827e-16
4960.738 1.353e-16
4962.273 1.3427e-16
4963.808 1.3289e-16
4965.343 1.3515e-16
4966.878 1.3207e-16
4968.413 1.304e-16
4969.948 1.4298e-16
4971.482 1.3424e-16
4973.018 1.3677e-16
4974.552 1.306e-16
4976.087 1.4352e-16
4977.622 1.4631e-16
4979.157 1.4252e-16
4980.692 1.3489e-16
4982.227 1.3479e-16
4983.762 1.3991e-16
4985.296 1.5346e-16
4986.831 1.4934e-16
4988.366 1.4323e-16
4989.901 1.4338e-16
4991.436 1.4995e-16
4992.971 1.4355e-16
4994.506 1.4038e-16
4996.041 1.4552e-16
4997.575 1.4297e-16
4999.11 1.4186e-16
5000.645 1.441e-16
5002.18 1.5638e-16
5003.715 1.5129e-16
5005.25 1.5246e-16
5006.785 1.452e-16
5008.319 1.4693e-16
5009.854 1.4828e-16
5011.389 1.4372e-16
5012.924 1.3757e-16
5014.459 1.3664e-16
5015.994 1.404e-16
5017.529 1.5064e-16
5019.063 1.4813e-16
5020.599 1.4683e-16
5022.133 1.4467e-16
5023.668 1.485e-16
5025.203 1.5078e-16
5026.738 1.5236e-16
5028.273 1.435e-16
5029.808 1.5033e-16
5031.343 1.5581e-16
5032.877 1.5432e-16
5034.413 1.4385e-16
5035.947 1.4374e-16
5037.482 1.4746e-16
5039.017 1.4959e-16
5040.552 1.448e-16
5042.087 1.4462e-16
5043.622 1.4366e-16
5045.157 1.4831e-16
5046.691 1.502e-16
5048.227 1.5932e-16
5049.761 1.5896e-16
5051.296 1.4805e-16
5052.831 1.3772e-16
5054.366 1.402e-16
5055.901 1.4833e-16
5057.436 1.4025e-16
5058.971 1.4387e-16
5060.505 1.4393e-16
5062.041 1.4745e-16
5063.575 1.4366e-16
5065.11 1.538e-16
5066.645 1.4292e-16
5068.18 1.3446e-16
5069.715 1.479e-16
5071.25 1.468e-16
5072.785 1.4421e-16
5074.319 1.4517e-16
5075.854 1.3918e-16
5077.389 1.3759e-16
5078.924 1.3892e-16
5080.459 1.3787e-16
5081.994 1.2362e-16
5083.529 1.3677e-16
5085.063 1.5069e-16
5086.598 1.4424e-16
5088.133 1.3302e-16
5089.668 1.3356e-16
5091.203 1.4291e-16
5092.738 1.4672e-16
5094.273 1.4065e-16
5095.808 1.3715e-16
5097.342 1.3264e-16
5098.877 1.4405e-16
5100.412 1.411e-16
5101.947 1.42e-16
5103.482 1.3545e-16
5105.017 1.3097e-16
5106.552 1.3942e-16
5108.086 1.3977e-16
5109.622 1.4467e-16
5111.156 1.3838e-16
5112.691 1.3944e-16
5114.226 1.3269e-16
5115.761 1.3199e-16
5117.296 1.3106e-16
5118.831 1.3982e-16
5120.366 1.4574e-16
5121.9 1.4224e-16
5123.436 1.4697e-16
5124.97 1.3415e-16
5126.505 1.3845e-16
5128.04 1.317e-16
5129.575 1.3633e-16
5131.11 1.2769e-16
5132.645 1.3188e-16
5134.18 1.2268e-16
5135.714 1.2616e-16
5137.25 1.4383e-16
5138.784 1.3785e-16
5140.319 1.2193e-16
5141.854 1.3461e-16
5143.389 1.322e-16
5144.924 1.3499e-16
5146.458 1.2587e-16
5147.994 1.3955e-16
5149.528 1.2962e-16
5151.063 1.2369e-16
5152.598 1.304e-16
5154.133 1.249e-16
5155.668 1.1957e-16
5157.203 1.1343e-16
5158.738 1.241e-16
5160.272 1.3584e-16
5161.808 1.2525e-16
5163.342 1.1657e-16
5164.877 1.3139e-16
5166.412 1.3386e-16
5167.947 1.3135e-16
5169.482 1.3367e-16
5171.017 1.309e-16
5172.552 1.3651e-16
5174.086 1.3513e-16
5175.621 1.287e-16
5177.156 1.2843e-16
5178.691 1.3321e-16
5180.226 1.377e-16
5181.761 1.3376e-16
5183.296 1.3453e-16
5184.831 1.2758e-16
5186.365 1.2699e-16
5187.9 1.352e-16
5189.435 1.3455e-16
5190.97 1.3401e-16
5192.505 1.3896e-16
5194.04 1.398e-16
5195.575 1.4034e-16
5197.109 1.3466e-16
5198.645 1.3009e-16
5200.179 1.3748e-16
5201.714 1.3442e-16
5203.249 1.3945e-16
5204.784 1.3761e-16
5206.319 1.2777e-16
5207.854 1.2413e-16
5209.389 1.2911e-16
5210.923 1.3436e-16
5212.458 1.322e-16
5213.993 1.4016e-16
5215.528 1.4866e-16
5217.063 1.4023e-16
5218.598 1.3406e-16
5220.133 1.2921e-16
5221.667 1.2857e-16
5223.203 1.3564e-16
5224.737 1.2929e-16
5226.272 1.3055e-16
5227.807 1.2673e-16
5229.342 1.4058e-16
5230.877 1.4123e-16
5232.412 1.4316e-16
5233.947 1.3657e-16
5235.481 1.4293e-16
5237.017 1.4466e-16
5238.551 1.2408e-16
5240.086 1.2397e-16
5241.621 1.2062e-16
5243.156 1.291e-16
5244.691 1.4402e-16
5246.226 1.4487e-16
5247.761 1.3298e-16
5249.295 1.2439e-16
5250.831 1.3402e-16
5252.365 1.3335e-16
5253.9 1.3177e-16
5255.435 1.4415e-16
5256.97 1.3524e-16
5258.505 1.3242e-16
5260.04 1.2064e-16
5261.575 1.2776e-16
5263.109 1.4589e-16
5264.644 1.3388e-16
5266.179 1.316e-16
5267.714 1.2935e-16
5269.249 1.3686e-16
5270.784 1.2746e-16
5272.319 1.3601e-16
5273.854 1.2456e-16
5275.388 1.3955e-16
5276.923 1.3686e-16
5278.458 1.3535e-16
5279.993 1.3594e-16
5281.528 1.3499e-16
5283.063 1.3945e-16
5284.598 1.333e-16
5286.132 1.335e-16
5287.667 1.3742e-16
5289.202 1.3624e-16
5290.737 1.2781e-16
5292.272 1.2882e-16
5293.807 1.1851e-16
5295.342 1.2395e-16
5296.876 1.2437e-16
5298.412 1.3503e-16
5299.946 1.2632e-16
5301.481 1.2171e-16
5303.016 1.2486e-16
5304.551 1.3029e-16
5306.086 1.2951e-16
5307.621 1.1457e-16
5309.156 1.1894e-16
5310.69 1.3595e-16
5312.226 1.2779e-16
5313.76 1.2222e-16
5315.295 1.2074e-16
5316.83 1.2708e-16
5318.365 1.3256e-16
5319.9 1.3136e-16
5321.435 1.2801e-16
5322.97 1.2886e-16
5324.504 1.1772e-16
5326.04 1.1706e-16
5327.574 1.1131e-16
5329.109 1.1783e-16
5330.644 1.1548e-16
5332.179 1.3182e-16
5333.714 1.2719e-16
5335.249 1.1972e-16
5336.784 1.3185e-16
5338.318 1.2861e-16
5339.854 1.2327e-16
5341.388 1.2929e-16
5342.923 1.332e-16
5344.458 1.2879e-16
5345.993 1.3195e-16
5347.528 1.2847e-16
5349.062 1.1613e-16
5350.598 1.234e-16
5352.132 1.184e-16
5353.667 1.2019e-16
5355.202 1.2728e-16
5356.737 1.2251e-16
5358.272 1.2733e-16
5359.807 1.3089e-16
5361.342 1.1432e-16
5362.876 1.2057e-16
5364.411 1.2006e-16
5365.946 1.1251e-16
5367.481 1.224e-16
5369.016 1.1615e-16
5370.551 1.1869e-16
5372.086 1.1578e-16
5373.621 1.1328e-16
5375.155 1.1214e-16
5376.69 1.0103e-16
5378.225 1.1217e-16
5379.76 1.1863e-16
5381.295 1.1064e-16
5382.83 1.1104e-16
5384.365 9.6119e-17
5385.899 1.0981e-16
5387.435 1.0698e-16
5388.969 9.3449e-17
5390.504 9.6791e-17
5392.039 1.0487e-16
5393.574 1.0407e-16
5395.109 1.1346e-16
5396.644 1.1205e-16
5398.179 9.9371e-17
5399.713 1.0047e-16
5401.249 1.0903e-16
5402.783 1.0451e-16
5404.318 9.3023e-17
5405.853 1.1263e-16
5407.388 1.1253e-16
5408.923 1.0825e-16
5410.458 1.0394e-16
5411.993 1.0262e-16
5413.527 1.1448e-16
5415.062 1.1012e-16
5416.597 9.7572e-17
5418.132 1.0007e-16
5419.667 1.128e-16
5421.202 1.0478e-16
5422.737 9.0881e-17
5424.271 1.1314e-16
5425.807 9.733e-17
5427.341 9.409e-17
5428.876 9.9355e-17
5430.411 1.1236e-16
5431.946 1.0087e-16
5433.481 9.3843e-17
5435.016 1.1172e-16
5436.551 9.9211e-17
5438.085 1.1129e-16
5439.621 1.0553e-16
5441.155 9.6118e-17
5442.69 9.7425e-17
5444.225 9.793e-17
5445.76 9.7466e-17
5447.295 9.5128e-17
5448.83 7.7114e-17
5450.365 9.2722e-17
5451.899 9.8488e-17
5453.434 1.109e-16
5454.969 1.0428e-16
5456.504 9.3487e-17
5458.039 9.9984e-17
5459.574 1.0945e-16
5461.109 1.1471e-16
5462.644 1.1173e-16
5464.178 8.7905e-17
5465.713 8.5794e-17
5467.248 1.0373e-16
5468.783 1.0828e-16
5470.318 1.1315e-16
5471.853 1.008e-16
5473.388 9.8996e-17
5474.922 1.1345e-16
5476.458 1.0738e-16
5477.992 1.0751e-16
5479.527 1.0066e-16
5481.062 8.8379e-17
5482.597 1.0203e-16
5484.132 9.8469e-17
5485.667 1.0915e-16
5487.202 9.6093e-17
5488.736 9.0917e-17
5490.271 1.0825e-16
5491.806 9.9652e-17
5493.341 1.1159e-16
5494.876 9.9945e-17
5496.411 1.1334e-16
5497.946 1.0142e-16
5499.48 9.6695e-17
5501.016 1.1247e-16
5502.55 1.1527e-16
5504.085 1.0735e-16
5505.62 9.9584e-17
5507.155 1.0279e-16
5508.69 1.0698e-16
5510.225 1.051e-16
5511.76 1.0716e-16
5513.294 1.0735e-16
5514.83 1.0464e-16
5516.364 1.0242e-16
5517.899 1.0372e-16
5519.434 9.6875e-17
5520.969 9.751e-17
5522.504 1.0338e-16
5524.039 9.5541e-17
5525.574 9.7162e-17
5527.108 1.043e-16
5528.644 1.0249e-16
5530.178 1.0817e-16
5531.713 1.0447e-16
5533.248 1.0274e-16
5534.783 1.0222e-16
5536.318 9.964e-17
5537.853 1.026e-16
5539.388 1.0586e-16
5540.922 1.1329e-16
5542.457 1.0303e-16
5543.992 9.798e-17
5545.527 1.0786e-16
5547.062 1.1049e-16
5548.597 1.1002e-16
5550.132 1.0874e-16
5551.667 1.0221e-16
5553.201 9.9158e-17
5554.736 1.0326e-16
5556.271 1.0815e-16
5557.806 1.0412e-16
5559.341 1.086e-16
5560.876 1.0793e-16
5562.411 1.0307e-16
5563.945 1.0548e-16
5565.48 1.0443e-16
5567.015 1.0188e-16
5568.55 9.2175e-17
5570.085 1.0005e-16
5571.62 1.2211e-16
5573.155 1.225e-16
5574.689 1.2121e-16
5576.225 1.2515e-16
5577.759 1.186e-16
5579.294 1.0415e-16
5580.829 8.5847e-17
5582.364 9.5476e-17
5583.899 1.1276e-16
5585.434 1.068e-16
5586.969 9.3661e-17
5588.503 9.9164e-17
5590.039 1.0603e-16
5591.573 1.0525e-16
5593.108 1.0276e-16
5594.643 1.0267e-16
5596.178 9.4991e-17
5597.713 9.8592e-17
5599.248 1.0114e-16
5600.783 9.9992e-17
5602.317 1.0118e-16
5603.853 9.6774e-17
5605.387 9.6042e-17
5606.922 1.025e-16
5608.457 1.0094e-16
5609.992 9.8665e-17
5611.527 9.6873e-17
5613.062 9.6426e-17
5614.597 9.6154e-17
5616.131 9.5152e-17
5617.667 9.6079e-17
5619.201 9.5856e-17
5620.736 9.9477e-17
5622.271 9.9327e-17
5623.806 9.6495e-17
5625.341 1.002e-16
5626.875 1.0498e-16
5628.411 1.0224e-16
5629.945 9.7922e-17
5631.48 9.9557e-17
5633.015 1.0607e-16
5634.55 1.0724e-16
5636.085 1.0355e-16
5637.62 9.9829e-17
5639.155 1.0083e-16
5640.689 9.8177e-17
5642.224 1.011e-16
5643.759 1.0052e-16
5645.294 9.5998e-17
5646.829 9.4245e-17
5648.364 9.2947e-17
5649.899 9.0128e-17
5651.434 9.643e-17
5652.968 1.0116e-16
5654.503 1.0121e-16
5656.038 1.0023e-16
5657.573 9.3319e-17
5659.108 9.0527e-17
5660.643 9.1468e-17
5662.178 9.262e-17
5663.712 8.9719e-17
5665.248 9.3826e-17
5666.782 9.6738e-17
5668.317 9.3347e-17
5669.852 9.0711e-17
5671.387 9.718e-17
5672.922 9.3891e-17
5674.457 8.6947e-17
5675.992 8.6758e-17
5677.526 8.9361e-17
5679.062 9.5141e-17
5680.596 9.162e-17
5682.131 8.904e-17
5683.666 9.1835e-17
5685.201 9.419e-17
5686.736 9.5589e-17
5688.271 9.0814e-17
5689.806 8.9717e-17
5691.34 8.8508e-17
5692.875 8.836e-17
5694.41 8.8225e-17
5695.945 8.9226e-17
5697.48 9.0205e-17
5699.015 9.0557e-17
5700.55 9.2684e-17
5702.084 9.079e-17
5703.62 8.9653e-17
5705.154 9.1864e-17
5706.689 9.1596e-17
5708.224 8.802e-17
5709.759 8.7947e-17
5711.294 9.0468e-17
5712.829 9.0235e-17
5714.364 8.8272e-17
5715.898 8.6142e-17
5717.434 8.6859e-17
5718.968 8.6261e-17
5720.503 8.7582e-17
5722.038 9.088e-17
5723.573 8.8628e-17
5725.108 8.9152e-17
5726.643 8.9591e-17
5728.178 8.5083e-17
5729.712 8.7378e-17
5731.247 8.9546e-17
5732.782 8.6587e-17
5734.317 8.3099e-17
5735.852 8.3462e-17
5737.387 8.4244e-17
5738.922 8.6681e-17
5740.457 8.9137e-17
5741.991 9.105e-17
5743.526 8.7628e-17
5745.061 8.924e-17
5746.596 9.2213e-17
5748.131 8.6715e-17
5749.666 8.545e-17
5751.201 8.5187e-17
5752.735 8.4859e-17
5754.271 8.7059e-17
5755.805 8.9311e-17
5757.34 9.2652e-17
5758.875 9.1435e-17
5760.41 9.1694e-17
5761.945 8.7402e-17
5763.479 8.8879e-17
5765.015 9.1059e-17
5766.549 8.8089e-17
5768.084 9.2133e-17
5769.619 9.0343e-17
5771.154 7.4938e-17
5772.689 7.3838e-17
5774.224 8.2969e-17
5775.759 8.6375e-17
5777.293 8.4815e-17
5778.829 8.2972e-17
5780.363 8.0332e-17
5781.898 7.9439e-17
5783.433 8.3767e-17
5784.968 8.1701e-17
5786.503 7.9085e-17
5788.038 8.2194e-17
5789.573 8.5984e-17
5791.107 8.6436e-17
5792.643 8.4481e-17
5794.177 8.369e-17
5795.712 8.4181e-17
5797.247 8.4098e-17
5798.782 8.2665e-17
5800.317 8.2655e-17
5801.852 8.4614e-17
5803.387 8.0781e-17
5804.921 7.7872e-17
5806.456 8.1509e-17
5807.991 8.1522e-17
5809.526 7.8425e-17
5811.061 8.0862e-17
5812.596 8.6125e-17
5814.131 8.4656e-17
5815.666 7.9884e-17
5817.201 8.1004e-17
5818.735 8.1861e-17
5820.27 8.4142e-17
5821.805 9.0164e-17
5823.34 8.8139e-17
5824.875 8.3893e-17
5826.41 8.8087e-17
5827.945 8.8214e-17
5829.479 8.4635e-17
5831.014 8.5532e-17
5832.549 8.3231e-17
5834.084 8.172e-17
5835.619 8.2562e-17
5837.154 8.0991e-17
5838.689 8.3526e-17
5840.224 7.8914e-17
5841.758 7.971e-17
5843.293 8.43e-17
5844.828 8.2564e-17
5846.363 8.2708e-17
5847.898 8.1392e-17
5849.433 8.3511e-17
5850.968 8.6464e-17
5852.502 8.5838e-17
5854.038 8.7079e-17
5855.572 8.626e-17
5857.107 8.3149e-17
5858.642 7.9557e-17
5860.177 7.5113e-17
5861.712 7.8216e-17
5863.247 8.6755e-17
5864.782 8.4061e-17
5866.316 7.9271e-17
5867.852 7.9783e-17
5869.386 7.9527e-17
5870.921 8.1013e-17
5872.456 8.7971e-17
5873.991 8.9226e-17
5875.526 8.4289e-17
5877.061 8.1427e-17
5878.596 8.1201e-17
5880.13 8.1616e-17
5881.666 8.4996e-17
5883.2 8.9752e-17
5884.735 8.7061e-17
5886.27 8.3743e-17
5887.805 8.6738e-17
5889.34 9.2643e-17
5890.875 8.8605e-17
5892.41 7.6871e-17
5893.944 7.8754e-17
5895.479 8.5166e-17
5897.014 7.9961e-17
5898.549 7.4562e-17
5900.084 7.7603e-17
5901.619 8.2485e-17
5903.154 8.5743e-17
5904.688 8.8334e-17
5906.223 8.4857e-17
5907.758 8.1143e-17
5909.293 8.2312e-17
5910.828 8.93e-17
5912.363 9.3422e-17
5913.898 9.0235e-17
5915.433 8.646e-17
5916.968 8.7678e-17
5918.502 9.2715e-17
5920.037 8.8129e-17
5921.572 8.397e-17
5923.107 8.5898e-17
5924.642 8.5086e-17
5926.177 8.3594e-17
5927.712 8.5237e-17
5929.247 8.8369e-17
5930.781 8.8892e-17
5932.316 9.1981e-17
5933.851 9.3234e-17
5935.386 8.8736e-17
5936.921 8.4259e-17
5938.456 8.6463e-17
5939.991 9.2088e-17
5941.525 9.1318e-17
5943.061 9.1059e-17
5944.595 8.7972e-17
5946.13 8.4388e-17
5947.665 8.2786e-17
5949.2 8.2075e-17
5950.735 8.3473e-17
5952.27 8.8425e-17
5953.805 8.4518e-17
5955.339 7.9911e-17
5956.875 8.3961e-17
5958.409 8.7221e-17
5959.944 8.8856e-17
5961.479 8.641e-17
5963.014 8.3048e-17
5964.549 8.6993e-17
5966.083 8.8866e-17
5967.619 8.4953e-17
5969.153 8.1617e-17
5970.688 8.1922e-17
5972.223 8.3342e-17
5973.758 8.6031e-17
5975.293 8.4187e-17
5976.828 8.4087e-17
5978.363 8.1954e-17
5979.897 8.0522e-17
5981.433 8.2648e-17
5982.967 7.9548e-17
5984.502 7.8358e-17
5986.037 7.9416e-17
5987.572 8.4629e-17
5989.107 8.1238e-17
5990.642 8.4468e-17
5992.177 8.2592e-17
5993.711 7.2234e-17
5995.246 7.2898e-17
5996.781 8.3098e-17
5998.316 8.968e-17
5999.851 8.202e-17
6001.386 7.6964e-17
6002.921 8.5028e-17
6004.456 8.2097e-17
6005.99 7.8484e-17
6007.525 8.3483e-17
6009.06 7.9563e-17
6010.595 7.7801e-17
6012.13 8.101e-17
6013.665 7.9014e-17
6015.2 7.7864e-17
6016.735 7.8696e-17
6018.27 7.7721e-17
6019.804 7.6402e-17
6021.339 7.5391e-17
6022.874 7.7394e-17
6024.409 7.676e-17
6025.944 8.2571e-17
6027.479 8.2471e-17
6029.014 7.8062e-17
6030.548 7.6546e-17
6032.083 7.4096e-17
6033.618 7.242e-17
6035.153 7.5347e-17
6036.688 7.6698e-17
6038.223 7.7053e-17
6039.758 7.7986e-17
6041.292 7.798e-17
6042.828 7.3269e-17
6044.362 7.363e-17
6045.897 7.4176e-17
6047.432 7.4397e-17
6048.967 7.7489e-17
6050.502 7.6553e-17
6052.037 7.3878e-17
6053.572 7.5369e-17
6055.106 7.9433e-17
6056.642 8.3005e-17
6058.176 8.2961e-17
6059.711 8.1655e-17
6061.246 7.6429e-17
6062.781 7.1889e-17
6064.316 7.5192e-17
6065.851 8.1885e-17
6067.386 7.917e-17
6068.92 7.3879e-17
6070.456 7.4142e-17
6071.99 7.3597e-17
6073.525 7.4352e-17
6075.06 7.4326e-17
6076.595 7.1864e-17
6078.13 7.12e-17
6079.665 7.2594e-17
6081.2 7.3492e-17
6082.734 7.801e-17
6084.269 7.9448e-17
6085.804 7.3988e-17
6087.339 7.0948e-17
6088.874 7.4814e-17
6090.409 7.5966e-17
6091.944 6.8416e-17
6093.479 6.6183e-17
6095.013 7.3773e-17
6096.548 7.3657e-17
6098.083 6.688e-17
6099.618 6.6506e-17
6101.153 7.2779e-17
6102.688 7.5594e-17
6104.223 7.3058e-17
6105.757 7.4643e-17
6107.292 7.9467e-17
6108.827 7.8241e-17
6110.362 7.0779e-17
6111.897 6.4204e-17
6113.432 6.5831e-17
6114.967 7.1072e-17
6116.502 7.5232e-17
6118.037 7.8302e-17
6119.571 7.3125e-17
6121.106 6.6997e-17
6122.641 6.7528e-17
6124.176 6.8173e-17
6125.711 7.3142e-17
6127.246 7.8363e-17
6128.781 7.409e-17
6130.315 6.9677e-17
6131.851 6.9764e-17
6133.385 7.4272e-17
6134.92 7.4738e-17
6136.455 7.3301e-17
6137.99 7.4495e-17
6139.525 7.5164e-17
6141.06 7.6212e-17
6142.595 7.6347e-17
6144.129 7.1827e-17
6145.665 6.8401e-17
6147.199 7.03e-17
6148.734 7.3381e-17
6150.269 7.436e-17
6151.804 7.1886e-17
6153.339 7.031e-17
6154.874 7.3964e-17
6156.409 7.5606e-17
6157.943 7.4976e-17
6159.479 7.1889e-17
6161.013 6.6973e-17
6162.548 6.9277e-17
6164.083 7.1303e-17
6165.618 7.0511e-17
6167.153 7.464e-17
6168.688 7.0961e-17
6170.223 6.6343e-17
6171.757 7.287e-17
6173.292 7.5763e-17
6174.827 7.2434e-17
6176.362 7.459e-17
6177.897 7.2654e-17
6179.432 6.7458e-17
6180.967 6.8856e-17
6182.501 7.0361e-17
6184.036 6.9233e-17
6185.571 6.9196e-17
6187.106 7.0306e-17
6188.641 6.9557e-17
6190.176 6.8942e-17
6191.711 7.3289e-17
6193.246 7.4699e-17
6194.78 7.2954e-17
6196.315 7.6649e-17
6197.85 7.1364e-17
6199.385 6.3097e-17
6200.92 6.9435e-17
6202.455 7.3339e-17
6203.99 7.2105e-17
6205.525 7.1461e-17
6207.06 6.7478e-17
6208.594 6.7842e-17
6210.129 7.3161e-17
6211.664 7.4401e-17
6213.199 6.8973e-17
6214.734 6.9984e-17
6216.269 6.9475e-17
6217.804 6.6878e-17
6219.338 6.9933e-17
6220.874 7.2962e-17
6222.408 7.0625e-17
6223.943 6.5243e-17
6225.478 6.6375e-17
6227.013 7.0352e-17
6228.548 6.9487e-17
6230.083 6.896e-17
6231.618 7.2353e-17
6233.152 6.6705e-17
6234.688 6.7133e-17
6236.222 6.881e-17
6237.757 6.9851e-17
6239.292 7.1923e-17
6240.827 6.7787e-17
6242.362 6.9228e-17
6243.896 7.2011e-17
6245.432 6.8562e-17
6246.966 6.5155e-17
6248.501 6.7853e-17
6250.036 6.7819e-17
6251.571 6.8267e-17
6253.106 6.8719e-17
6254.641 6.8801e-17
6256.176 6.8571e-17
6257.71 7.0101e-17
6259.246 7.0164e-17
6260.78 7.0013e-17
6262.315 6.7423e-17
6263.85 6.5686e-17
6265.385 6.974e-17
6266.92 7.1533e-17
6268.455 7.1363e-17
6269.99 7.2604e-17
6271.524 7.1006e-17
6273.059 6.6931e-17
6274.594 6.7886e-17
6276.129 7.0189e-17
6277.664 6.8415e-17
6279.199 6.8175e-17
6280.734 6.8618e-17
6282.269 6.336e-17
6283.803 6.1803e-17
6285.338 6.6592e-17
6286.873 6.8928e-17
6288.408 6.7141e-17
6289.943 6.6767e-17
6291.478 6.5265e-17
6293.013 6.317e-17
6294.547 6.0475e-17
6296.083 6.3065e-17
6297.617 6.8158e-17
6299.152 7.759e-17
6300.687 7.8662e-17
6302.222 6.9634e-17
6303.757 6.1825e-17
6305.292 5.965e-17
6306.827 5.6318e-17
6308.361 6.3784e-17
6309.896 6.9375e-17
6311.431 6.3581e-17
6312.966 6.5817e-17
6314.501 6.7111e-17
6316.036 5.9633e-17
6317.571 6.3025e-17
6319.105 6.8164e-17
6320.641 6.6693e-17
6322.175 6.7759e-17
6323.71 6.8934e-17
6325.245 6.6054e-17
6326.78 6.323e-17
6328.315 6.4239e-17
6329.85 6.6271e-17
6331.385 6.3225e-17
6332.919 6.4014e-17
6334.455 6.0497e-17
6335.989 5.4061e-17
6337.524 5.9877e-17
6339.059 6.208e-17
6340.594 6.5974e-17
6342.129 6.5188e-17
6343.664 6.1249e-17
6345.199 5.9551e-17
6346.733 6.4466e-17
6348.269 6.4282e-17
6349.803 6.2262e-17
6351.338 6.6403e-17
6352.873 6.7946e-17
6354.408 6.6164e-17
6355.943 6.6024e-17
6357.478 6.5319e-17
6359.013 6.3645e-17
6360.547 6.4506e-17
6362.082 6.375e-17
6363.617 6.1866e-17
6365.152 6.2577e-17
6366.687 6.4626e-17
6368.222 6.4908e-17
6369.757 6.256e-17
6371.292 5.8157e-17
6372.826 6.1842e-17
6374.361 6.3162e-17
6375.896 6.3266e-17
6377.431 6.3291e-17
6378.966 5.9336e-17
6380.501 6.0971e-17
6382.036 6.7893e-17
6383.57 6.7099e-17
6385.105 6.3272e-17
6386.64 6.5235e-17
6388.175 6.586e-17
6389.71 6.4893e-17
6391.245 6.4157e-17
6392.78 6.3894e-17
6394.314 6.2825e-17
6395.85 6.2762e-17
6397.384 6.8211e-17
6398.919 6.8826e-17
6400.454 7.085e-17
6401.989 7.1624e-17
6403.524 6.6131e-17
6405.059 6.5086e-17
6406.594 6.7831e-17
6408.128 6.5117e-17
6409.664 6.3599e-17
6411.198 6.6059e-17
6412.733 6.3864e-17
6414.268 6.2283e-17
6415.803 6.7376e-17
6417.338 6.7116e-17
6418.873 6.0792e-17
6420.408 6.2428e-17
6421.942 6.3507e-17
6423.478 6.337e-17
6425.012 6.8067e-17
6426.547 6.4555e-17
6428.082 6.1241e-17
6429.617 6.8845e-17
6431.152 7.3414e-17
6432.687 6.6835e-17
6434.222 6.4302e-17
6435.756 6.7331e-17
6437.292 6.6685e-17
6438.826 6.6524e-17
6440.361 6.5769e-17
6441.896 6.4821e-17
6443.431 6.6491e-17
6444.966 6.6537e-17
6446.5 6.4248e-17
6448.036 6.4438e-17
6449.57 6.6983e-17
6451.105 7.0538e-17
6452.64 6.9838e-17
6454.175 6.9564e-17
6455.71 7.218e-17
6457.245 7.1679e-17
6458.78 6.8999e-17
6460.314 6.8151e-17
6461.849 6.6847e-17
6463.384 6.652e-17
6464.919 7.1255e-17
6466.454 7.4109e-17
6467.989 7.222e-17
6469.524 6.9948e-17
6471.059 6.9411e-17
6472.593 6.7998e-17
6474.128 6.7924e-17
6475.663 6.5271e-17
6477.198 6.321e-17
6478.733 6.6777e-17
6480.268 6.6498e-17
6481.803 6.3971e-17
6483.337 6.7427e-17
6484.873 6.8779e-17
6486.407 6.5671e-17
6487.942 6.9013e-17
6489.477 6.9666e-17
6491.012 6.7123e-17
6492.547 7.3472e-17
6494.082 7.5505e-17
6495.617 6.9392e-17
6497.151 6.8781e-17
6498.687 7.065e-17
6500.221 7.1033e-17
6501.756 6.8263e-17
6503.291 6.5809e-17
6504.826 6.4603e-17
6506.361 6.5658e-17
6507.896 6.8879e-17
6509.431 6.9315e-17
6510.965 6.9773e-17
6512.5 6.9967e-17
6514.035 6.6754e-17
6515.57 6.7323e-17
6517.105 6.7185e-17
6518.64 6.6417e-17
6520.175 6.7652e-17
6521.709 6.7092e-17
6523.245 6.6674e-17
6524.779 6.8507e-17
6526.314 6.9171e-17
6527.849 6.7084e-17
6529.384 6.7811e-17
6530.919 7.0233e-17
6532.454 7.1803e-17
6533.989 6.9009e-17
6535.523 6.5094e-17
6537.059 6.4623e-17
6538.593 6.4938e-17
6540.128 6.6376e-17
6541.663 6.655e-17
6543.198 6.7464e-17
6544.733 6.7314e-17
6546.268 6.7714e-17
6547.803 6.651e-17
6549.337 6.7031e-17
6550.872 6.6891e-17
6552.407 6.6282e-17
6553.942 6.6513e-17
6555.477 6.4309e-17
6557.012 6.7797e-17
6558.547 6.7953e-17
6560.082 6.421e-17
6561.616 6.6296e-17
6563.151 7.0895e-17
6564.686 6.4779e-17
6566.221 6.0835e-17
6567.756 6.57e-17
6569.291 6.6759e-17
6570.826 6.8846e-17
6572.36 6.8775e-17
6573.896 6.3861e-17
6575.43 6.4349e-17
6576.965 6.6247e-17
6578.5 6.4708e-17
6580.035 6.5336e-17
6581.57 6.9215e-17
6583.104 6.7258e-17
6584.64 6.3342e-17
6586.174 6.2244e-17
6587.709 6.6708e-17
6589.244 6.716e-17
6590.779 6.9242e-17
6592.314 7.1373e-17
6593.849 7.063e-17
6595.384 6.9523e-17
6596.918 6.6983e-17
6598.454 6.5306e-17
6599.988 6.9004e-17
6601.523 7.1553e-17
6603.058 6.7855e-17
6604.593 6.6629e-17
6606.128 6.7335e-17
6607.663 6.4685e-17
6609.198 6.3889e-17
6610.732 6.7129e-17
6612.268 6.8007e-17
6613.802 6.8223e-17
6615.337 6.9849e-17
6616.872 6.7464e-17
6618.407 6.5105e-17
6619.942 6.6076e-17
6621.477 6.8838e-17
6623.012 6.722e-17
6624.546 6.6378e-17
6626.082 7.0069e-17
6627.616 6.9767e-17
6629.151 6.7475e-17
6630.686 6.6901e-17
6632.221 6.5839e-17
6633.756 6.5109e-17
6635.291 6.4611e-17
6636.826 6.6574e-17
6638.36 6.7134e-17
6639.895 6.6777e-17
6641.43 6.9084e-17
6642.965 6.7948e-17
6644.5 6.6846e-17
6646.035 6.8738e-17
6647.57 6.6554e-17
6649.104 6.8694e-17
6650.639 7.1781e-17
6652.174 6.6325e-17
6653.709 6.7681e-17
6655.244 7.1562e-17
6656.779 6.7706e-17
6658.314 6.3905e-17
6659.849 6.519e-17
6661.383 6.7875e-17
6662.918 6.8766e-17
6664.453 6.7762e-17
6665.988 6.3569e-17
6667.523 6.2942e-17
6669.058 6.7205e-17
6670.593 6.8926e-17
6672.127 6.3908e-17
6673.663 6.184e-17
6675.197 6.5036e-17
6676.732 6.7069e-17
6678.267 6.7665e-17
6679.802 6.5102e-17
6681.337 6.5644e-17
6682.872 6.7397e-17
6684.407 6.6163e-17
6685.941 6.4938e-17
6687.477 6.425e-17
6689.011 6.4873e-17
6690.546 6.5208e-17
6692.081 6.3383e-17
6693.616 6.2827e-17
6695.151 6.5608e-17
6696.686 6.5202e-17
6698.221 6.646e-17
6699.755 6.7466e-17
6701.291 6.6417e-17
6702.825 6.3895e-17
6704.36 6.3243e-17
6705.895 6.3078e-17
6707.43 6.2398e-17
6708.965 6.1754e-17
6710.5 6.2034e-17
6712.035 6.2237e-17
6713.569 6.2739e-17
6715.104 6.5805e-17
6716.639 6.6008e-17
6718.174 6.492e-17
6719.709 6.4676e-17
6721.244 6.264e-17
6722.779 6.2846e-17
6724.313 6.4025e-17
6725.849 6.5863e-17
6727.383 6.52e-17
6728.918 6.1487e-17
6730.453 5.8768e-17
6731.988 6.1717e-17
6733.523 6.3584e-17
6735.058 6.4591e-17
6736.593 6.3008e-17
6738.127 6.3881e-17
6739.662 6.5664e-17
6741.197 6.3077e-17
6742.732 6.0068e-17
6744.267 5.9317e-17
6745.802 5.8264e-17
6747.337 6.2458e-17
6748.872 6.3956e-17
6750.406 6.0776e-17
6751.941 6.1043e-17
6753.476 6.4622e-17
6755.011 6.4718e-17
6756.546 6.0403e-17
6758.081 6.2216e-17
6759.616 6.0995e-17
6761.15 5.9796e-17
6762.686 6.0363e-17
6764.22 5.7675e-17
6765.755 5.698e-17
6767.29 6.1215e-17
6768.825 6.0525e-17
6770.36 5.5372e-17
6771.895 5.8858e-17
6773.43 6.6401e-17
6774.964 6.3847e-17
6776.5 5.8262e-17
6778.034 5.6877e-17
6779.569 5.5676e-17
6781.104 5.7662e-17
6782.639 6.1326e-17
6784.174 6.0413e-17
6785.708 5.7335e-17
6787.244 5.8463e-17
6788.778 5.9579e-17
6790.313 5.8447e-17
6791.848 5.995e-17
6793.383 5.8744e-17
6794.918 5.5015e-17
6796.453 5.6473e-17
6797.988 5.9043e-17
6799.522 6.2072e-17
6801.058 6.2764e-17
6802.592 6.1762e-17
6804.127 6.256e-17
6805.662 6.4305e-17
6807.197 6.1057e-17
6808.732 5.9553e-17
6810.267 5.7798e-17
6811.802 5.5551e-17
6813.336 5.5571e-17
6814.872 5.692e-17
6816.406 5.7942e-17
6817.941 5.7722e-17
6819.476 5.6647e-17
6821.011 5.7613e-17
6822.546 5.9645e-17
6824.081 5.812e-17
6825.616 5.6579e-17
6827.15 6.0304e-17
6828.685 6.0741e-17
6830.22 5.9691e-17
6831.755 6.0296e-17
6833.29 6.0654e-17
6834.825 6.057e-17
6836.36 5.7869e-17
6837.895 5.6456e-17
6839.429 5.7627e-17
6840.964 5.8225e-17
6842.499 5.839e-17
6844.034 5.7356e-17
6845.569 5.8243e-17
6847.104 5.7848e-17
6848.639 5.5672e-17
6850.173 5.6464e-17
6851.708 5.7403e-17
6853.243 5.6071e-17
6854.778 5.3951e-17
6856.313 5.6412e-17
6857.848 5.7509e-17
6859.383 5.7807e-17
6860.917 5.8155e-17
6862.453 5.3222e-17
6863.987 5.5048e-17
6865.522 6.0477e-17
6867.057 6.0743e-17
6868.592 5.9611e-17
6870.127 5.804e-17
6871.662 5.5632e-17
6873.197 5.0248e-17
6874.731 5.2367e-17
6876.267 5.7073e-17
6877.801 5.9732e-17
6879.336 6.1492e-17
6880.871 5.97e-17
6882.406 5.7516e-17
6883.941 5.9228e-17
6885.476 6.2251e-17
6887.011 6.116e-17
6888.545 5.7848e-17
6890.081 5.936e-17
6891.615 5.8174e-17
6893.15 5.8022e-17
6894.685 6.0888e-17
6896.22 5.8786e-17
6897.755 5.7759e-17
6899.29 6.041e-17
6900.825 5.8596e-17
6902.359 5.4483e-17
6903.895 5.1732e-17
6905.429 5.4785e-17
6906.964 5.6794e-17
6908.499 5.9627e-17
6910.034 5.9046e-17
6911.569 5.798e-17
6913.104 5.8806e-17
6914.639 5.9388e-17
6916.173 5.7582e-17
6917.708 5.3636e-17
6919.243 5.3489e-17
6920.778 5.5206e-17
6922.313 5.4581e-17
6923.848 5.4131e-17
6925.383 5.6181e-17
6926.917 5.4317e-17
6928.452 5.3606e-17
6929.987 5.7146e-17
6931.522 5.753e-17
6933.057 5.6068e-17
6934.592 5.6376e-17
6936.127 5.5516e-17
6937.662 5.3131e-17
6939.196 5.5075e-17
6940.731 5.8063e-17
6942.266 5.7123e-17
6943.801 6.1306e-17
6945.336 6.5735e-17
6946.871 6.1263e-17
6948.406 5.5345e-17
6949.94 5.5057e-17
6951.476 5.6982e-17
6953.01 5.6481e-17
6954.545 5.4731e-17
6956.08 5.2432e-17
6957.615 5.2104e-17
6959.15 5.2558e-17
6960.685 4.9943e-17
6962.22 5.014e-17
6963.754 5.4109e-17
6965.29 5.4539e-17
6966.824 5.2655e-17
6968.359 5.6392e-17
6969.894 5.5827e-17
6971.429 5.5011e-17
6972.964 5.7757e-17
6974.499 5.8185e-17
6976.034 5.6976e-17
6977.568 5.746e-17
6979.104 5.7866e-17
6980.638 5.5277e-17
6982.173 5.5222e-17
6983.708 5.5307e-17
6985.243 5.3998e-17
6986.778 5.4981e-17
6988.312 5.5273e-17
6989.848 5.3473e-17
6991.382 5.2023e-17
6992.917 5.1581e-17
6994.452 5.1912e-17
6995.987 5.1807e-17
6997.522 5.168e-17
6999.057 5.2688e-17
7000.592 5.4375e-17
7002.126 5.7425e-17
7003.662 5.7472e-17
7005.196 5.5264e-17
7006.731 5.493e-17
7008.266 5.529e-17
7009.801 5.303e-17
7011.336 5.1316e-17
7012.871 5.238e-17
7014.406 5.2324e-17
7015.94 5.116e-17
7017.475 5.0399e-17
7019.01 4.7801e-17
7020.545 4.7263e-17
7022.08 5.0208e-17
7023.615 5.208e-17
7025.15 4.9906e-17
7026.685 5.0002e-17
7028.219 5.2019e-17
7029.754 4.9957e-17
7031.289 5.0682e-17
7032.824 5.2019e-17
7034.359 5.0928e-17
7035.894 4.8317e-17
7037.429 4.8225e-17
7038.963 4.9913e-17
7040.499 4.9448e-17
7042.033 5.0358e-17
7043.568 5.2282e-17
7045.103 4.9267e-17
7046.638 4.6305e-17
7048.173 4.7356e-17
7049.708 4.6526e-17
7051.243 4.662e-17
7052.777 4.8472e-17
7054.312 4.8907e-17
7055.847 4.9197e-17
7057.382 5.082e-17
7058.917 4.9908e-17
7060.452 4.6091e-17
7061.987 4.647e-17
7063.521 4.7633e-17
7065.057 5.0499e-17
7066.591 5.3689e-17
7068.126 5.0001e-17
7069.661 4.4475e-17
7071.196 4.3941e-17
7072.731 4.4887e-17
7074.266 4.8236e-17
7075.801 4.8611e-17
7077.335 4.6523e-17
7078.871 4.8283e-17
7080.405 5.0627e-17
7081.94 4.9998e-17
7083.475 4.7355e-17
7085.01 4.7198e-17
7086.545 4.9696e-17
7088.08 4.8502e-17
7089.615 5.0645e-17
7091.149 5.1651e-17
7092.685 4.8098e-17
7094.219 4.3861e-17
7095.754 4.5087e-17
7097.289 4.9186e-17
7098.824 4.9805e-17
7100.359 4.7945e-17
7101.894 4.6288e-17
7103.429 4.4904e-17
7104.963 4.7055e-17
7106.498 4.9229e-17
7108.033 4.7397e-17
7109.568 4.4241e-17
7111.103 4.3841e-17
7112.638 4.6473e-17
7114.173 4.8873e-17
7115.708 4.903e-17
7117.242 4.8853e-17
7118.777 4.7799e-17
7120.312 5.0105e-17
7121.847 4.9582e-17
7123.382 4.7266e-17
7124.917 4.9012e-17
7126.452 4.8865e-17
7127.986 4.7989e-17
7129.521 4.7565e-17
7131.056 4.764e-17
7132.591 4.744e-17
7134.126 4.8968e-17
7135.661 4.939e-17
7137.196 5.048e-17
7138.73 5.0076e-17
7140.266 5.1714e-17
7141.8 5.0952e-17
7143.335 4.6583e-17
7144.87 4.8242e-17
7146.405 4.8706e-17
7147.94 4.699e-17
7149.475 4.9743e-17
7151.01 5.4489e-17
7152.544 5.0994e-17
7154.08 4.501e-17
7155.614 4.8538e-17
7157.149 5.1557e-17
7158.684 4.8366e-17
7160.219 4.9677e-17
7161.754 5.1163e-17
7163.289 5.0811e-17
7164.824 4.9599e-17
7166.358 4.8866e-17
7167.894 5.128e-17
7169.428 5.1655e-17
7170.963 5.024e-17
7172.498 4.8921e-17
7174.033 4.846e-17
7175.568 4.8815e-17
7177.103 4.7062e-17
7178.638 4.6923e-17
7180.172 4.8822e-17
7181.707 4.8898e-17
7183.242 4.5241e-17
7184.777 4.6914e-17
7186.312 5.291e-17
7187.847 5.2104e-17
7189.382 4.9829e-17
7190.917 4.9165e-17
7192.452 5.0013e-17
7193.986 4.8666e-17
7195.521 4.8431e-17
7197.056 4.9634e-17
7198.591 4.9317e-17
7200.126 4.94e-17
7201.661 5.0007e-17
7203.196 5.2032e-17
7204.73 5.1243e-17
7206.265 4.8724e-17
7207.8 5.0485e-17
7209.335 5.3316e-17
7210.87 5.0774e-17
7212.405 4.9089e-17
7213.94 5.1144e-17
7215.475 4.9958e-17
7217.009 5.0581e-17
7218.544 5.3574e-17
7220.079 5.2155e-17
7221.614 4.7797e-17
7223.149 4.6789e-17
7224.684 5.1485e-17
7226.219 5.2542e-17
7227.753 5.1193e-17
7229.289 5.0976e-17
7230.823 4.7409e-17
7232.358 4.8823e-17
7233.893 5.7175e-17
7235.428 5.9689e-17
7236.963 5.5121e-17
7238.498 5.4688e-17
7240.033 5.5004e-17
7241.567 4.7574e-17
7243.103 4.8541e-17
7244.637 5.3706e-17
7246.172 5.3031e-17
7247.707 5.1987e-17
7249.242 5.0339e-17
7250.777 5.0324e-17
7252.312 5.4061e-17
7253.847 5.6168e-17
7255.381 4.9454e-17
7256.917 4.8052e-17
7258.451 4.9684e-17
7259.986 4.8811e-17
7261.521 4.9072e-17
7263.056 5.1844e-17
7264.591 5.0597e-17
7266.125 4.6446e-17
7267.661 4.8463e-17
7269.195 5.0342e-17
7270.73 5.2153e-17
7272.265 5.629e-17
7273.8 5.3682e-17
7275.335 5.1335e-17
7276.87 5.1503e-17
7278.405 5.0474e-17
7279.939 4.9598e-17
7281.474 4.953e-17
7283.009 5.1262e-17
7284.544 5.0136e-17
7286.079 4.3348e-17
7287.614 4.4143e-17
7289.149 4.5782e-17
7290.684 4.6125e-17
7292.219 4.8698e-17
7293.753 4.7126e-17
7295.288 5.0122e-17
7296.823 5.1552e-17
7298.358 4.9768e-17
7299.893 4.8815e-17
7301.428 4.7919e-17
7302.963 5.1725e-17
7304.498 5.2009e-17
7306.032 4.5533e-17
7307.567 4.2196e-17
7309.102 4.5912e-17
7310.637 4.6212e-17
7312.172 4.4598e-17
7313.707 4.9167e-17
7315.242 5.1776e-17
7316.776 5.1395e-17
7318.312 4.7414e-17
7319.846 4.2708e-17
7321.381 4.8992e-17
7322.916 5.343e-17
7324.451 4.7494e-17
7325.986 4.5528e-17
7327.521 4.4888e-17
7329.056 4.4712e-17
7330.59 4.6768e-17
7332.125 4.3949e-17
7333.66 4.37e-17
7335.195 4.9391e-17
7336.73 4.9852e-17
7338.265 4.5786e-17
7339.8 4.6034e-17
7341.334 4.9492e-17
7342.87 4.6598e-17
7344.404 4.1159e-17
7345.939 4.3697e-17
7347.474 4.484e-17
7349.009 4.3e-17
7350.544 4.462e-17
7352.079 4.7094e-17
7353.614 4.905e-17
7355.148 4.5765e-17
7356.684 4.4965e-17
7358.218 4.6088e-17
7359.753 4.546e-17
7361.288 4.5789e-17
7362.823 4.6488e-17
7364.358 4.6894e-17
7365.893 4.7994e-17
7367.428 4.9114e-17
7368.962 4.3315e-17
7370.497 4.0777e-17
7372.032 4.3999e-17
7373.567 4.1276e-17
7375.102 4.1232e-17
7376.637 4.4611e-17
7378.172 4.2884e-17
7379.707 4.365e-17
7381.241 4.5196e-17
7382.776 4.2566e-17
7384.311 4.1612e-17
7385.846 4.3937e-17
7387.381 4.4305e-17
7388.916 4.4558e-17
7390.451 4.7299e-17
7391.986 4.442e-17
7393.521 4.2234e-17
7395.055 4.4705e-17
7396.59 4.459e-17
7398.125 4.3003e-17
7399.66 4.1797e-17
7401.195 4.5034e-17
7402.73 4.4052e-17
7404.265 4.1133e-17
7405.799 4.252e-17
7407.334 4.4637e-17
7408.869 4.6126e-17
7410.404 4.2565e-17
7411.939 4.2977e-17
7413.474 4.075e-17
7415.009 4.065e-17
7416.543 4.5948e-17
7418.079 4.4255e-17
7419.613 4.1242e-17
7421.148 4.4653e-17
7422.683 4.3726e-17
7424.218 4.1926e-17
7425.753 4.1607e-17
7427.288 3.9442e-17
7428.823 4.0761e-17
7430.357 4.6706e-17
7431.893 4.4649e-17
7433.427 4.2125e-17
7434.962 4.4063e-17
7436.497 4.3311e-17
7438.032 4.3546e-17
7439.567 4.5103e-17
7441.102 4.0517e-17
7442.637 3.7844e-17
7444.171 4.13e-17
7445.707 4.4981e-17
7447.241 4.4089e-17
7448.776 4.1603e-17
7450.311 4.3815e-17
7451.846 4.6351e-17
7453.381 4.2013e-17
7454.916 4.318e-17
7456.451 4.6921e-17
7457.985 4.5759e-17
7459.52 4.1651e-17
7461.055 4.2098e-17
7462.59 4.2397e-17
7464.125 4.3503e-17
7465.66 4.4113e-17
7467.195 4.2221e-17
7468.729 4.2745e-17
7470.264 4.2763e-17
7471.799 4.1927e-17
7473.334 4.1224e-17
7474.869 4.0842e-17
7476.404 3.9986e-17
7477.939 4.1569e-17
7479.474 4.1324e-17
7481.008 3.8438e-17
7482.543 4.1262e-17
7484.078 4.403e-17
7485.613 4.3335e-17
7487.148 4.1665e-17
7488.683 4.3395e-17
7490.218 5.0976e-17
7491.753 5.0167e-17
7493.288 4.6891e-17
7494.822 4.2277e-17
7496.357 4.0874e-17
7497.892 4.14e-17
7499.427 4.2656e-17
7500.962 4.4707e-17
7502.497 4.3591e-17
7504.032 4.236e-17
7505.566 4.3678e-17
7507.102 4.3286e-17
7508.636 4.4466e-17
7510.171 4.4756e-17
7511.706 4.2595e-17
7513.241 4.1395e-17
7514.776 4.4857e-17
7516.311 4.6843e-17
7517.846 4.5575e-17
7519.38 4.3191e-17
7520.916 4.2419e-17
7522.45 4.2483e-17
7523.985 4.0701e-17
7525.52 4.3155e-17
7527.055 4.3847e-17
7528.59 4.063e-17
7530.125 4.1938e-17
7531.66 4.1601e-17
7533.194 4.2149e-17
7534.729 4.4561e-17
7536.264 3.9699e-17
7537.799 4.1222e-17
7539.334 4.5533e-17
7540.869 4.1986e-17
7542.404 4.4095e-17
7543.938 4.524e-17
7545.474 4.0417e-17
7547.008 3.9918e-17
7548.543 4.1605e-17
7550.078 4.1635e-17
7551.613 4.1468e-17
7553.148 4.0625e-17
7554.683 4.1725e-17
7556.218 4.1193e-17
7557.752 4.3124e-17
7559.287 4.6983e-17
7560.822 4.4043e-17
7562.357 4.0323e-17
7563.892 3.9531e-17
7565.427 3.9927e-17
7566.962 4.1728e-17
7568.497 4.2105e-17
7570.031 4.1285e-17
7571.566 3.9232e-17
7573.101 4.1405e-17
7574.636 4.3774e-17
7576.171 4.1317e-17
7577.706 4.0103e-17
7579.241 4.2047e-17
7580.775 4.2484e-17
7582.311 4.0687e-17
7583.845 3.9012e-17
7585.38 4.0393e-17
7586.915 4.1722e-17
7588.45 4.2431e-17
7589.985 4.1096e-17
7591.52 4.1806e-17
7593.055 4.362e-17
7594.589 3.5816e-17
7596.125 3.3344e-17
7597.659 3.8228e-17
7599.194 4.5153e-17
7600.729 4.3719e-17
7602.264 3.8886e-17
7603.799 3.3433e-17
7605.333 2.8531e-17
7606.869 3.7334e-17
7608.403 4.4212e-17
7609.938 4.2543e-17
7611.473 4.2441e-17
7613.008 4.2766e-17
7614.543 4.1705e-17
7616.078 4.0869e-17
7617.613 4.1557e-17
7619.147 4.3608e-17
7620.683 4.6862e-17
7622.217 4.667e-17
7623.752 4.0483e-17
7625.287 3.5669e-17
7626.822 4.1781e-17
7628.357 4.796e-17
7629.892 4.1805e-17
7631.427 4.075e-17
7632.961 4.5555e-17
7634.497 3.915e-17
7636.031 3.7692e-17
7637.566 4.3492e-17
7639.101 3.8612e-17
7640.636 3.7633e-17
7642.171 4.2782e-17
7643.706 4.0452e-17
7645.241 3.9456e-17
7646.775 4.1439e-17
7648.31 3.9702e-17
7649.845 3.6569e-17
7651.38 3.8108e-17
7652.915 4.1553e-17
7654.45 3.9949e-17
7655.985 3.5624e-17
7657.52 3.7361e-17
7659.054 4.0178e-17
7660.589 3.8254e-17
7662.124 3.8384e-17
7663.659 3.6865e-17
7665.194 3.6455e-17
7666.729 4.1836e-17
7668.264 4.5515e-17
7669.798 4.2327e-17
7671.333 4.0128e-17
7672.868 3.9864e-17
7674.403 3.9381e-17
7675.938 3.9815e-17
7677.473 3.8643e-17
7679.008 3.6024e-17
7680.542 3.7482e-17
7682.078 3.8907e-17
7683.612 4.0855e-17
7685.147 4.2639e-17
7686.682 4.2817e-17
7688.217 4.0196e-17
7689.752 3.7705e-17
7691.287 3.8628e-17
7692.822 3.7302e-17
7694.356 3.3864e-17
7695.892 3.8441e-17
7697.426 4.2768e-17
7698.961 4.1504e-17
7700.496 4.0409e-17
7702.031 3.9672e-17
7703.566 3.761e-17
7705.101 3.8722e-17
7706.636 3.7859e-17
7708.17 3.6156e-17
7709.706 3.7849e-17
7711.24 4.3114e-17
7712.775 4.3641e-17
7714.31 4.4717e-17
7715.845 4.2371e-17
7717.38 3.7807e-17
7718.915 3.7465e-17
7720.45 3.4299e-17
7721.984 3.1621e-17
7723.52 3.4402e-17
7725.054 3.6653e-17
7726.589 3.5506e-17
7728.124 3.3702e-17
7729.659 3.5459e-17
7731.194 3.9336e-17
7732.729 3.8359e-17
7734.264 3.7054e-17
7735.798 3.7595e-17
7737.333 3.6968e-17
7738.868 3.4272e-17
7740.403 3.3406e-17
7741.938 3.6201e-17
7743.473 4.1956e-17
7745.008 4.2683e-17
7746.542 3.7738e-17
7748.077 3.6285e-17
7749.612 3.9581e-17
7751.147 3.8184e-17
7752.682 3.4724e-17
7754.217 3.8236e-17
7755.752 4.0348e-17
7757.287 3.723e-17
7758.821 3.9956e-17
7760.356 3.9986e-17
7761.891 3.5475e-17
7763.426 3.3121e-17
7764.961 3.4955e-17
7766.496 3.6028e-17
7768.031 3.5526e-17
7769.565 3.4879e-17
7771.101 3.6277e-17
7772.635 3.7891e-17
7774.17 4.1755e-17
7775.705 4.2587e-17
7777.24 3.7485e-17
7778.775 3.6385e-17
7780.31 3.7143e-17
7781.845 3.6095e-17
7783.379 3.6771e-17
7784.915 3.6844e-17
7786.449 3.7044e-17
7787.984 3.9118e-17
7789.519 4.2237e-17
7791.054 4.7999e-17
7792.589 4.459e-17
7794.124 4.1124e-17
7795.659 3.9143e-17
7797.193 3.4909e-17
7798.729 3.3743e-17
7800.263 3.3463e-17
7801.798 3.5096e-17
7803.333 3.9882e-17
7804.868 4.1586e-17
7806.403 3.7739e-17
7807.938 3.4367e-17
7809.473 3.4708e-17
7811.007 3.3608e-17
7812.542 3.2128e-17
7814.077 3.8565e-17
7815.612 4.0786e-17
7817.147 3.5535e-17
7818.682 3.7026e-17
7820.217 3.7627e-17
7821.751 3.2573e-17
7823.287 3.1965e-17
7824.821 3.2888e-17
7826.356 2.9687e-17
7827.891 3.113e-17
7829.426 3.5025e-17
7830.961 3.5107e-17
7832.496 3.4695e-17
7834.031 3.7599e-17
7835.565 3.8649e-17
7837.1 3.7873e-17
7838.635 3.7439e-17
7840.17 3.5637e-17
7841.705 3.5241e-17
7843.24 3.601e-17
7844.775 3.4704e-17
7846.31 3.5082e-17
7847.844 3.529e-17
7849.379 3.4455e-17
7850.914 3.4307e-17
7852.449 3.3924e-17
7853.984 3.3815e-17
7855.519 3.1878e-17
7857.054 3.3598e-17
7858.588 3.8969e-17
7860.124 3.9197e-17
7861.658 3.8228e-17
7863.193 3.6832e-17
7864.728 3.6871e-17
7866.263 3.6648e-17
7867.798 3.6292e-17
7869.333 3.7396e-17
7870.868 3.4189e-17
7872.402 3.2791e-17
7873.938 3.5973e-17
7875.472 3.6154e-17
7877.007 3.1833e-17
7878.542 3.2622e-17
7880.077 3.563e-17
7881.612 3.3541e-17
7883.146 3.232e-17
7884.682 3.1084e-17
7886.216 3.2196e-17
7887.751 3.3668e-17
7889.286 3.2881e-17
7890.821 3.3793e-17
7892.356 3.5212e-17
7893.891 3.5743e-17
7895.426 3.2953e-17
7896.96 3.1817e-17
7898.496 3.3372e-17
7900.03 3.1543e-17
7901.565 3.1649e-17
7903.1 3.5173e-17
7904.635 3.3753e-17
7906.17 3.1864e-17
7907.705 3.3657e-17
7909.24 3.4407e-17
7910.774 3.3868e-17
7912.31 3.6083e-17
7913.844 3.5432e-17
7915.379 3.0791e-17
7916.914 2.9699e-17
7918.449 3.4905e-17
7919.984 3.994e-17
7921.519 3.6171e-17
7923.054 3.3088e-17
7924.588 3.4459e-17
7926.123 3.3005e-17
7927.658 3.4083e-17
7929.193 3.8791e-17
7930.728 3.8202e-17
7932.263 3.5711e-17
7933.798 3.2678e-17
7935.333 2.8737e-17
7936.867 2.9542e-17
7938.402 3.3852e-17
7939.937 3.4401e-17
7941.472 3.6375e-17
7943.007 4.2134e-17
7944.542 4.0066e-17
7946.077 3.3884e-17
7947.611 3.3768e-17
7949.146 3.3535e-17
7950.681 3.2413e-17
7952.216 3.5047e-17
7953.751 3.4779e-17
7955.286 3.1645e-17
7956.821 3.4271e-17
7958.355 3.9105e-17
7959.891 3.7583e-17
7961.425 3.6779e-17
7962.96 3.8427e-17
7964.495 3.3449e-17
7966.03 3.0271e-17
7967.565 3.0772e-17
7969.1 3.1203e-17
7970.635 3.2584e-17
7972.169 3.7482e-17
7973.705 4.0383e-17
7975.239 3.6433e-17
7976.774 3.3073e-17
7978.309 3.3559e-17
7979.844 3.3736e-17
7981.379 3.5198e-17
7982.914 3.3949e-17
7984.449 3.1605e-17
7985.983 3.1702e-17
7987.519 3.5058e-17
7989.053 3.1312e-17
7990.588 2.8778e-17
7992.123 3.387e-17
7993.658 3.9849e-17
7995.193 3.7956e-17
7996.728 3.3307e-17
7998.263 3.1474e-17
7999.797 3.2468e-17
8001.333 3.6804e-17
8002.867 3.8573e-17
8004.402 3.6065e-17
8005.937 3.4413e-17
8007.472 3.4742e-17
8009.007 3.6604e-17
8010.542 4.1328e-17
8012.077 3.8522e-17
8013.611 3.4179e-17
8015.146 3.4067e-17
8016.681 3.3203e-17
8018.216 3.2512e-17
8019.751 3.3672e-17
8021.286 3.1987e-17
8022.821 3.1803e-17
8024.355 3.1705e-17
8025.89 3.2323e-17
8027.425 3.2764e-17
8028.96 3.2165e-17
8030.495 3.1727e-17
8032.03 3.4097e-17
8033.565 3.5256e-17
8035.1 3.3803e-17
8036.634 3.2942e-17
8038.169 3.3523e-17
8039.704 3.4691e-17
8041.239 3.5621e-17
8042.774 3.4896e-17
8044.309 3.2925e-17
8045.844 3.4966e-17
8047.378 3.5121e-17
8048.914 3.2182e-17
8050.448 3.3603e-17
8051.983 3.4496e-17
8053.518 3.0369e-17
8055.053 3.1569e-17
8056.588 3.4802e-17
8058.123 3.4828e-17
8059.658 3.4758e-17
8061.192 3.5022e-17
8062.728 3.2584e-17
8064.262 3.1196e-17
8065.797 3.1983e-17
8067.332 2.9388e-17
8068.867 2.9066e-17
8070.402 3.1671e-17
8071.937 3.1998e-17
8073.472 3.0635e-17
8075.006 3.2237e-17
8076.542 3.5749e-17
8078.076 3.5239e-17
8079.611 3.2479e-17
8081.146 3.325e-17
8082.681 3.4375e-17
8084.216 3.4762e-17
8085.75 3.441e-17
8087.286 3.114e-17
8088.82 2.9302e-17
8090.355 3.2992e-17
8091.89 3.6024e-17
8093.425 3.3758e-17
8094.96 3.2746e-17
8096.495 3.4844e-17
8098.03 3.6176e-17
8099.564 3.661e-17
8101.1 3.723e-17
8102.634 3.487e-17
8104.169 3.2402e-17
8105.704 3.2115e-17
8107.239 3.3541e-17
8108.774 3.3283e-17
8110.309 3.2613e-17
8111.844 3.1635e-17
8113.378 3.1732e-17
8114.913 3.3864e-17
8116.448 3.4998e-17
8117.983 3.4339e-17
8119.518 3.3738e-17
8121.053 3.2407e-17
8122.588 3.1509e-17
8124.123 3.5556e-17
8125.657 3.8847e-17
8127.192 3.2635e-17
8128.727 2.9791e-17
8130.262 3.2869e-17
8131.797 3.3468e-17
8133.332 3.2604e-17
8134.867 3.2565e-17
8136.401 3.3682e-17
8137.937 3.5673e-17
8139.471 3.7e-17
8141.006 3.4844e-17
8142.541 3.3641e-17
8144.076 3.4248e-17
8145.611 3.3593e-17
8147.146 3.37e-17
8148.681 3.4685e-17
8150.215 3.5186e-17
8151.75 3.4129e-17
8153.285 3.4535e-17
8154.82 3.6014e-17
8156.355 3.4089e-17
8157.89 3.283e-17
8159.425 3.5067e-17
8160.959 3.7905e-17
8162.495 3.8374e-17
8164.029 3.6073e-17
8165.564 3.4157e-17
8167.099 3.2776e-17
8168.634 3.6024e-17
8170.169 3.8865e-17
8171.704 3.4843e-17
8173.239 3.3839e-17
8174.773 3.3899e-17
8176.309 3.3352e-17
8177.843 3.3284e-17
8179.378 3.496e-17
8180.913 3.7157e-17
8182.448 3.581e-17
8183.983 3.4972e-17
8185.518 3.612e-17
8187.053 3.9252e-17
8188.587 4.0988e-17
8190.123 3.8827e-17
8191.657 3.6372e-17
8193.192 3.6001e-17
8194.727 3.6329e-17
8196.262 3.5734e-17
8197.797 3.5021e-17
8199.332 3.6076e-17
8200.866 3.5977e-17
8202.401 3.5347e-17
8203.937 3.6728e-17
8205.471 3.6037e-17
8207.006 3.3878e-17
8208.541 3.4612e-17
8210.076 3.5422e-17
8211.61 3.291e-17
8213.146 3.3268e-17
8214.681 3.624e-17
8216.215 3.5601e-17
8217.75 3.2765e-17
8219.285 3.2072e-17
8220.82 3.34e-17
8222.354 3.5815e-17
8223.89 3.803e-17
8225.425 3.6528e-17
8226.959 3.3076e-17
8228.494 3.5129e-17
8230.029 3.4997e-17
8231.564 3.1107e-17
8233.099 3.115e-17
8234.634 3.3172e-17
8236.169 3.4396e-17
8237.703 3.4906e-17
8239.238 3.4067e-17
8240.773 3.2761e-17
8242.309 3.5002e-17
8243.843 3.489e-17
8245.378 3.2079e-17
8246.913 3.065e-17
8248.447 3.4507e-17
8249.982 3.4933e-17
8251.518 3.2705e-17
8253.053 3.3155e-17
8254.587 3.5005e-17
8256.122 3.3416e-17
8257.657 3.1738e-17
8259.191 3.2879e-17
8260.727 3.394e-17
8262.262 3.4709e-17
8263.797 3.3401e-17
8265.331 3.1869e-17
8266.866 3.3211e-17
8268.401 3.6631e-17
8269.936 3.4032e-17
8271.471 3.0901e-17
8273.006 3.716e-17
8274.541 4.3617e-17
8276.075 3.743e-17
8277.61 3.3563e-17
8279.146 3.8621e-17
8280.68 4.2585e-17
8282.215 4.1314e-17
8283.75 3.6811e-17
8285.285 3.5401e-17
8286.819 3.6932e-17
8288.354 4.1477e-17
8289.89 3.5125e-17
8291.424 3.0281e-17
8292.959 3.468e-17
8294.494 3.2212e-17
8296.029 2.9356e-17
8297.563 3.5969e-17
8299.099 4.1448e-17
8300.634 3.6438e-17
8302.168 3.2402e-17
8303.703 3.8018e-17
8305.238 4.0944e-17
8306.773 3.6737e-17
8308.308 3.4481e-17
8309.843 3.4313e-17
8311.378 3.5664e-17
8312.912 3.675e-17
8314.447 3.4968e-17
8315.982 3.2478e-17
8317.518 3.4691e-17
8319.052 3.6279e-17
8320.587 3.3641e-17
8322.122 3.3855e-17
8323.657 3.5881e-17
8325.191 3.5733e-17
8326.727 3.4984e-17
8328.262 3.394e-17
8329.796 3.4538e-17
8331.331 3.6911e-17
8332.866 3.4704e-17
8334.401 3.08e-17
8335.936 3.2769e-17
8337.471 3.7833e-17
8339.006 3.5695e-17
8340.54 2.8907e-17
8342.075 3.8279e-17
8343.61 4.9543e-17
8345.146 4.0692e-17
8346.68 2.9045e-17
8348.215 2.6035e-17
8349.75 2.6678e-17
8351.284 3.387e-17
8352.819 3.7854e-17
8354.354 3.3424e-17
8355.89 3.5374e-17
8357.424 3.8785e-17
8358.959 3.4964e-17
8360.494 3.3569e-17
8362.028 3.7824e-17
8363.563 3.6658e-17
8365.099 3.0245e-17
8366.634 3.1427e-17
8368.168 3.6357e-17
8369.703 3.6088e-17
8371.238 3.567e-17
8372.772 3.6972e-17
8374.308 3.5656e-17
8375.843 3.6675e-17
8377.378 4.0258e-17
8378.912 3.8635e-17
8380.447 3.7534e-17
8381.982 3.9945e-17
8383.517 3.6351e-17
8385.052 3.2621e-17
8386.587 3.7209e-17
8388.122 3.6606e-17
8389.656 3.1338e-17
8391.191 2.9817e-17
8392.727 3.154e-17
8394.261 3.3957e-17
8395.796 3.3404e-17
8397.331 3.2525e-17
8398.866 3.2483e-17
8400.4 3.483e-17
8401.936 3.3056e-17
8403.471 3.1171e-17
8405.005 3.3214e-17
8406.54 3.5482e-17
8408.075 3.791e-17
8409.61 3.8442e-17
8411.145 3.8529e-17
8412.68 3.9115e-17
8414.215 3.5064e-17
8415.749 3.5018e-17
8417.284 3.6765e-17
8418.819 3.1479e-17
8420.354 2.9657e-17
8421.889 3.3213e-17
8423.424 4.1607e-17
8424.959 4.2382e-17
8426.493 3.9548e-17
8428.028 3.7982e-17
8429.563 3.8932e-17
8431.099 3.9259e-17
8432.633 3.3486e-17
8434.168 2.9299e-17
8435.703 2.9941e-17
8437.237 3.3177e-17
8438.772 3.3019e-17
8440.308 3.3596e-17
8441.843 3.394e-17
8443.377 3.4552e-17
8444.912 3.5888e-17
8446.447 3.4778e-17
8447.981 3.2084e-17
8449.517 2.946e-17
8451.052 3.4239e-17
8452.587 3.3882e-17
8454.121 3.1663e-17
8455.656 3.3347e-17
8457.191 3.3512e-17
8458.726 3.877e-17
8460.261 4.1473e-17
8461.796 3.8016e-17
8463.331 3.2052e-17
8464.865 3.5346e-17
8466.4 3.7635e-17
8467.936 3.2515e-17
8469.47 3.0246e-17
8471.005 3.3182e-17
8472.54 3.4979e-17
8474.075 3.4278e-17
8475.609 3.4152e-17
8477.145 3.1423e-17
8478.68 2.8828e-17
8480.214 3.1577e-17
8481.749 3.4e-17
8483.284 3.2505e-17
8484.819 3.3183e-17
8486.354 3.724e-17
8487.889 3.6193e-17
8489.424 3.6607e-17
8490.958 3.9791e-17
8492.493 3.7397e-17
8494.028 3.3565e-17
8495.563 3.2101e-17
8497.098 2.9793e-17
8498.633 3.3921e-17
8500.168 4.0049e-17
8501.702 3.6152e-17
8503.237 3.3522e-17
8504.772 3.1743e-17
8506.308 3.1243e-17
8507.842 3.2017e-17
8509.377 3.3411e-17
8510.912 3.5151e-17
8512.446 3.4594e-17
8513.981 3.405e-17
8515.517 3.3397e-17
8517.052 3.3124e-17
8518.586 3.1428e-17
8520.121 3.0661e-17
8521.656 3.1627e-17
8523.191 3.3233e-17
8524.726 3.4835e-17
8526.261 3.1813e-17
8527.796 2.9583e-17
8529.33 3.0648e-17
8530.865 3.1501e-17
8532.4 3.4059e-17
8533.936 3.5728e-17
8535.47 3.3651e-17
8537.005 3.1573e-17
8538.54 3.3001e-17
8540.074 3.4612e-17
8541.609 3.3611e-17
8543.145 3.2178e-17
8544.68 3.3083e-17
8546.214 3.1668e-17
8547.749 2.708e-17
8549.284 2.8505e-17
8550.818 3.0201e-17
8552.354 2.8581e-17
8553.889 3.155e-17
8555.424 3.4135e-17
8556.958 3.2595e-17
8558.493 3.337e-17
8560.028 3.4376e-17
8561.562 3.2422e-17
8563.098 3.0148e-17
8564.633 3.0693e-17
8566.168 3.1758e-17
8567.702 2.9946e-17
8569.237 3.0632e-17
8570.772 3.0268e-17
8572.307 2.6859e-17
8573.842 2.8967e-17
8575.377 3.2833e-17
8576.912 3.313e-17
8578.446 3.3215e-17
8579.981 3.2801e-17
8581.517 3.1383e-17
8583.051 3.0355e-17
8584.586 3.0722e-17
8586.121 3.4177e-17
8587.656 3.4797e-17
8589.19 3.1885e-17
8590.726 3.0751e-17
8592.261 3.0698e-17
8593.795 3.1628e-17
8595.33 3.286e-17
8596.865 3.3221e-17
8598.4 3.202e-17
8599.935 3.1139e-17
8601.47 3.0611e-17
8603.005 3.0953e-17
8604.539 3.0112e-17
8606.074 3.0069e-17
8607.609 3.2396e-17
8609.145 3.2236e-17
8610.679 3.1113e-17
8612.214 3.2867e-17
8613.749 3.3415e-17
8615.283 2.9057e-17
8616.818 2.7976e-17
8618.354 3.487e-17
8619.889 3.5746e-17
8621.423 2.6504e-17
8622.958 2.9233e-17
8624.493 3.3382e-17
8626.027 3.053e-17
8627.562 3.2769e-17
8629.098 3.7456e-17
8630.633 3.1483e-17
8632.167 2.5322e-17
8633.702 2.8601e-17
8635.237 3.0185e-17
8636.771 2.8497e-17
8638.307 2.805e-17
8639.842 2.9623e-17
8641.377 2.7413e-17
8642.911 2.7222e-17
8644.446 2.9246e-17
8645.981 2.9017e-17
8647.516 3.1233e-17
8649.051 3.2918e-17
8650.586 3.5821e-17
8652.121 3.5804e-17
8653.655 2.8802e-17
8655.19 3.0966e-17
8656.726 2.8939e-17
8658.26 2.5902e-17
8659.795 3.3241e-17
8661.33 2.838e-17
8662.865 3.06e-17
8664.399 3.3813e-17
8665.935 3.2763e-17
8667.47 3.097e-17
8669.004 3.0402e-17
8670.539 2.9163e-17
8672.074 2.6432e-17
8673.609 3.122e-17
8675.144 3.3663e-17
8676.679 2.9819e-17
8678.214 2.8272e-17
8679.748 2.695e-17
8681.283 2.7481e-17
8682.818 3.0894e-17
8684.354 3.2253e-17
8685.888 2.8055e-17
8687.423 3.0129e-17
8688.958 2.9224e-17
8690.492 2.7102e-17
8692.027 3.0891e-17
8693.562 3.147e-17
8695.098 2.9867e-17
8696.632 2.8727e-17
8698.167 2.7901e-17
8699.702 2.8635e-17
8701.236 2.7839e-17
8702.771 2.8259e-17
8704.307 3.0106e-17
8705.842 2.8183e-17
8707.376 2.4759e-17
8708.911 2.6748e-17
8710.446 2.7188e-17
8711.98 2.7105e-17
8713.516 2.7543e-17
8715.051 2.857e-17
8716.586 3.122e-17
8718.12 3.0773e-17
8719.655 2.8284e-17
8721.19 2.4246e-17
8722.726 2.475e-17
8724.26 2.8869e-17
8725.795 2.9444e-17
8727.33 2.9163e-17
8728.864 2.7409e-17
8730.399 2.4663e-17
8731.935 2.4709e-17
8733.47 2.5539e-17
8735.004 2.5042e-17
8736.539 2.7293e-17
8738.074 2.989e-17
8739.608 3.0852e-17
8741.144 2.9307e-17
8742.679 2.8526e-17
8744.214 2.8701e-17
8745.748 2.8744e-17
8747.283 2.9299e-17
8748.818 2.9233e-17
8750.353 2.9558e-17
8751.888 3.0366e-17
8753.423 3.1577e-17
8754.958 3.5148e-17
8756.492 3.3879e-17
8758.027 2.7424e-17
8759.562 2.2768e-17
8761.097 2.3315e-17
8762.632 2.8059e-17
8764.167 2.3445e-17
8765.702 1.9365e-17
8767.236 2.61e-17
8768.771 2.4994e-17
8770.307 1.9327e-17
8771.841 2.3624e-17
8773.376 3.1947e-17
8774.911 3.2875e-17
8776.446 3.1183e-17
8777.98 3.1605e-17
8779.516 3.0337e-17
8781.051 2.44e-17
8782.585 2.5595e-17
8784.12 2.9695e-17
8785.655 3.0383e-17
8787.19 2.9444e-17
8788.725 2.8488e-17
8790.26 2.9793e-17
8791.795 3.0126e-17
8793.329 2.2002e-17
8794.864 2.3153e-17
8796.399 2.7355e-17
8797.935 2.8497e-17
8799.469 2.9219e-17
8801.004 2.8074e-17
8802.539 2.753e-17
8804.073 2.557e-17
8805.608 2.681e-17
8807.144 3.0577e-17
8808.679 2.999e-17
8810.213 2.78e-17
8811.748 2.5269e-17
8813.283 2.4032e-17
8814.817 2.3202e-17
8816.353 2.3517e-17
8817.888 2.2663e-17
8819.423 2.4691e-17
8820.957 4.7368e-17
8822.492 5.0755e-17
8824.027 3.5414e-17
8825.562 2.6886e-17
8827.097 4.0753e-17
8828.632 3.7978e-17
8830.167 2.4033e-17
8831.701 2.6134e-17
8833.236 2.8349e-17
8834.771 2.6084e-17
8836.306 2.3412e-17
8837.841 2.4268e-17
8839.376 2.467e-17
8840.911 2.8469e-17
8842.445 2.9115e-17
8843.98 2.5934e-17
8845.516 2.6623e-17
8847.05 2.89e-17
8848.585 2.5885e-17
8850.12 2.7305e-17
8851.655 2.7843e-17
8853.189 2.3732e-17
8854.725 2.4414e-17
8856.26 2.6604e-17
8857.794 2.3065e-17
8859.329 1.9229e-17
8860.864 2.7718e-17
8862.399 2.7728e-17
8863.934 2.6824e-17
8865.469 2.6032e-17
8867.004 2.6798e-17
8868.538 2.5015e-17
8870.073 2.1973e-17
8871.608 2.5212e-17
8873.144 2.3858e-17
8874.678 2.2429e-17
8876.213 2.2903e-17
8877.748 1.894e-17
8879.282 3.2063e-17
8880.817 4.3224e-17
8882.353 3.2312e-17
8883.888 2.6957e-17
8885.422 3.343e-17
8886.957 3.3906e-17
8888.492 2.0601e-17
8890.026 1.7181e-17
8891.562 2.4526e-17
8893.097 2.5844e-17
8894.632 2.3651e-17
8896.166 2.9144e-17
8897.701 2.8478e-17
8899.236 3.2505e-17
8900.771 3.3704e-17
8902.306 2.658e-17
8903.841 2.6963e-17
8905.376 2.3439e-17
8906.91 2.0663e-17
8908.445 2.399e-17
8909.98 2.4122e-17
8911.515 1.9883e-17
8913.05 2.9042e-17
8914.585 3.4997e-17
8916.12 3.1246e-17
8917.654 2.6479e-17
8919.189 2.7198e-17
8920.725 2.7934e-17
8922.26 1.74e-17
8923.794 1.5954e-17
8925.329 2.092e-17
8926.864 2.2611e-17
8928.398 2.6373e-17
8929.934 2.5907e-17
8931.469 2.3075e-17
8933.004 2.4915e-17
8934.538 2.45e-17
8936.073 2.6741e-17
8937.608 2.7342e-17
8939.143 2.6203e-17
8940.678 2.2871e-17
8942.213 1.9985e-17
8943.748 2.3671e-17
8945.282 2.3432e-17
8946.817 2.4655e-17
8948.353 2.3483e-17
8949.887 2.3388e-17
8951.422 3.6044e-17
8952.957 3.8855e-17
8954.492 2.5088e-17
8956.026 2.1109e-17
8957.562 2.8654e-17
8959.097 3.282e-17
8960.631 2.5743e-17
8962.166 2.051e-17
8963.701 2.3943e-17
8965.236 2.5692e-17
8966.771 2.2528e-17
8968.306 2.2235e-17
8969.841 2.556e-17
8971.375 2.6722e-17
8972.91 2.4744e-17
8974.445 2.5237e-17
8975.98 2.6825e-17
8977.515 2.749e-17
8979.05 2.902e-17
8980.585 2.8536e-17
8982.119 2.6268e-17
8983.654 2.2472e-17
8985.189 2.2525e-17
8986.725 2.4738e-17
8988.259 2.5634e-17
8989.794 3.0354e-17
8991.329 2.8054e-17
8992.863 2.0143e-17
8994.398 2.7659e-17
8995.934 3.4174e-17
8997.469 2.883e-17
8999.003 2.6948e-17
9000.538 3.0002e-17
9002.073 2.6726e-17
9003.607 1.6113e-17
9005.143 2.1466e-17
9006.678 2.7723e-17
9008.213 2.7737e-17
9009.747 2.9707e-17
9011.282 2.4197e-17
9012.817 2.1439e-17
9014.352 2.6278e-17
9015.887 2.6866e-17
9017.422 2.6687e-17
9018.957 2.477e-17
9020.491 2.4598e-17
9022.026 2.3169e-17
9023.562 2.397e-17
9025.096 2.4577e-17
9026.631 2.2326e-17
9028.166 2.5101e-17
9029.701 2.6787e-17
9031.235 2.6519e-17
9032.771 2.4782e-17
9034.306 2.6375e-17
9035.84 2.4264e-17
9037.375 2.5102e-17
9038.91 3.0197e-17
9040.445 2.4358e-17
9041.979 2.2052e-17
9043.515 2.7099e-17
9045.05 2.5443e-17
9046.584 1.9947e-17
9048.119 2.4599e-17
9049.654 2.6551e-17
9051.189 2.5571e-17
9052.724 2.4278e-17
9054.259 2.5737e-17
9055.794 2.7394e-17
9057.328 2.7056e-17
9058.863 2.6647e-17
9060.398 2.3535e-17
9061.934 2.2387e-17
9063.468 2.4497e-17
9065.003 2.4746e-17
9066.538 2.3129e-17
9068.072 2.1541e-17
9069.607 2.4008e-17
9071.143 2.4577e-17
9072.678 2.3394e-17
9074.212 2.523e-17
9075.747 2.4234e-17
9077.282 2.4724e-17
9078.816 2.5535e-17
9080.352 2.2382e-17
9081.887 2.3928e-17
9083.422 2.4342e-17
9084.956 2.0785e-17
9086.491 1.991e-17
9088.026 2.4561e-17
9089.561 2.6308e-17
9091.096 2.3252e-17
9092.631 2.2353e-17
9094.166 2.3334e-17
9095.7 2.0961e-17
9097.235 2.142e-17
9098.771 2.3572e-17
9100.305 2.3338e-17
9101.84 2.1988e-17
9103.375 2.2529e-17
9104.91 2.3815e-17
9106.444 2.3129e-17
9107.979 2.3948e-17
9109.515 2.347e-17
9111.05 2.25e-17
9112.584 2.3163e-17
9114.119 2.1945e-17
9115.654 2.1755e-17
9117.188 2.3072e-17
9118.724 2.3845e-17
9120.259 2.231e-17
9121.794 2.2448e-17
9123.328 2.4794e-17
9124.863 2.4493e-17
9126.398 2.5979e-17
9127.933 2.7635e-17
9129.468 2.5603e-17
9131.003 2.2419e-17
9132.538 2.1815e-17
9134.072 2.3317e-17
9135.607 2.5241e-17
9137.143 2.7643e-17
9138.677 2.4958e-17
9140.212 2.3094e-17
9141.747 2.7038e-17
9143.282 2.6235e-17
9144.816 2.2033e-17
9146.352 2.0763e-17
9147.887 2.539e-17
9149.421 2.9445e-17
9150.956 2.7109e-17
9152.491 2.6913e-17
9154.026 2.7382e-17
9155.561 2.9061e-17
9157.096 3.1534e-17
9158.631 2.6543e-17
9160.165 2.202e-17
9161.7 2.4791e-17
9163.235 2.3673e-17
9164.771 2.3929e-17
9166.305 2.6053e-17
9167.84 2.6009e-17
9169.375 2.3942e-17
9170.909 2.2589e-17
9172.444 2.2444e-17
9173.979 2.0644e-17
9175.515 2.1608e-17
9177.049 2.4932e-17
9178.584 2.5328e-17
9180.119 2.434e-17
9181.653 2.2141e-17
9183.188 2.4993e-17
9184.724 2.5643e-17
9186.259 2.3617e-17
9187.793 2.5678e-17
9189.328 2.4844e-17
9190.863 2.2592e-17
9192.397 2.4578e-17
9193.933 2.4874e-17
9195.468 2.4709e-17
9197.003 2.6508e-17
9198.537 2.4472e-17
9200.072 1.9494e-17
9201.607 2.1947e-17
9203.142 2.3959e-17
9204.677 2.5821e-17
9206.212 2.4903e-17
9207.747 2.4471e-17
9209.281 2.3455e-17
9210.816 2.4425e-17
9212.352 2.5866e-17
9213.886 2.8225e-17
9215.421 2.9418e-17
9216.956 2.7889e-17
9218.491 2.2817e-17
9220.025 2.1583e-17
9221.561 2.5734e-17
9223.096 2.8471e-17
9224.63 2.4968e-17
9226.165 2.5194e-17
9227.7 2.2852e-17
9229.235 2.2839e-17
9230.77 2.5686e-17
9232.305 2.4484e-17
9233.84 2.383e-17
9235.374 2.4797e-17
9236.909 2.4837e-17
9238.444 2.382e-17
9239.979 2.2577e-17
9241.514 2.2625e-17
9243.049 2.366e-17
9244.584 2.4855e-17
9246.118 2.4855e-17
9247.653 2.5052e-17
9249.188 2.3302e-17
9250.724 2.518e-17
9252.258 2.6163e-17
9253.793 2.6943e-17
9255.328 2.7244e-17
9256.862 2.5208e-17
9258.397 2.7071e-17
9259.933 2.874e-17
9261.468 2.7231e-17
9263.002 2.6194e-17
9264.537 2.4505e-17
9266.072 2.4136e-17
9267.606 2.2672e-17
9269.142 2.0987e-17
9270.677 2.3427e-17
9272.212 2.8284e-17
9273.746 2.5935e-17
9275.281 2.3181e-17
9276.816 2.3669e-17
9278.351 2.6881e-17
9279.886 3.1284e-17
9281.421 2.9333e-17
9282.956 2.6302e-17
9284.49 2.6958e-17
9286.025 3.0087e-17
9287.561 2.9811e-17
9289.095 2.3206e-17
9290.63 2.3189e-17
9292.165 2.9119e-17
9293.7 2.9659e-17
9295.234 2.7768e-17
9296.77 2.4546e-17
9298.305 2.1195e-17
9299.839 2.7496e-17
9301.374 3.0633e-17
9302.909 3.8994e-17
9304.444 2.434e-17
9305.979 2.4483e-17
9307.514 5.2493e-17
9309.049 5.4391e-17
9310.584 4.3401e-17
9312.118 2.9684e-17
9313.653 2.221e-17
9315.188 2.4911e-17
9316.723 3.6799e-17
9318.258 3.964e-17
9319.793 2.7888e-17
9321.328 3.2379e-17
9322.862 4.9517e-17
9324.397 5.1856e-17
9325.933 3.7364e-17
9327.467 3.0765e-17
9329.002 3.0679e-17
9330.537 2.8074e-17
9332.072 3.253e-17
9333.606 3.0392e-17
9335.142 2.6508e-17
9336.677 2.7495e-17
9338.211 2.8042e-17
9339.746 2.7358e-17
9341.281 1.939e-17
9342.816 2.175e-17
9344.351 2.6734e-17
9345.886 3.3437e-17
9347.421 3.8095e-17
9348.955 3.3925e-17
9350.49 3.1821e-17
9352.025 2.8941e-17
9353.561 3.006e-17
9355.095 3.1622e-17
9356.63 2.5955e-17
9358.165 2.8351e-17
9359.699 3.1413e-17
9361.234 3.2515e-17
9362.77 3.1662e-17
9364.305 3.2007e-17
9365.839 2.6408e-17
9367.374 9.9804e-19
9368.909 1.3947e-17
9370.443 5.67e-17
9371.979 5.0089e-17
9373.514 3.7704e-17
9375.049 4.8244e-17
9376.583 5.0794e-17
9378.118 1.4038e-17
9379.653 3.495e-18
9381.188 1.4749e-17
9382.723 2.2744e-17
9384.258 2.6615e-17
9385.793 2.6272e-17
9387.327 2.6767e-17
9388.862 2.7979e-17
9390.397 2.7871e-17
9391.932 2.5567e-17
9393.467 2.3156e-17
9395.002 2.9268e-17
9396.537 4.112e-17
9398.071 3.8345e-17
9399.606 3.1452e-17
9401.142 2.5454e-17
9402.676 1.8671e-17
9404.211 2.3078e-17
9405.746 2.3564e-17
9407.281 2.1168e-17
9408.815 2.6988e-17
9410.351 2.6073e-17
9411.886 1.7154e-17
9413.42 3.183e-17
9414.955 3.4894e-17
9416.49 2.3203e-17
9418.025 2.7189e-17
9419.56 3.0462e-17
9421.095 2.5971e-17
9422.63 1.7966e-17
9424.164 2.3201e-17
9425.699 2.7236e-17
9427.234 2.6013e-17
9428.77 2.6061e-17
9430.304 1.8201e-17
9431.839 2.0543e-17
9433.374 6.3146e-17
9434.908 5.1593e-17
9436.443 2.6465e-17
9437.979 3.5219e-17
9439.514 5.0922e-17
9441.048 2.0636e-17
9442.583 2.6771e-18
9444.118 2.4247e-17
9445.652 3.1166e-17
9447.188 2.3143e-17
9448.723 2.871e-17
9450.258 2.4255e-17
9451.792 2.3917e-17
9453.327 3.234e-17
9454.862 3.3726e-17
9456.396 1.4022e-17
9457.932 1.9637e-17
9459.467 3.5939e-17
9461.002 2.8734e-17
9462.536 2.3606e-17
9464.071 2.6066e-17
9465.606 2.452e-17
9467.141 2.4505e-17
9468.676 2.8533e-17
9470.211 3.2247e-17
9471.746 3.2777e-17
9473.28 3.0216e-17
9474.815 2.3524e-17
9476.351 2.8977e-17
9477.885 3.4038e-17
9479.42 1.8813e-17
9480.955 1.2767e-17
9482.49 2.5549e-17
9484.024 3.1476e-17
9485.56 2.7327e-17
9487.095 2.6178e-17
9488.629 2.6124e-17
9490.164 2.5048e-17
9491.699 2.7125e-17
9493.234 2.561e-17
9494.769 1.963e-17
9496.304 2.9119e-17
9497.839 3.6163e-17
9499.373 3.2686e-17
9500.908 2.6148e-17
9502.443 2.1721e-17
9503.979 2.7276e-17
9505.513 2.5046e-17
9507.048 1.8026e-17
9508.583 2.2779e-17
9510.118 2.1942e-17
9511.652 2.0376e-17
9513.188 2.5616e-17
9514.723 2.1084e-17
9516.257 1.7639e-17
9517.792 2.7583e-17
9519.327 2.8411e-17
9520.862 1.7263e-17
9522.396 1.7018e-17
9523.932 2.3326e-17
9525.467 2.1972e-17
9527.001 2.1997e-17
9528.536 2.7787e-17
9530.071 2.3989e-17
9531.606 1.9826e-17
9533.141 2.3557e-17
9534.676 2.4166e-17
9536.211 2.1565e-17
9537.745 2.3936e-17
9539.28 2.4372e-17
9540.815 2.2749e-17
9542.351 2.5111e-17
9543.885 2.0712e-17
9545.42 1.9859e-17
9546.955 3.0073e-17
9548.489 3.4666e-17
9550.024 2.7709e-17
9551.56 1.7552e-17
9553.095 1.8712e-17
9554.629 2.1668e-17
9556.164 1.5089e-17
9557.699 1.6478e-17
9559.233 1.8405e-17
9560.769 2.9164e-17
9562.304 2.6665e-17
9563.839 1.5569e-17
9565.373 2.4407e-17
9566.908 2.4393e-17
9568.443 2.533e-17
9569.978 1.9059e-17
9571.513 1.7605e-17
9573.048 2.3035e-17
9574.583 2.2172e-17
9576.117 2.3654e-17
9577.652 2.4085e-17
9579.188 2.0835e-17
9580.722 1.8615e-17
9582.257 1.7712e-17
9583.792 1.6075e-17
9585.327 1.7042e-17
9586.861 2.175e-17
9588.396 2.2145e-17
9589.932 2.1874e-17
9591.466 2.5094e-17
9593.001 2.2078e-17
9594.536 1.8209e-17
9596.071 1.954e-17
9597.605 2.3694e-17
9599.141 1.8714e-17
9600.676 1.7453e-17
9602.21 2.3808e-17
9603.745 2.7822e-17
9605.28 2.7255e-17
9606.815 2.2516e-17
9608.35 2.3579e-17
9609.885 2.1038e-17
9611.42 1.8434e-17
9612.954 2.0703e-17
9614.489 2.8022e-17
9616.024 2.335e-17
9617.56 1.8928e-17
9619.094 2.607e-17
9620.629 2.6098e-17
9622.164 2.335e-17
9623.698 2.1183e-17
9625.233 1.6518e-17
9626.769 2.2745e-17
9628.304 2.4153e-17
9629.838 2.2771e-17
9631.373 2.3977e-17
9632.908 2.1072e-17
9634.442 2.0134e-17
9635.978 2.5689e-17
9637.513 2.4832e-17
9639.048 2.0384e-17
9640.582 1.9388e-17
9642.117 1.9855e-17
9643.652 1.1921e-17
9645.187 1.84e-17
9646.722 2.5417e-17
9648.257 2.03e-17
9649.792 1.925e-17
9651.326 2.5251e-17
9652.861 2.8285e-17
9654.396 2.7839e-17
9655.931 2.637e-17
9657.466 2.5547e-17
9659.001 1.9818e-17
9660.536 1.4172e-17
9662.07 1.8751e-17
9663.605 1.7069e-17
9665.141 1.2386e-17
9666.675 9.2903e-18
9668.21 4.7595e-18
9669.745 3.7401e-18
9671.28 3.4256e-18
9672.814 2.1093e-18
9674.35 1.5645e-18
9675.885 8.15e-19
9677.419 2.4533e-19
9678.954 2.9804e-19
9680.489 2.6628e-19
9682.024 1.2023e-19
9683.559 4.8592e-20
9685.094 1.9947e-20
9686.629 7.4384e-21
9688.163 2.9038e-21
9689.698 1.2942e-21
9691.233 4.2816e-22
9692.769 1.4237e-22
9694.303 4.6463e-23
9695.838 1.1665e-23
9697.373 3.851e-24
9698.907 7.9477e-25
