       MJD   Upper    Mean   Lower  Cenwave  Zeropoint  Filter 
 57604.633    99.0    99.0    99.0  6155.47     3631.0       r 
 57604.633    99.0    99.0    99.0  7503.03     3631.0       i 
 57606.824    99.0    99.0    99.0  6155.47     3631.0       r 
 57606.824    99.0    99.0    99.0  7503.03     3631.0       i 
 57609.015    99.0    99.0    99.0  6155.47     3631.0       r 
 57609.015    99.0    99.0    99.0  7503.03     3631.0       i 
 57611.205    99.0    99.0    99.0  6155.47     3631.0       r 
 57611.205    99.0    99.0    99.0  7503.03     3631.0       i 
 57613.396    99.0    99.0    99.0  6155.47     3631.0       r 
 57613.396    99.0    99.0    99.0  7503.03     3631.0       i 
 57615.587    99.0    99.0    99.0  6155.47     3631.0       r 
 57615.587    99.0    99.0    99.0  7503.03     3631.0       i 
 57617.778    99.0    99.0    99.0  6155.47     3631.0       r 
 57617.778    99.0    99.0    99.0  7503.03     3631.0       i 
 57619.969    99.0    99.0    99.0  6155.47     3631.0       r 
 57619.969    99.0    99.0    99.0  7503.03     3631.0       i 
 57622.159    99.0    99.0    99.0  6155.47     3631.0       r 
 57622.159    99.0    99.0    99.0  7503.03     3631.0       i 
  57624.35    99.0    99.0  29.379  6155.47     3631.0       r 
  57624.35    99.0    99.0  29.607  7503.03     3631.0       i 
 57626.541    99.0    99.0  26.648  6155.47     3631.0       r 
 57626.541    99.0    99.0  26.708  7503.03     3631.0       i 
 57628.732    99.0    99.0   25.45  6155.47     3631.0       r 
 57628.732    99.0    99.0  25.499  7503.03     3631.0       i 
 57630.922    99.0    99.0  24.585  6155.47     3631.0       r 
 57630.922    99.0    99.0  24.784  7503.03     3631.0       i 
 57633.113    99.0    99.0  24.096  6155.47     3631.0       r 
 57633.113    99.0    99.0  24.283  7503.03     3631.0       i 
 57635.304    99.0    99.0  23.691  6155.47     3631.0       r 
 57635.304    99.0    99.0   23.86  7503.03     3631.0       i 
 57637.495    99.0    99.0  23.241  6155.47     3631.0       r 
 57637.495    99.0    99.0  23.448  7503.03     3631.0       i 
 57639.686    99.0    99.0  22.995  6155.47     3631.0       r 
 57639.686    99.0    99.0   23.16  7503.03     3631.0       i 
 57641.876    99.0    99.0  22.793  6155.47     3631.0       r 
 57641.876    99.0    99.0  22.952  7503.03     3631.0       i 
 57644.067    99.0    99.0  22.576  6155.47     3631.0       r 
 57644.067    99.0    99.0  22.769  7503.03     3631.0       i 
 57646.258    99.0    99.0  22.372  6155.47     3631.0       r 
 57646.258    99.0    99.0  22.572  7503.03     3631.0       i 
 57648.449    99.0    99.0   22.19  6155.47     3631.0       r 
 57648.449    99.0    99.0    22.4  7503.03     3631.0       i 
 57650.639    99.0  28.039  22.067  6155.47     3631.0       r 
 57650.639    99.0  28.337  22.256  7503.03     3631.0       i 
  57652.83    99.0  25.149  21.957  6155.47     3631.0       r 
  57652.83    99.0  25.309  22.131  7503.03     3631.0       i 
 57655.021    99.0  24.463  21.855  6155.47     3631.0       r 
 57655.021    99.0  24.715  22.012  7503.03     3631.0       i 
 57657.212    99.0  24.038   21.73  6155.47     3631.0       r 
 57657.212    99.0  24.174   21.91  7503.03     3631.0       i 
 57659.402    99.0  23.693  21.644  6155.47     3631.0       r 
 57659.402    99.0  23.789   21.82  7503.03     3631.0       i 
 57661.593    99.0  23.377  21.564  6155.47     3631.0       r 
 57661.593    99.0  23.547  21.736  7503.03     3631.0       i 
 57663.784    99.0  23.096  21.488  6155.47     3631.0       r 
 57663.784    99.0  23.259  21.657  7503.03     3631.0       i 
 57665.975    99.0  22.775  21.417  6155.47     3631.0       r 
 57665.975    99.0  22.979  21.581  7503.03     3631.0       i 
 57668.166    99.0  22.568  21.349  6155.47     3631.0       r 
 57668.166    99.0  22.768  21.509  7503.03     3631.0       i 
 57670.356    99.0  22.405  21.283  6155.47     3631.0       r 
 57670.356    99.0  22.587  21.441  7503.03     3631.0       i 
 57672.547    99.0  22.265  21.214  6155.47     3631.0       r 
 57672.547    99.0  22.425  21.377  7503.03     3631.0       i 
 57674.738    99.0  22.068  21.144  6155.47     3631.0       r 
 57674.738    99.0  22.227  21.314  7503.03     3631.0       i 
 57676.929    99.0  21.944  21.066  6155.47     3631.0       r 
 57676.929    99.0  22.114  21.247  7503.03     3631.0       i 
 57679.119    99.0  21.848  21.014  6155.47     3631.0       r 
 57679.119    99.0  21.989  21.139  7503.03     3631.0       i 
  57681.31    99.0  21.726  20.964  6155.47     3631.0       r 
  57681.31    99.0  21.872   21.07  7503.03     3631.0       i 
 57683.501    99.0  21.624  20.919  6155.47     3631.0       r 
 57683.501    99.0  21.777  21.022  7503.03     3631.0       i 
 57685.692    99.0  21.537  20.871  6155.47     3631.0       r 
 57685.692    99.0  21.685  20.976  7503.03     3631.0       i 
 57687.883    99.0  21.472  20.823  6155.47     3631.0       r 
 57687.883    99.0  21.588  20.929  7503.03     3631.0       i 
 57690.073  58.764  21.381  20.776  6155.47     3631.0       r 
 57690.073  59.023  21.503  20.881  7503.03     3631.0       i 
 57692.264  51.263  21.303  20.725  6155.47     3631.0       r 
 57692.264  51.476  21.409  20.836  7503.03     3631.0       i 
 57694.455  24.901  21.244  20.675  6155.47     3631.0       r 
 57694.455  25.118  21.336  20.792  7503.03     3631.0       i 
 57696.646  24.066   21.18  20.614  6155.47     3631.0       r 
 57696.646  24.276  21.275   20.74  7503.03     3631.0       i 
 57698.836  23.474  21.122  20.565  6155.47     3631.0       r 
 57698.836   23.72  21.209  20.687  7503.03     3631.0       i 
 57701.027  22.928  21.066  20.523  6155.47     3631.0       r 
 57701.027  23.168   21.15  20.635  7503.03     3631.0       i 
 57703.218  22.564  21.013  20.485  6155.47     3631.0       r 
 57703.218  22.832  21.085  20.595  7503.03     3631.0       i 
 57705.409  22.325   20.96  20.445  6155.47     3631.0       r 
 57705.409  22.563  21.026  20.559  7503.03     3631.0       i 
   57707.6  22.175   20.91  20.407  6155.47     3631.0       r 
   57707.6  22.339  20.975  20.526  7503.03     3631.0       i 
  57709.79  22.013  20.859  20.369  6155.47     3631.0       r 
  57709.79  22.139  20.929  20.496  7503.03     3631.0       i 
 57711.981  21.828  20.796  20.333  6155.47     3631.0       r 
 57711.981  21.954  20.884  20.466  7503.03     3631.0       i 
 57714.172  21.691  20.742  20.303  6155.47     3631.0       r 
 57714.172  21.822  20.843  20.431  7503.03     3631.0       i 
 57716.363  21.587  20.692  20.275  6155.47     3631.0       r 
 57716.363  21.713  20.798  20.398  7503.03     3631.0       i 
 57718.553   21.49  20.649  20.238  6155.47     3631.0       r 
 57718.553  21.625  20.746  20.366  7503.03     3631.0       i 
 57720.744  21.395  20.611  20.208  6155.47     3631.0       r 
 57720.744  21.541  20.691  20.336  7503.03     3631.0       i 
 57722.935  21.305  20.571  20.181  6155.47     3631.0       r 
 57722.935  21.462  20.653  20.309  7503.03     3631.0       i 
 57725.126  21.233  20.532  20.155  6155.47     3631.0       r 
 57725.126  21.387  20.617  20.283  7503.03     3631.0       i 
 57727.316  21.166  20.495   20.13  6155.47     3631.0       r 
 57727.316  21.307  20.579  20.254  7503.03     3631.0       i 
 57729.507  21.082  20.462    20.1  6155.47     3631.0       r 
 57729.507  21.229  20.542  20.226  7503.03     3631.0       i 
 57731.698  21.012  20.427  20.069  6155.47     3631.0       r 
 57731.698  21.155  20.507  20.205  7503.03     3631.0       i 
 57733.889  20.953  20.391  20.044  6155.47     3631.0       r 
 57733.889  21.077  20.475  20.178  7503.03     3631.0       i 
  57736.08  20.914  20.361  20.021  6155.47     3631.0       r 
  57736.08  21.001   20.44  20.156  7503.03     3631.0       i 
  57738.27  20.865   20.33  20.001  6155.47     3631.0       r 
  57738.27  20.936  20.407  20.129  7503.03     3631.0       i 
 57740.461  20.805  20.302  19.982  6155.47     3631.0       r 
 57740.461  20.886  20.377  20.105  7503.03     3631.0       i 
 57742.652  20.758  20.275  19.966  6155.47     3631.0       r 
 57742.652  20.838  20.345  20.085  7503.03     3631.0       i 
 57744.843  20.712  20.249  19.952  6155.47     3631.0       r 
 57744.843   20.79   20.32  20.062  7503.03     3631.0       i 
 57747.033   20.65  20.223  19.937  6155.47     3631.0       r 
 57747.033  20.717  20.298  20.041  7503.03     3631.0       i 
 57749.224   20.58  20.198  19.921  6155.47     3631.0       r 
 57749.224  20.652  20.268  20.019  7503.03     3631.0       i 
 57751.415  20.515  20.175  19.905  6155.47     3631.0       r 
 57751.415  20.598  20.237  19.997  7503.03     3631.0       i 
 57753.606  20.456  20.151  19.888  6155.47     3631.0       r 
 57753.606  20.545  20.209  19.978  7503.03     3631.0       i 
 57755.797  20.411  20.128  19.871  6155.47     3631.0       r 
 57755.797  20.493  20.183  19.952  7503.03     3631.0       i 
 57757.987  20.376  20.106  19.854  6155.47     3631.0       r 
 57757.987  20.458  20.159  19.928  7503.03     3631.0       i 
 57760.178  20.344  20.082  19.839  6155.47     3631.0       r 
 57760.178  20.413  20.135  19.907  7503.03     3631.0       i 
 57762.369  20.312  20.061  19.826  6155.47     3631.0       r 
 57762.369  20.367  20.112   19.89  7503.03     3631.0       i 
  57764.56  20.281   20.04  19.813  6155.47     3631.0       r 
  57764.56  20.321  20.092  19.873  7503.03     3631.0       i 
  57766.75  20.251  20.022  19.802  6155.47     3631.0       r 
  57766.75  20.277  20.074   19.86  7503.03     3631.0       i 
 57768.941  20.221  20.004  19.789  6155.47     3631.0       r 
 57768.941  20.234  20.055  19.848  7503.03     3631.0       i 
 57771.132  20.183  19.987  19.778  6155.47     3631.0       r 
 57771.132  20.201  20.037  19.836  7503.03     3631.0       i 
 57773.323  20.142  19.971  19.765  6155.47     3631.0       r 
 57773.323  20.172  20.018  19.826  7503.03     3631.0       i 
 57775.514  20.122  19.948  19.751  6155.47     3631.0       r 
 57775.514  20.145  19.997  19.816  7503.03     3631.0       i 
 57777.704  20.102  19.925  19.747  6155.47     3631.0       r 
 57777.704   20.12  19.974  19.804  7503.03     3631.0       i 
 57779.895  20.082  19.913  19.744  6155.47     3631.0       r 
 57779.895  20.095  19.955  19.793  7503.03     3631.0       i 
 57782.086  20.053  19.896  19.737  6155.47     3631.0       r 
 57782.086  20.067  19.934  19.786  7503.03     3631.0       i 
 57784.277   20.03  19.881  19.731  6155.47     3631.0       r 
 57784.277  20.044  19.915  19.779  7503.03     3631.0       i 
 57786.467  20.009  19.868  19.718  6155.47     3631.0       r 
 57786.467  20.026  19.902  19.768  7503.03     3631.0       i 
 57788.658  19.986  19.851   19.71  6155.47     3631.0       r 
 57788.658  19.996  19.884  19.762  7503.03     3631.0       i 
 57790.849  19.963  19.837  19.712  6155.47     3631.0       r 
 57790.849  19.979  19.866  19.761  7503.03     3631.0       i 
  57793.04  19.944  19.825  19.706  6155.47     3631.0       r 
  57793.04  19.958  19.849  19.751  7503.03     3631.0       i 
  57795.23  19.923  19.812    19.7  6155.47     3631.0       r 
  57795.23  19.937  19.834  19.745  7503.03     3631.0       i 
 57797.421  19.905  19.801  19.695  6155.47     3631.0       r 
 57797.421  19.912  19.819  19.737  7503.03     3631.0       i 
 57799.612  19.889  19.803  19.728  7503.03     3631.0       i 
 57799.612  19.892  19.789  19.693  6155.47     3631.0       r 
 57801.803  19.872   19.79  19.718  7503.03     3631.0       i 
 57801.803  19.875  19.779  19.694  6155.47     3631.0       r 
 57802.306   19.87  19.786  19.715  7503.03     3631.0       i 
 57802.306  19.871  19.774  19.696  6155.47     3631.0       r 
 57803.994  19.859  19.775  19.707  7503.03     3631.0       i 
 57803.994  19.863  19.766   19.69  6155.47     3631.0       r 
 57804.582  19.855  19.772  19.705  7503.03     3631.0       i 
 57804.582  19.861  19.763  19.685  6155.47     3631.0       r 
 57806.184   19.84  19.766  19.704  7503.03     3631.0       i 
 57806.184  19.861  19.756  19.677  6155.47     3631.0       r 
 57808.375   19.82  19.754  19.691  7503.03     3631.0       i 
 57808.375  19.847  19.747  19.666  6155.47     3631.0       r 
 57810.566  19.816  19.747  19.678  7503.03     3631.0       i 
 57810.566   19.84  19.744  19.656  6155.47     3631.0       r 
 57812.757  19.805  19.743  19.665  7503.03     3631.0       i 
 57812.757  19.831  19.734  19.649  6155.47     3631.0       r 
  57814.58    19.8  19.737  19.658  7503.03     3631.0       i 
  57814.58  19.823  19.731   19.64  6155.47     3631.0       r 
 57814.947  19.797  19.736  19.656  7503.03     3631.0       i 
 57814.947  19.823   19.73  19.637  6155.47     3631.0       r 
 57817.138   19.79   19.72  19.642  7503.03     3631.0       i 
 57817.138  19.828  19.719  19.622  6155.47     3631.0       r 
 57819.329  19.792  19.712  19.626  7503.03     3631.0       i 
 57819.329  19.831  19.707  19.608  6155.47     3631.0       r 
  57821.52   19.79  19.701  19.612  7503.03     3631.0       i 
  57821.52  19.834  19.702  19.595  6155.47     3631.0       r 
 57823.711   19.79  19.691  19.599  7503.03     3631.0       i 
 57823.711  19.833  19.696  19.581  6155.47     3631.0       r 
 57825.901  19.787  19.682  19.584  7503.03     3631.0       i 
 57825.901  19.835  19.688  19.576  6155.47     3631.0       r 
 57828.092   19.79  19.673   19.57  7503.03     3631.0       i 
 57828.092   19.83   19.68  19.571  6155.47     3631.0       r 
 57830.283  19.795  19.666  19.559  7503.03     3631.0       i 
 57830.283  19.835  19.673  19.563  6155.47     3631.0       r 
 57832.474  19.789  19.654  19.545  7503.03     3631.0       i 
 57832.474  19.844  19.668  19.551  6155.47     3631.0       r 
 57834.664  19.794  19.647  19.533  7503.03     3631.0       i 
 57834.664  19.848  19.663  19.544  6155.47     3631.0       r 
 57836.855  19.798   19.64  19.523  7503.03     3631.0       i 
 57836.855  19.847  19.657  19.538  6155.47     3631.0       r 
 57839.046  19.803  19.637  19.514  7503.03     3631.0       i 
 57839.046  19.851  19.652  19.527  6155.47     3631.0       r 
 57841.237  19.808  19.629  19.499  7503.03     3631.0       i 
 57841.237  19.857  19.647  19.518  6155.47     3631.0       r 
 57843.428  19.813  19.621  19.484  7503.03     3631.0       i 
 57843.428  19.865  19.647  19.506  6155.47     3631.0       r 
 57845.618  19.819  19.614   19.47  7503.03     3631.0       i 
 57845.618  19.875  19.646  19.498  6155.47     3631.0       r 
 57847.809  19.828   19.61  19.461  7503.03     3631.0       i 
 57847.809  19.884  19.641  19.493  6155.47     3631.0       r 
   57850.0  19.835  19.605  19.452  7503.03     3631.0       i 
   57850.0  19.893  19.636  19.488  6155.47     3631.0       r 
 57852.191  19.842  19.602  19.441  7503.03     3631.0       i 
 57852.191  19.902  19.634  19.481  6155.47     3631.0       r 
 57854.381   19.85  19.597  19.427  7503.03     3631.0       i 
 57854.381  19.912  19.634  19.476  6155.47     3631.0       r 
 57856.572  19.858  19.595  19.418  7503.03     3631.0       i 
 57856.572  19.923  19.632  19.469  6155.47     3631.0       r 
 57858.763  19.865  19.591  19.409  7503.03     3631.0       i 
 57858.763  19.933  19.632   19.46  6155.47     3631.0       r 
 57860.954  19.873  19.586    19.4  7503.03     3631.0       i 
 57860.954  19.945   19.63  19.453  6155.47     3631.0       r 
 57863.144  19.881  19.581  19.392  7503.03     3631.0       i 
 57863.144  19.956  19.627  19.446  6155.47     3631.0       r 
 57865.335  19.889  19.577  19.384  7503.03     3631.0       i 
 57865.335  19.971  19.626  19.438  6155.47     3631.0       r 
 57867.526  19.897  19.574  19.376  7503.03     3631.0       i 
 57867.526  19.986  19.625   19.43  6155.47     3631.0       r 
 57869.717  19.905  19.571  19.367  7503.03     3631.0       i 
 57869.717  20.002  19.626  19.427  6155.47     3631.0       r 
 57871.908  19.916  19.569   19.36  7503.03     3631.0       i 
 57871.908  20.018  19.625   19.42  6155.47     3631.0       r 
 57874.098  19.928  19.568  19.352  7503.03     3631.0       i 
 57874.098  20.032  19.625  19.413  6155.47     3631.0       r 
 57876.289  19.939  19.565  19.346  7503.03     3631.0       i 
 57876.289  20.045  19.629  19.407  6155.47     3631.0       r 
  57878.48  19.951  19.565   19.34  7503.03     3631.0       i 
  57878.48  20.058  19.634  19.401  6155.47     3631.0       r 
 57880.671  19.963  19.569  19.335  7503.03     3631.0       i 
 57880.671  20.072  19.636  19.396  6155.47     3631.0       r 
 57882.861  19.976  19.569  19.329  7503.03     3631.0       i 
 57882.861  20.085  19.636  19.393  6155.47     3631.0       r 
 57885.052  19.988  19.571  19.323  7503.03     3631.0       i 
 57885.052  20.099  19.644  19.389  6155.47     3631.0       r 
 57887.243  19.999  19.573  19.318  7503.03     3631.0       i 
 57887.243  20.112   19.65  19.386  6155.47     3631.0       r 
 57889.434   20.01  19.574  19.313  7503.03     3631.0       i 
 57889.434  20.121  19.652  19.382  6155.47     3631.0       r 
 57891.625  20.021  19.573  19.308  7503.03     3631.0       i 
 57891.625  20.131  19.654  19.378  6155.47     3631.0       r 
 57893.815  20.032  19.572  19.303  7503.03     3631.0       i 
 57893.815  20.142  19.656  19.376  6155.47     3631.0       r 
 57896.006  20.042  19.572  19.299  7503.03     3631.0       i 
 57896.006  20.153  19.658  19.375  6155.47     3631.0       r 
 57898.197  20.053  19.574  19.295  7503.03     3631.0       i 
 57898.197  20.164  19.659  19.374  6155.47     3631.0       r 
 57900.388  20.063  19.577  19.291  7503.03     3631.0       i 
 57900.388  20.175  19.661  19.371  6155.47     3631.0       r 
 57902.578  20.074   19.58  19.287  7503.03     3631.0       i 
 57902.578  20.187  19.662   19.37  6155.47     3631.0       r 
 57904.769  20.085  19.583  19.284  7503.03     3631.0       i 
 57904.769  20.202  19.665  19.368  6155.47     3631.0       r 
  57906.96  20.097  19.586  19.281  7503.03     3631.0       i 
  57906.96  20.218  19.668  19.367  6155.47     3631.0       r 
 57909.151  20.109  19.589  19.277  7503.03     3631.0       i 
 57909.151  20.235  19.672  19.366  6155.47     3631.0       r 
 57911.342  20.123  19.591  19.272  7503.03     3631.0       i 
 57911.342  20.251  19.677  19.362  6155.47     3631.0       r 
 57913.532  20.138  19.595  19.267  7503.03     3631.0       i 
 57913.532  20.269  19.682   19.36  6155.47     3631.0       r 
 57915.723  20.151  19.597  19.261  7503.03     3631.0       i 
 57915.723  20.289   19.69  19.359  6155.47     3631.0       r 
 57917.914  20.163  19.597  19.255  7503.03     3631.0       i 
 57917.914  20.309  19.698  19.359  6155.47     3631.0       r 
 57920.105  20.175    19.6  19.251  7503.03     3631.0       i 
 57920.105  20.329  19.707  19.355  6155.47     3631.0       r 
 57922.295  20.187  19.604  19.248  7503.03     3631.0       i 
 57922.295   20.35  19.717  19.351  6155.47     3631.0       r 
 57924.486    20.2  19.607  19.246  7503.03     3631.0       i 
 57924.486   20.37  19.724  19.347  6155.47     3631.0       r 
 57926.677  20.212   19.61  19.243  7503.03     3631.0       i 
 57926.677  20.391  19.731  19.343  6155.47     3631.0       r 
 57928.868  20.224  19.614  19.241  7503.03     3631.0       i 
 57928.868  20.412  19.738   19.34  6155.47     3631.0       r 
 57931.058  20.236  19.618  19.239  7503.03     3631.0       i 
 57931.058  20.432  19.745  19.338  6155.47     3631.0       r 
 57933.249  20.248  19.623  19.238  7503.03     3631.0       i 
 57933.249  20.452  19.753  19.335  6155.47     3631.0       r 
  57935.44  20.261  19.627  19.236  7503.03     3631.0       i 
  57935.44  20.465  19.761  19.333  6155.47     3631.0       r 
 57937.631  20.273  19.633  19.235  7503.03     3631.0       i 
 57937.631  20.485  19.773  19.331  6155.47     3631.0       r 
 57939.822  20.293  19.636  19.233  7503.03     3631.0       i 
 57939.822  20.504  19.786  19.331  6155.47     3631.0       r 
 57942.012  20.313  19.639  19.231  7503.03     3631.0       i 
 57942.012   20.52  19.796   19.33  6155.47     3631.0       r 
 57944.203  20.333  19.646   19.23  7503.03     3631.0       i 
 57944.203  20.535  19.807  19.331  6155.47     3631.0       r 
 57946.394   20.35  19.654  19.228  7503.03     3631.0       i 
 57946.394   20.55  19.818  19.332  6155.47     3631.0       r 
 57948.585  20.364  19.662  19.227  7503.03     3631.0       i 
 57948.585  20.565  19.829  19.333  6155.47     3631.0       r 
 57950.775  20.378  19.668  19.226  7503.03     3631.0       i 
 57950.775   20.58   19.84  19.334  6155.47     3631.0       r 
 57952.966  20.391  19.675  19.225  7503.03     3631.0       i 
 57952.966  20.595  19.851  19.337  6155.47     3631.0       r 
 57955.157  20.404   19.68  19.224  7503.03     3631.0       i 
 57955.157   20.61  19.862  19.339  6155.47     3631.0       r 
 57957.348  20.418  19.686  19.224  7503.03     3631.0       i 
 57957.348  20.625  19.874  19.342  6155.47     3631.0       r 
 57959.539  20.431  19.692  19.226  7503.03     3631.0       i 
 57959.539  20.641  19.885  19.345  6155.47     3631.0       r 
 57961.729  20.445  19.697  19.229  7503.03     3631.0       i 
 57961.729  20.658  19.895  19.349  6155.47     3631.0       r 
  57963.92  20.463  19.703  19.232  7503.03     3631.0       i 
  57963.92  20.676  19.905  19.353  6155.47     3631.0       r 
 57966.111   20.48   19.71  19.235  7503.03     3631.0       i 
 57966.111  20.695  19.915  19.357  6155.47     3631.0       r 
 57968.302  20.499  19.717  19.239  7503.03     3631.0       i 
 57968.302  20.714  19.927  19.361  6155.47     3631.0       r 
 57970.492  20.519  19.725  19.242  7503.03     3631.0       i 
 57970.492  20.729  19.939  19.365  6155.47     3631.0       r 
 57972.683  20.538  19.734  19.246  7503.03     3631.0       i 
 57972.683  20.751  19.954  19.366  6155.47     3631.0       r 
 57974.874  20.558  19.743   19.25  7503.03     3631.0       i 
 57974.874   20.78  19.969  19.367  6155.47     3631.0       r 
 57977.065  20.575  19.755  19.252  7503.03     3631.0       i 
 57977.065  20.809  19.983  19.369  6155.47     3631.0       r 
 57979.255  20.591  19.768  19.254  7503.03     3631.0       i 
 57979.255  20.836  19.996  19.372  6155.47     3631.0       r 
 57981.446  20.604   19.78  19.255  7503.03     3631.0       i 
 57981.446  20.858  20.008  19.375  6155.47     3631.0       r 
 57983.637  20.623  19.794  19.258  7503.03     3631.0       i 
 57983.637  20.879  20.018  19.378  6155.47     3631.0       r 
 57985.828  20.643  19.807   19.26  7503.03     3631.0       i 
 57985.828    20.9   20.03  19.382  6155.47     3631.0       r 
 57988.019  20.662  19.818  19.262  7503.03     3631.0       i 
 57988.019  20.921  20.043  19.385  6155.47     3631.0       r 
 57990.209  20.682  19.829  19.265  7503.03     3631.0       i 
 57990.209  20.942  20.056  19.387  6155.47     3631.0       r 
   57992.4  20.701   19.84  19.267  7503.03     3631.0       i 
   57992.4  20.963  20.069  19.389  6155.47     3631.0       r 
 57994.591   20.72  19.851   19.27  7503.03     3631.0       i 
 57994.591  20.984  20.083  19.392  6155.47     3631.0       r 
 57996.782  20.739  19.865  19.273  7503.03     3631.0       i 
 57996.782  21.005  20.097  19.394  6155.47     3631.0       r 
 57998.972  20.765  19.876  19.276  7503.03     3631.0       i 
 57998.972  21.026  20.108  19.398  6155.47     3631.0       r 
 58001.163  20.793  19.887   19.28  7503.03     3631.0       i 
 58001.163  21.047   20.12  19.401  6155.47     3631.0       r 
 58003.354   20.82  19.898  19.285  7503.03     3631.0       i 
 58003.354  21.069   20.13  19.407  6155.47     3631.0       r 
 58005.545  20.842  19.909   19.29  7503.03     3631.0       i 
 58005.545  21.089  20.142  19.413  6155.47     3631.0       r 
 58007.736   20.86   19.92  19.295  7503.03     3631.0       i 
 58007.736  21.107  20.154  19.421  6155.47     3631.0       r 
 58009.926  20.878   19.93  19.299  7503.03     3631.0       i 
 58009.926  21.126  20.168  19.426  6155.47     3631.0       r 
 58012.117  20.894   19.94  19.302  7503.03     3631.0       i 
 58012.117  21.145  20.182   19.43  6155.47     3631.0       r 
 58014.308   20.91   19.95  19.305  7503.03     3631.0       i 
 58014.308  21.169  20.198  19.435  6155.47     3631.0       r 
 58016.499  20.926   19.96  19.309  7503.03     3631.0       i 
 58016.499  21.192  20.213  19.439  6155.47     3631.0       r 
 58018.689  20.942   19.97  19.313  7503.03     3631.0       i 
 58018.689  21.216  20.228  19.444  6155.47     3631.0       r 
  58020.88  20.957  19.979  19.317  7503.03     3631.0       i 
  58020.88  21.239  20.244  19.448  6155.47     3631.0       r 
 58023.071  20.975  19.989  19.321  7503.03     3631.0       i 
 58023.071  21.263  20.259  19.453  6155.47     3631.0       r 
 58025.262  20.996    20.0  19.325  7503.03     3631.0       i 
 58025.262  21.285  20.273  19.458  6155.47     3631.0       r 
 58027.453   21.02  20.011  19.326  7503.03     3631.0       i 
 58027.453  21.306  20.287  19.463  6155.47     3631.0       r 
 58029.643  21.047  20.022  19.328  7503.03     3631.0       i 
 58029.643  21.324  20.302   19.47  6155.47     3631.0       r 
 58031.834  21.073  20.033  19.333  7503.03     3631.0       i 
 58031.834  21.349  20.318   19.48  6155.47     3631.0       r 
 58034.025    21.1  20.044  19.342  7503.03     3631.0       i 
 58034.025  21.372   20.33  19.489  6155.47     3631.0       r 
 58036.216  21.126  20.055  19.349  7503.03     3631.0       i 
 58036.216  21.402  20.341    19.5  6155.47     3631.0       r 
 58038.406  21.144  20.066  19.354  7503.03     3631.0       i 
 58038.406  21.431  20.351   19.51  6155.47     3631.0       r 
 58040.597   21.16  20.078  19.359  7503.03     3631.0       i 
 58040.597  21.452  20.361  19.521  6155.47     3631.0       r 
 58042.788  21.176  20.091  19.364  7503.03     3631.0       i 
 58042.788  21.473  20.371  19.532  6155.47     3631.0       r 
 58044.979  21.193  20.104  19.367  7503.03     3631.0       i 
 58044.979  21.493  20.384  19.544  6155.47     3631.0       r 
 58047.169  21.209  20.114   19.37  7503.03     3631.0       i 
 58047.169   21.51    20.4  19.553  6155.47     3631.0       r 
  58049.36  21.225  20.125  19.372  7503.03     3631.0       i 
  58049.36  21.527  20.416   19.56  6155.47     3631.0       r 
 58051.551  21.243  20.137  19.375  7503.03     3631.0       i 
 58051.551  21.544  20.432  19.568  6155.47     3631.0       r 
 58053.742  21.264   20.15  19.378  7503.03     3631.0       i 
 58053.742   21.56  20.448  19.575  6155.47     3631.0       r 
 58055.933  21.284  20.162   19.38  7503.03     3631.0       i 
 58055.933  21.577  20.463  19.583  6155.47     3631.0       r 
 58058.123  21.304  20.175  19.384  7503.03     3631.0       i 
 58058.123  21.599  20.474   19.59  6155.47     3631.0       r 
 58060.314  21.323  20.187  19.388  7503.03     3631.0       i 
 58060.314  21.624  20.484  19.598  6155.47     3631.0       r 
 58062.505  21.342    20.2  19.394  7503.03     3631.0       i 
 58062.505  21.645  20.493  19.606  6155.47     3631.0       r 
 58064.696  21.359  20.213  19.399  7503.03     3631.0       i 
 58064.696  21.662  20.506  19.613  6155.47     3631.0       r 
 58066.886  21.377  20.226  19.404  7503.03     3631.0       i 
 58066.886  21.678  20.521  19.621  6155.47     3631.0       r 
 58069.077  21.397  20.239  19.412  7503.03     3631.0       i 
 58069.077  21.694  20.535   19.63  6155.47     3631.0       r 
 58071.268   21.42  20.252  19.422  7503.03     3631.0       i 
 58071.268   21.71  20.548  19.639  6155.47     3631.0       r 
 58073.459  21.443  20.266  19.431  7503.03     3631.0       i 
 58073.459  21.726  20.562  19.648  6155.47     3631.0       r 
  58075.65  21.467  20.282  19.441  7503.03     3631.0       i 
  58075.65  21.742  20.575  19.657  6155.47     3631.0       r 
  58077.84  21.489  20.294  19.449  7503.03     3631.0       i 
  58077.84  21.758  20.588  19.666  6155.47     3631.0       r 
 58080.031   21.51  20.307  19.455  7503.03     3631.0       i 
 58080.031  21.774  20.602  19.675  6155.47     3631.0       r 
 58082.222  21.528   20.32  19.461  7503.03     3631.0       i 
 58082.222   21.79  20.615  19.684  6155.47     3631.0       r 
 58084.413  21.547  20.331  19.467  7503.03     3631.0       i 
 58084.413  21.805  20.629  19.693  6155.47     3631.0       r 
 58086.603  21.566  20.342  19.473  7503.03     3631.0       i 
 58086.603  21.821  20.642  19.702  6155.47     3631.0       r 
 58088.794  21.585   20.35  19.479  7503.03     3631.0       i 
 58088.794  21.838  20.656   19.71  6155.47     3631.0       r 
 58090.985  21.603  20.358  19.485  7503.03     3631.0       i 
 58090.985  21.855   20.67  19.719  6155.47     3631.0       r 
 58093.176   21.62   20.37  19.491  7503.03     3631.0       i 
 58093.176  21.871  20.684  19.728  6155.47     3631.0       r 
 58095.367  21.637  20.385  19.498  7503.03     3631.0       i 
 58095.367  21.888  20.697  19.737  6155.47     3631.0       r 
 58097.557  21.654  20.399  19.504  7503.03     3631.0       i 
 58097.557  21.907  20.709  19.746  6155.47     3631.0       r 
 58099.748  21.671  20.413   19.51  7503.03     3631.0       i 
 58099.748  21.925  20.721  19.754  6155.47     3631.0       r 
 58101.939  21.688  20.428  19.517  7503.03     3631.0       i 
 58101.939  21.943  20.733  19.761  6155.47     3631.0       r 
  58104.13  21.705  20.444  19.523  7503.03     3631.0       i 
  58104.13  21.962  20.745  19.769  6155.47     3631.0       r 
  58106.32  21.721   20.46   19.53  7503.03     3631.0       i 
  58106.32   21.98  20.756  19.776  6155.47     3631.0       r 
 58108.511  21.738  20.476  19.536  7503.03     3631.0       i 
 58108.511  21.998  20.768  19.783  6155.47     3631.0       r 
 58110.702  21.754  20.493  19.543  7503.03     3631.0       i 
 58110.702  22.015   20.78  19.791  6155.47     3631.0       r 
 58112.893  21.771  20.508   19.55  7503.03     3631.0       i 
 58112.893  22.033  20.792  19.798  6155.47     3631.0       r 
 58115.083  21.787  20.524  19.557  7503.03     3631.0       i 
 58115.083  22.051  20.803  19.805  6155.47     3631.0       r 
 58117.274  21.807  20.537  19.564  7503.03     3631.0       i 
 58117.274  22.069  20.815  19.814  6155.47     3631.0       r 
 58119.465  21.828  20.551  19.571  7503.03     3631.0       i 
 58119.465  22.095  20.827  19.823  6155.47     3631.0       r 
 58121.656  21.849  20.564  19.579  7503.03     3631.0       i 
 58121.656   22.12  20.838  19.832  6155.47     3631.0       r 
 58123.847  21.869  20.578  19.587  7503.03     3631.0       i 
 58123.847  22.146   20.85  19.841  6155.47     3631.0       r 
 58126.037   21.89  20.592  19.596  7503.03     3631.0       i 
 58126.037  22.164  20.861   19.85  6155.47     3631.0       r 
 58128.228   21.91  20.606  19.605  7503.03     3631.0       i 
 58128.228   22.18  20.874  19.858  6155.47     3631.0       r 
 58130.419  21.931  20.619  19.614  7503.03     3631.0       i 
 58130.419  22.196  20.887  19.867  6155.47     3631.0       r 
  58132.61  21.952  20.635  19.623  7503.03     3631.0       i 
  58132.61  22.219  20.901  19.876  6155.47     3631.0       r 
   58134.8  21.971  20.651  19.633  7503.03     3631.0       i 
   58134.8  22.246  20.914  19.885  6155.47     3631.0       r 
 58136.991  21.989  20.667  19.642  7503.03     3631.0       i 
 58136.991  22.272  20.928  19.894  6155.47     3631.0       r 
 58139.182  22.008  20.683  19.652  7503.03     3631.0       i 
 58139.182  22.298  20.941  19.903  6155.47     3631.0       r 
 58141.373  22.027  20.699  19.662  7503.03     3631.0       i 
 58141.373  22.323  20.955  19.912  6155.47     3631.0       r 
 58143.564  22.046  20.715  19.672  7503.03     3631.0       i 
 58143.564  22.345  20.968  19.921  6155.47     3631.0       r 
 58145.754  22.063  20.731  19.681  7503.03     3631.0       i 
 58145.754  22.367  20.986   19.93  6155.47     3631.0       r 
 58147.945  22.077  20.747  19.691  7503.03     3631.0       i 
 58147.945  22.383   21.01  19.939  6155.47     3631.0       r 
 58150.136  22.092  20.763  19.701  7503.03     3631.0       i 
 58150.136  22.398   21.03  19.948  6155.47     3631.0       r 
 58152.327  22.106  20.779  19.711  7503.03     3631.0       i 
 58152.327  22.413  21.047  19.955  6155.47     3631.0       r 
 58154.517   22.12  20.795  19.721  7503.03     3631.0       i 
 58154.517  22.428  21.069  19.961  6155.47     3631.0       r 
 58156.708  22.135  20.812  19.731  7503.03     3631.0       i 
 58156.708  22.444  21.091  19.967  6155.47     3631.0       r 
 58158.899  22.149  20.828  19.741  7503.03     3631.0       i 
 58158.899  22.459  21.113  19.973  6155.47     3631.0       r 
  58161.09  22.163  20.844  19.751  7503.03     3631.0       i 
  58161.09   22.48  21.135  19.979  6155.47     3631.0       r 
 58163.281  22.177   20.86  19.761  7503.03     3631.0       i 
 58163.281    22.5  21.153  19.985  6155.47     3631.0       r 
 58165.471  22.191  20.876  19.772  7503.03     3631.0       i 
 58165.471  22.518   21.17  19.991  6155.47     3631.0       r 
 58167.662  22.203  20.893  19.782  7503.03     3631.0       i 
 58167.662  22.543  21.186  19.998  6155.47     3631.0       r 
 58169.853  22.219  20.909  19.792  7503.03     3631.0       i 
 58169.853  22.569  21.203  20.003  6155.47     3631.0       r 
 58172.044  22.236  20.925  19.803  7503.03     3631.0       i 
 58172.044  22.588  21.223  20.008  6155.47     3631.0       r 
 58174.234  22.253  20.942  19.813  7503.03     3631.0       i 
 58174.234  22.603  21.245  20.012  6155.47     3631.0       r 
 58176.425   22.27  20.958  19.823  7503.03     3631.0       i 
 58176.425  22.616  21.266  20.016  6155.47     3631.0       r 
 58178.616  22.287  20.974  19.834  7503.03     3631.0       i 
 58178.616  22.629  21.283  20.022  6155.47     3631.0       r 
 58180.807  22.304  20.991  19.844  7503.03     3631.0       i 
 58180.807  22.642  21.293   20.03  6155.47     3631.0       r 
 58182.997  22.326  21.007  19.855  7503.03     3631.0       i 
 58182.997  22.657  21.304  20.038  6155.47     3631.0       r 
 58185.188  22.348  21.023  19.866  7503.03     3631.0       i 
 58185.188  22.677  21.327  20.046  6155.47     3631.0       r 
 58187.379  22.362   21.04  19.876  7503.03     3631.0       i 
 58187.379  22.702  21.351  20.055  6155.47     3631.0       r 
  58189.57  22.376  21.056  19.881  7503.03     3631.0       i 
  58189.57  22.733  21.373  20.066  6155.47     3631.0       r 
 58191.761  22.389  21.073  19.887  7503.03     3631.0       i 
 58191.761  22.761  21.389  20.076  6155.47     3631.0       r 
 58193.951  22.404  21.089  19.892  7503.03     3631.0       i 
 58193.951  22.797  21.405  20.086  6155.47     3631.0       r 
 58196.142  22.421  21.104  19.898  7503.03     3631.0       i 
 58196.142  22.831  21.421  20.095  6155.47     3631.0       r 
 58198.333  22.441  21.116  19.906  7503.03     3631.0       i 
 58198.333  22.855  21.437  20.104  6155.47     3631.0       r 
 58200.524  22.462  21.129  19.914  7503.03     3631.0       i 
 58200.524  22.872  21.453  20.113  6155.47     3631.0       r 
 58202.714  22.481  21.141  19.921  7503.03     3631.0       i 
 58202.714   22.89  21.469  20.123  6155.47     3631.0       r 
 58204.905  22.496   21.15  19.929  7503.03     3631.0       i 
 58204.905  22.907  21.485  20.138  6155.47     3631.0       r 
 58207.096  22.511   21.16  19.937  7503.03     3631.0       i 
 58207.096  22.925  21.502  20.149  6155.47     3631.0       r 
 58209.287  22.526  21.174  19.944  7503.03     3631.0       i 
 58209.287  22.942  21.518   20.16  6155.47     3631.0       r 
 58211.478  22.541  21.187  19.952  7503.03     3631.0       i 
 58211.478   22.96  21.534  20.171  6155.47     3631.0       r 
 58213.668  22.557  21.205   19.96  7503.03     3631.0       i 
 58213.668  22.978  21.548  20.181  6155.47     3631.0       r 
 58215.859  22.573  21.223  19.967  7503.03     3631.0       i 
 58215.859  22.995  21.562  20.192  6155.47     3631.0       r 
  58218.05  22.588  21.242  19.975  7503.03     3631.0       i 
  58218.05  23.013  21.576  20.203  6155.47     3631.0       r 
 58220.241  22.604  21.259  19.983  7503.03     3631.0       i 
 58220.241   23.03   21.59  20.213  6155.47     3631.0       r 
 58222.431  22.616  21.277   19.99  7503.03     3631.0       i 
 58222.431  23.048  21.603  20.224  6155.47     3631.0       r 
 58224.622   22.63  21.294  19.998  7503.03     3631.0       i 
 58224.622  23.065  21.617  20.235  6155.47     3631.0       r 
 58226.813  22.644  21.311  20.004  7503.03     3631.0       i 
 58226.813  23.083  21.631  20.246  6155.47     3631.0       r 
 58229.004  22.658  21.328  20.007  7503.03     3631.0       i 
 58229.004    23.1  21.646  20.257  6155.47     3631.0       r 
 58231.195  22.672  21.345  20.011  7503.03     3631.0       i 
 58231.195  23.119  21.662  20.268  6155.47     3631.0       r 
 58233.385  22.687  21.362  20.014  7503.03     3631.0       i 
 58233.385   23.15  21.678  20.279  6155.47     3631.0       r 
 58235.576  22.706  21.376  20.018  7503.03     3631.0       i 
 58235.576  23.176  21.693   20.29  6155.47     3631.0       r 
 58237.767  22.725  21.391  20.021  7503.03     3631.0       i 
 58237.767  23.208  21.709  20.302  6155.47     3631.0       r 
 58239.958  22.747  21.405  20.025  7503.03     3631.0       i 
 58239.958  23.243  21.725  20.313  6155.47     3631.0       r 
 58242.148  22.772   21.42  20.028  7503.03     3631.0       i 
 58242.148  23.271  21.741  20.324  6155.47     3631.0       r 
 58244.339  22.794  21.434  20.032  7503.03     3631.0       i 
 58244.339  23.296  21.757  20.335  6155.47     3631.0       r 
  58246.53  22.817  21.455  20.035  7503.03     3631.0       i 
  58246.53  23.314  21.773  20.346  6155.47     3631.0       r 
 58248.721  22.836  21.478  20.038  7503.03     3631.0       i 
 58248.721   23.33  21.788  20.358  6155.47     3631.0       r 
 58250.911  22.853  21.498  20.042  7503.03     3631.0       i 
 58250.911  23.338  21.799  20.369  6155.47     3631.0       r 
 58253.102  22.871  21.511  20.045  7503.03     3631.0       i 
 58253.102  23.347  21.811   20.38  6155.47     3631.0       r 
 58255.293  22.888  21.524  20.048  7503.03     3631.0       i 
 58255.293  23.356  21.822  20.391  6155.47     3631.0       r 
 58257.484  22.906  21.537  20.053  7503.03     3631.0       i 
 58257.484  23.369  21.834  20.403  6155.47     3631.0       r 
 58259.675  22.923   21.55  20.057  7503.03     3631.0       i 
 58259.675  23.385  21.849  20.414  6155.47     3631.0       r 
 58261.865   22.94  21.563  20.062  7503.03     3631.0       i 
 58261.865  23.397  21.867  20.425  6155.47     3631.0       r 
 58264.056  22.958  21.573  20.069  7503.03     3631.0       i 
 58264.056   23.41  21.884  20.436  6155.47     3631.0       r 
 58266.247  22.975  21.583  20.077  7503.03     3631.0       i 
 58266.247  23.429  21.908  20.448  6155.47     3631.0       r 
 58268.438  22.992  21.593  20.086  7503.03     3631.0       i 
 58268.438  23.448  21.932  20.459  6155.47     3631.0       r 
 58270.628   23.01  21.603  20.094  7503.03     3631.0       i 
 58270.628  23.463  21.949   20.47  6155.47     3631.0       r 
 58272.819  23.027  21.613  20.102  7503.03     3631.0       i 
 58272.819  23.478  21.965  20.481  6155.47     3631.0       r 
  58275.01  23.043  21.623   20.11  7503.03     3631.0       i 
  58275.01  23.493  21.981  20.493  6155.47     3631.0       r 
 58277.201  23.059  21.635  20.119  7503.03     3631.0       i 
 58277.201  23.506  21.995  20.504  6155.47     3631.0       r 
 58279.392  23.074  21.649  20.128  7503.03     3631.0       i 
 58279.392  23.518   22.01  20.515  6155.47     3631.0       r 
 58281.582  23.089  21.662  20.141  7503.03     3631.0       i 
 58281.582   23.53  22.026  20.527  6155.47     3631.0       r 
 58283.773  23.108  21.676  20.154  7503.03     3631.0       i 
 58283.773  23.542  22.042  20.538  6155.47     3631.0       r 
 58285.964  23.135  21.691  20.167  7503.03     3631.0       i 
 58285.964  23.559  22.058  20.549  6155.47     3631.0       r 
 58288.155  23.162  21.708  20.179  7503.03     3631.0       i 
 58288.155  23.576  22.074   20.56  6155.47     3631.0       r 
 58290.345  23.183  21.725  20.193  7503.03     3631.0       i 
 58290.345  23.594  22.091  20.572  6155.47     3631.0       r 
 58292.536    23.2  21.742  20.206  7503.03     3631.0       i 
 58292.536  23.612  22.106  20.583  6155.47     3631.0       r 
 58294.727  23.214  21.755  20.219  7503.03     3631.0       i 
 58294.727  23.626  22.123  20.594  6155.47     3631.0       r 
 58296.918  23.228  21.766  20.232  7503.03     3631.0       i 
 58296.918   23.64  22.139  20.605  6155.47     3631.0       r 
 58299.109  23.242  21.777  20.245  7503.03     3631.0       i 
 58299.109  23.654  22.155  20.616  6155.47     3631.0       r 
 58301.299  23.256  21.788  20.259  7503.03     3631.0       i 
 58301.299  23.668   22.17  20.628  6155.47     3631.0       r 
  58303.49  23.269    21.8  20.272  7503.03     3631.0       i 
  58303.49   23.68  22.186  20.639  6155.47     3631.0       r 
 58305.681  23.283  21.811  20.286  7503.03     3631.0       i 
 58305.681  23.691  22.201   20.65  6155.47     3631.0       r 
 58307.872  23.297  21.825    20.3  7503.03     3631.0       i 
 58307.872  23.702   22.22  20.661  6155.47     3631.0       r 
 58310.062   23.31  21.842  20.313  7503.03     3631.0       i 
 58310.062  23.713  22.231  20.667  6155.47     3631.0       r 
 58312.253  23.324  21.859  20.327  7503.03     3631.0       i 
 58312.253  23.725  22.242  20.672  6155.47     3631.0       r 
 58314.444   23.34  21.876  20.341  7503.03     3631.0       i 
 58314.444  23.736  22.254  20.678  6155.47     3631.0       r 
 58316.635  23.357  21.894  20.355  7503.03     3631.0       i 
 58316.635  23.752  22.267  20.683  6155.47     3631.0       r 
 58318.825  23.373  21.911  20.369  7503.03     3631.0       i 
 58318.825   23.77  22.279  20.689  6155.47     3631.0       r 
 58321.016  23.389  21.928  20.384  7503.03     3631.0       i 
 58321.016  23.787  22.292  20.694  6155.47     3631.0       r 
 58323.207  23.406  21.946  20.391  7503.03     3631.0       i 
 58323.207  23.805  22.305  20.696  6155.47     3631.0       r 
 58325.398  23.422  21.963  20.399  7503.03     3631.0       i 
 58325.398  23.822  22.317  20.697  6155.47     3631.0       r 
 58327.589  23.439   21.98  20.406  7503.03     3631.0       i 
 58327.589   23.84   22.33  20.699  6155.47     3631.0       r 
 58329.779  23.455  21.997  20.413  7503.03     3631.0       i 
 58329.779  23.857  22.343    20.7  6155.47     3631.0       r 
  58331.97  23.471  22.015   20.42  7503.03     3631.0       i 
  58331.97  23.875   22.36  20.702  6155.47     3631.0       r 
 58334.161  23.488  22.031  20.424  7503.03     3631.0       i 
 58334.161  23.892  22.377  20.704  6155.47     3631.0       r 
 58336.352  23.504  22.048  20.428  7503.03     3631.0       i 
 58336.352   23.91  22.393  20.705  6155.47     3631.0       r 
 58338.542   23.52  22.066  20.432  7503.03     3631.0       i 
 58338.542  23.927   22.41  20.707  6155.47     3631.0       r 
 58340.733  23.537  22.084  20.437  7503.03     3631.0       i 
 58340.733  23.945  22.427  20.708  6155.47     3631.0       r 
 58342.924  23.553  22.101  20.442  7503.03     3631.0       i 
 58342.924  23.962  22.442   20.71  6155.47     3631.0       r 
 58345.115  23.569  22.118  20.446  7503.03     3631.0       i 
 58345.115   23.98  22.456  20.711  6155.47     3631.0       r 
 58347.306  23.586  22.135   20.45  7503.03     3631.0       i 
 58347.306  23.997  22.468  20.714  6155.47     3631.0       r 
 58349.496  23.602  22.152  20.454  7503.03     3631.0       i 
 58349.496  24.015   22.48   20.72  6155.47     3631.0       r 
 58351.687  23.617   22.17  20.458  7503.03     3631.0       i 
 58351.687  24.031  22.492  20.727  6155.47     3631.0       r 
 58353.878  23.632  22.187  20.462  7503.03     3631.0       i 
 58353.878  24.047  22.505  20.733  6155.47     3631.0       r 
 58356.069  23.647  22.198  20.466  7503.03     3631.0       i 
 58356.069  24.063  22.517   20.74  6155.47     3631.0       r 
 58358.259  23.662  22.208   20.47  7503.03     3631.0       i 
 58358.259  24.079  22.529  20.747  6155.47     3631.0       r 
  58360.45  23.677  22.221  20.474  7503.03     3631.0       i 
  58360.45  24.095  22.543  20.753  6155.47     3631.0       r 
 58362.641  23.692  22.236  20.478  7503.03     3631.0       i 
 58362.641  24.111  22.557   20.76  6155.47     3631.0       r 
 58364.832  23.707  22.252  20.482  7503.03     3631.0       i 
 58364.832  24.127  22.572  20.767  6155.47     3631.0       r 
 58367.023  23.722  22.267  20.486  7503.03     3631.0       i 
 58367.023  24.143  22.587  20.773  6155.47     3631.0       r 
 58369.213  23.737  22.282   20.49  7503.03     3631.0       i 
 58369.213  24.159  22.602   20.78  6155.47     3631.0       r 
 58371.404  23.752  22.298  20.494  7503.03     3631.0       i 
 58371.404  24.175  22.617  20.787  6155.47     3631.0       r 
 58373.595  23.767  22.313  20.498  7503.03     3631.0       i 
 58373.595   24.19  22.632  20.794  6155.47     3631.0       r 
 58375.786  23.782  22.328  20.502  7503.03     3631.0       i 
 58375.786  24.206  22.648    20.8  6155.47     3631.0       r 
 58377.976  23.797  22.343  20.507  7503.03     3631.0       i 
 58377.976  24.222  22.663  20.807  6155.47     3631.0       r 
 58380.167  23.811  22.359  20.511  7503.03     3631.0       i 
 58380.167  24.238  22.676  20.814  6155.47     3631.0       r 
 58382.358  23.826  22.374  20.515  7503.03     3631.0       i 
 58382.358  24.253  22.688  20.821  6155.47     3631.0       r 
 58384.549  23.841  22.389  20.519  7503.03     3631.0       i 
 58384.549  24.267    22.7  20.827  6155.47     3631.0       r 
 58386.739  23.855  22.404  20.523  7503.03     3631.0       i 
 58386.739  24.281  22.713  20.834  6155.47     3631.0       r 
  58388.93  23.867   22.42  20.527  7503.03     3631.0       i 
  58388.93  24.296  22.727  20.842  6155.47     3631.0       r 
 58391.121  23.878  22.436  20.531  7503.03     3631.0       i 
 58391.121   24.31  22.741   20.85  6155.47     3631.0       r 
 58393.312   23.89  22.451  20.535  7503.03     3631.0       i 
 58393.312  24.324  22.755  20.859  6155.47     3631.0       r 
 58395.503  23.901  22.465  20.539  7503.03     3631.0       i 
 58395.503  24.339  22.769  20.868  6155.47     3631.0       r 
 58397.693  23.913  22.479  20.543  7503.03     3631.0       i 
 58397.693  24.353  22.783  20.872  6155.47     3631.0       r 
 58399.884  23.924  22.492  20.547  7503.03     3631.0       i 
 58399.884  24.367  22.797  20.877  6155.47     3631.0       r 
 58402.075  23.935  22.506  20.551  7503.03     3631.0       i 
 58402.075  24.382  22.811  20.883  6155.47     3631.0       r 
 58404.266  23.947  22.519  20.555  7503.03     3631.0       i 
 58404.266  24.396  22.825  20.889  6155.47     3631.0       r 
 58406.456  23.958  22.531   20.56  7503.03     3631.0       i 
 58406.456   24.41  22.838  20.896  6155.47     3631.0       r 
 58408.647  23.969  22.544  20.564  7503.03     3631.0       i 
 58408.647  24.424  22.852  20.903  6155.47     3631.0       r 
 58410.838   23.98  22.556  20.568  7503.03     3631.0       i 
 58410.838  24.439  22.866  20.909  6155.47     3631.0       r 
 58413.029  23.991  22.568  20.572  7503.03     3631.0       i 
 58413.029  24.453  22.879  20.916  6155.47     3631.0       r 
  58415.22  24.002  22.581  20.576  7503.03     3631.0       i 
  58415.22  24.467   22.89  20.923  6155.47     3631.0       r 
  58417.41  24.013  22.594   20.58  7503.03     3631.0       i 
  58417.41  24.481  22.901  20.929  6155.47     3631.0       r 
 58419.601  24.024  22.609  20.584  7503.03     3631.0       i 
 58419.601  24.495  22.912  20.936  6155.47     3631.0       r 
 58421.792  24.035  22.623  20.588  7503.03     3631.0       i 
 58421.792  24.509  22.924  20.943  6155.47     3631.0       r 
 58423.983   24.05  22.636  20.593  7503.03     3631.0       i 
 58423.983  24.524  22.935  20.949  6155.47     3631.0       r 
 58426.173  24.066  22.648  20.599  7503.03     3631.0       i 
 58426.173  24.538  22.946  20.959  6155.47     3631.0       r 
 58428.364  24.081  22.659  20.606  7503.03     3631.0       i 
 58428.364  24.552  22.957  20.969  6155.47     3631.0       r 
 58430.555  24.095  22.671  20.612  7503.03     3631.0       i 
 58430.555  24.566  22.971  20.979  6155.47     3631.0       r 
 58432.746  24.109  22.682  20.619  7503.03     3631.0       i 
 58432.746   24.58  22.984   20.99  6155.47     3631.0       r 
 58434.937  24.122  22.696  20.626  7503.03     3631.0       i 
 58434.937  24.594  22.998    21.0  6155.47     3631.0       r 
 58437.127  24.136   22.71  20.633  7503.03     3631.0       i 
 58437.127  24.608  23.012  21.011  6155.47     3631.0       r 
 58439.318   24.15  22.724  20.639  7503.03     3631.0       i 
 58439.318  24.622  23.026  21.021  6155.47     3631.0       r 
 58441.509  24.164  22.737  20.646  7503.03     3631.0       i 
 58441.509  24.644  23.039  21.032  6155.47     3631.0       r 
   58443.7  24.177  22.747  20.653  7503.03     3631.0       i 
   58443.7  24.679  23.053  21.043  6155.47     3631.0       r 
  58445.89  24.191  22.761   20.66  7503.03     3631.0       i 
  58445.89  24.712  23.066  21.053  6155.47     3631.0       r 
 58448.081  24.203  22.774  20.667  7503.03     3631.0       i 
 58448.081  24.746   23.08   21.06  6155.47     3631.0       r 
 58450.272  24.213  22.788  20.673  7503.03     3631.0       i 
 58450.272  24.779  23.093  21.063  6155.47     3631.0       r 
 58452.463  24.224  22.801   20.68  7503.03     3631.0       i 
 58452.463    24.8  23.107  21.066  6155.47     3631.0       r 
 58454.653  24.235  22.817  20.687  7503.03     3631.0       i 
 58454.653  24.813   23.12  21.069  6155.47     3631.0       r 
 58456.844  24.245  22.832  20.694  7503.03     3631.0       i 
 58456.844  24.825  23.134  21.072  6155.47     3631.0       r 
 58459.035  24.256  22.847  20.701  7503.03     3631.0       i 
 58459.035  24.838  23.147  21.075  6155.47     3631.0       r 
 58461.226  24.266  22.861  20.712  7503.03     3631.0       i 
 58461.226  24.849   23.16   21.08  6155.47     3631.0       r 
 58463.417  24.276  22.873  20.723  7503.03     3631.0       i 
 58463.417  24.859  23.174  21.084  6155.47     3631.0       r 
 58465.607  24.287  22.885  20.733  7503.03     3631.0       i 
 58465.607  24.868  23.187  21.089  6155.47     3631.0       r 
 58467.798  24.297  22.897  20.742  7503.03     3631.0       i 
 58467.798  24.878    23.2  21.094  6155.47     3631.0       r 
 58469.989  24.307  22.907  20.751  7503.03     3631.0       i 
 58469.989  24.887  23.213  21.099  6155.47     3631.0       r 
  58472.18  24.318  22.917  20.761  7503.03     3631.0       i 
  58472.18  24.896  23.225  21.104  6155.47     3631.0       r 
  58474.37   24.33  22.926   20.77  7503.03     3631.0       i 
  58474.37  24.906  23.238  21.108  6155.47     3631.0       r 
 58476.561  24.344  22.936  20.779  7503.03     3631.0       i 
 58476.561  24.915  23.251  21.113  6155.47     3631.0       r 
 58478.752  24.358  22.946  20.789  7503.03     3631.0       i 
 58478.752  24.924  23.264  21.118  6155.47     3631.0       r 
 58480.943  24.372  22.957  20.798  7503.03     3631.0       i 
 58480.943  24.933  23.276  21.122  6155.47     3631.0       r 
 58483.134  24.386  22.968  20.808  7503.03     3631.0       i 
 58483.134  24.942  23.289  21.127  6155.47     3631.0       r 
 58485.324    24.4  22.978  20.812  7503.03     3631.0       i 
 58485.324  24.951  23.302  21.132  6155.47     3631.0       r 
 58487.515  24.411  22.989  20.816  7503.03     3631.0       i 
 58487.515  24.961  23.315  21.136  6155.47     3631.0       r 
 58489.706  24.423    23.0   20.82  7503.03     3631.0       i 
 58489.706   24.97  23.327  21.141  6155.47     3631.0       r 
 58491.897  24.435  23.006  20.824  7503.03     3631.0       i 
 58491.897  24.979   23.34  21.145  6155.47     3631.0       r 
 58494.087  24.447  23.014  20.828  7503.03     3631.0       i 
 58494.087  24.988  23.347   21.15  6155.47     3631.0       r 
 58496.278  24.458  23.021  20.832  7503.03     3631.0       i 
 58496.278  24.997  23.354  21.155  6155.47     3631.0       r 
 58498.469   24.47  23.029  20.836  7503.03     3631.0       i 
 58498.469  25.006  23.361  21.159  6155.47     3631.0       r 
  58500.66  24.484  23.039   20.84  7503.03     3631.0       i 
  58500.66  25.014  23.369  21.164  6155.47     3631.0       r 
 58502.851    24.5  23.053  20.844  7503.03     3631.0       i 
 58502.851  25.025  23.376  21.168  6155.47     3631.0       r 
 58505.041  24.517  23.066  20.847  7503.03     3631.0       i 
 58505.041  25.039  23.383  21.173  6155.47     3631.0       r 
 58507.232  24.533   23.08  20.851  7503.03     3631.0       i 
 58507.232  25.053   23.39  21.177  6155.47     3631.0       r 
 58509.423  24.549  23.093  20.855  7503.03     3631.0       i 
 58509.423  25.066  23.397  21.182  6155.47     3631.0       r 
 58511.614  24.566  23.107  20.859  7503.03     3631.0       i 
 58511.614   25.08  23.407  21.186  6155.47     3631.0       r 
 58513.804  24.582   23.12  20.863  7503.03     3631.0       i 
 58513.804  25.093  23.416  21.191  6155.47     3631.0       r 
 58515.995  24.598  23.134  20.867  7503.03     3631.0       i 
 58515.995  25.106  23.426  21.195  6155.47     3631.0       r 
 58518.186  24.615  23.147   20.87  7503.03     3631.0       i 
 58518.186   25.12  23.436  21.199  6155.47     3631.0       r 
 58520.377  24.631   23.16  20.874  7503.03     3631.0       i 
 58520.377  25.133  23.445  21.204  6155.47     3631.0       r 
 58522.567  24.647  23.173  20.878  7503.03     3631.0       i 
 58522.567  25.147  23.455  21.208  6155.47     3631.0       r 
 58524.758  24.664  23.187  20.882  7503.03     3631.0       i 
 58524.758   25.16  23.465  21.213  6155.47     3631.0       r 
 58526.949  24.678    23.2  20.885  7503.03     3631.0       i 
 58526.949  25.171  23.474  21.217  6155.47     3631.0       r 
  58529.14  24.692  23.212  20.889  7503.03     3631.0       i 
  58529.14  25.183  23.484  21.221  6155.47     3631.0       r 
 58531.331  24.706  23.224  20.893  7503.03     3631.0       i 
 58531.331  25.194  23.493  21.226  6155.47     3631.0       r 
 58533.521  24.719  23.236  20.897  7503.03     3631.0       i 
 58533.521  25.205  23.503   21.23  6155.47     3631.0       r 
 58535.712  24.733  23.248    20.9  7503.03     3631.0       i 
 58535.712  25.216  23.512  21.236  6155.47     3631.0       r 
 58537.903  24.747   23.26  20.905  7503.03     3631.0       i 
 58537.903  25.227  23.521  21.241  6155.47     3631.0       r 
 58540.094   24.76  23.271  20.911  7503.03     3631.0       i 
 58540.094  25.239  23.531  21.247  6155.47     3631.0       r 
 58542.284  24.771  23.283  20.916  7503.03     3631.0       i 
 58542.284   25.25   23.54  21.252  6155.47     3631.0       r 
 58544.475  24.783  23.294  20.922  7503.03     3631.0       i 
 58544.475  25.261  23.549  21.258  6155.47     3631.0       r 
 58546.666  24.795  23.303  20.927  7503.03     3631.0       i 
 58546.666  25.272  23.561  21.264  6155.47     3631.0       r 
 58548.857  24.806  23.311  20.933  7503.03     3631.0       i 
 58548.857  25.283  23.573  21.269  6155.47     3631.0       r 
 58551.048  24.818  23.319  20.938  7503.03     3631.0       i 
 58551.048  25.294  23.586  21.275  6155.47     3631.0       r 
 58553.238   24.83  23.327  20.944  7503.03     3631.0       i 
 58553.238  25.305  23.598  21.281  6155.47     3631.0       r 
 58555.429  24.841  23.335  20.949  7503.03     3631.0       i 
 58555.429  25.315   23.61  21.286  6155.47     3631.0       r 
  58557.62  24.855  23.343  20.954  7503.03     3631.0       i 
  58557.62  25.325  23.622  21.292  6155.47     3631.0       r 
 58559.811  24.873  23.353   20.96  7503.03     3631.0       i 
 58559.811  25.337  23.634  21.297  6155.47     3631.0       r 
 58562.001   24.89   23.36  20.965  7503.03     3631.0       i 
 58562.001  25.349  23.646  21.303  6155.47     3631.0       r 
 58564.192  24.908  23.366  20.971  7503.03     3631.0       i 
 58564.192  25.361  23.658  21.309  6155.47     3631.0       r 
 58566.383  24.925  23.373  20.976  7503.03     3631.0       i 
 58566.383  25.373  23.671  21.314  6155.47     3631.0       r 
 58568.574  24.942  23.379  20.981  7503.03     3631.0       i 
 58568.574  25.386  23.683   21.32  6155.47     3631.0       r 
 58570.765   24.96  23.386  20.987  7503.03     3631.0       i 
 58570.765  25.398  23.696  21.325  6155.47     3631.0       r 
 58572.955  24.977  23.392  20.992  7503.03     3631.0       i 
 58572.955   25.41  23.708  21.331  6155.47     3631.0       r 
 58575.146  24.994  23.399  20.998  7503.03     3631.0       i 
 58575.146  25.422   23.72  21.337  6155.47     3631.0       r 
 58577.337  25.012  23.405  21.003  7503.03     3631.0       i 
 58577.337  25.434  23.732  21.342  6155.47     3631.0       r 
 58579.528  25.029  23.412  21.011  7503.03     3631.0       i 
 58579.528  25.446  23.745  21.348  6155.47     3631.0       r 
 58581.718  25.046  23.418  21.019  7503.03     3631.0       i 
 58581.718  25.458  23.757  21.353  6155.47     3631.0       r 
 58583.909  25.063  23.424  21.026  7503.03     3631.0       i 
 58583.909  25.469  23.771  21.359  6155.47     3631.0       r 
   58586.1  25.081   23.43  21.034  7503.03     3631.0       i 
   58586.1  25.479  23.785  21.364  6155.47     3631.0       r 
 58588.291  25.098  23.437  21.041  7503.03     3631.0       i 
 58588.291  25.488  23.798   21.37  6155.47     3631.0       r 
 58590.481  25.115  23.443  21.049  7503.03     3631.0       i 
 58590.481  25.498  23.812  21.376  6155.47     3631.0       r 
 58592.672  25.132  23.451  21.057  7503.03     3631.0       i 
 58592.672  25.507  23.826  21.381  6155.47     3631.0       r 
 58594.863   25.15  23.461  21.064  7503.03     3631.0       i 
 58594.863  25.516  23.839  21.387  6155.47     3631.0       r 
 58597.054  25.167  23.471  21.072  7503.03     3631.0       i 
 58597.054  25.525  23.853  21.392  6155.47     3631.0       r 
 58599.245  25.184  23.481  21.079  7503.03     3631.0       i 
 58599.245  25.535  23.866  21.398  6155.47     3631.0       r 
 58601.435  25.201  23.491  21.087  7503.03     3631.0       i 
 58601.435  25.544   23.88  21.403  6155.47     3631.0       r 
 58603.626  25.218  23.501  21.094  7503.03     3631.0       i 
 58603.626  25.553  23.893  21.409  6155.47     3631.0       r 
 58605.817  25.235   23.51  21.102  7503.03     3631.0       i 
 58605.817  25.564  23.903  21.414  6155.47     3631.0       r 
 58608.008  25.253   23.52  21.109  7503.03     3631.0       i 
 58608.008  25.579  23.913  21.422  6155.47     3631.0       r 
 58610.198   25.27   23.53  21.116  7503.03     3631.0       i 
 58610.198  25.594  23.922  21.429  6155.47     3631.0       r 
 58612.389  25.287   23.54  21.124  7503.03     3631.0       i 
 58612.389  25.609  23.931  21.437  6155.47     3631.0       r 
  58614.58  25.304  23.549  21.131  7503.03     3631.0       i 
  58614.58  25.624  23.935  21.444  6155.47     3631.0       r 
