                MJD               R_low               R_med              R_high               T_low               T_med              T_high                   L_low                   L_med                  L_high 
            56423.3                 0.0                 0.0                 0.0                 nan                 nan                 nan  2.0803435936977115e+31   6.369387519980958e+31   4.908253250601769e+32 
  56426.12892230577                 0.0                 0.0                 0.0                 nan                 nan                 nan  2.0803435936977115e+31   6.369387519980958e+31   4.908253250601769e+32 
 56428.957844611534                 0.0                 0.0                 0.0                 nan                 nan                 nan  2.0803435936977115e+31   6.369387519980958e+31   4.908253250601769e+32 
   56431.7867669173                 0.0                 0.0                 0.0                 nan                 nan                 nan  2.0803435936977115e+31   6.369387519980958e+31   4.908253250601769e+32 
  56434.61568922306                 0.0                 0.0                 0.0                 nan                 nan                 nan  2.0803435936977115e+31   6.369387519980958e+31   4.908253250601769e+32 
  56437.44461152882                 0.0                 0.0                 0.0                 nan                 nan                 nan  2.0803435936977115e+31   6.369387519980958e+31   4.908253250601769e+32 
  56440.27353383459                 0.0                 0.0                 0.0                 nan                 nan                 nan  2.0803435936977115e+31   6.369387519980958e+31   4.908253250601769e+32 
 56443.102456140354                 0.0                 0.0                 0.0                 nan                 nan                 nan  2.0803435936977115e+31   6.369387519980958e+31   4.908253250601769e+32 
  56445.93137844612                 0.0                 0.0                 0.0                 nan                 nan                 nan  2.0803435936977115e+31   6.369387519980958e+31   4.908253250601769e+32 
 56448.760300751885                 0.0                 0.0                 0.0                 nan                 nan                 nan  2.0803435936977115e+31   6.369387519980958e+31   4.908253250601769e+32 
  56451.58922305765                 0.0                 0.0                 0.0                 nan                 nan                 nan  2.0803435936977115e+31   6.369387519980958e+31   4.908253250601769e+32 
  56454.41814536341                 0.0                 0.0                 0.0                 nan                 nan                 nan  2.0803435936977115e+31   6.369387519980958e+31   4.908253250601769e+32 
 56457.247067669174                 0.0                 0.0                 0.0                 nan                 nan                 nan  2.0803435936977115e+31   6.369387519980958e+31   4.908253250601769e+32 
  56460.07598997494                 0.0                 0.0                 0.0                 nan                 nan                 nan  2.0803435936977115e+31   6.369387519980958e+31   4.908253250601769e+32 
 56462.904912280705                 0.0                 0.0                 0.0                 nan                 nan                 nan  2.0803435936977115e+31   6.369387519980958e+31   4.908253250601769e+32 
  56465.73383458647                 0.0                 0.0                 0.0                 nan                 nan                 nan  2.0803435936977115e+31   6.369387519980958e+31   4.908253250601769e+32 
 56468.562756892235                 0.0                 0.0                 0.0                 nan                 nan                 nan  2.0803435936977115e+31   6.369387519980958e+31   4.908253250601769e+32 
    56471.391679198                 0.0                 0.0                 0.0                 nan                 nan                 nan  2.0803435936977115e+31   6.369387519980958e+31   4.908253250601769e+32 
  56474.22060150376                 0.0                 0.0                 0.0                 nan                 nan                 nan  2.0803435936977115e+31   6.369387519980958e+31   4.908253250601769e+32 
 56477.049523809525                 0.0                 0.0                 0.0                 nan                 nan                 nan  2.0803435936977115e+31   6.369387519980958e+31   4.908253250601769e+32 
  56479.87844611529                 0.0                 0.0                 0.0                 nan                 nan                 nan  2.0803435936977115e+31   6.369387519980958e+31   4.908253250601769e+32 
 56482.707368421055                 0.0                 0.0                 0.0                 nan                 nan                 nan  2.0803435936977115e+31   6.369387519980958e+31   4.908253250601769e+32 
  56485.53629072682                 0.0                 0.0                 0.0                 nan                 nan                 nan  2.0803435936977115e+31   6.369387519980958e+31   4.908253250601769e+32 
 56488.365213032586                 0.0                 0.0                 0.0                 nan                 nan                 nan  2.0803435936977115e+31   6.369387519980958e+31   4.908253250601769e+32 
  56491.19413533835                 0.0                 0.0                 0.0                 nan                 nan                 nan  2.0803435936977115e+31   6.369387519980958e+31   4.908253250601769e+32 
  56494.02305764411                 0.0                 0.0                 0.0                 nan                 nan                 nan  2.0803435936977115e+31   6.369387519980958e+31   4.908253250601769e+32 
 56496.851979949875                 0.0                 0.0                 0.0                 nan                 nan                 nan  2.0803435936977115e+31   6.369387519980958e+31   4.908253250601769e+32 
  56499.68090225564                 0.0                 0.0                 0.0                 nan                 nan                 nan  2.0803435936977115e+31   6.369387519980958e+31   4.908253250601769e+32 
 56502.509824561406                 0.0                 0.0                 0.0                 nan                 nan                 nan  2.0803435936977115e+31   6.369387519980958e+31   4.908253250601769e+32 
  56505.33874686717                 0.0                 0.0                 0.0                 nan                 nan                 nan  2.0803435936977115e+31   6.369387519980958e+31   4.908253250601769e+32 
  56508.16766917294                 0.0                 0.0                 0.0                 nan                 nan                 nan  2.0803435936977115e+31   6.369387519980958e+31   4.908253250601769e+32 
   56510.9965914787                 0.0                 0.0                 0.0                 nan                 nan                 nan  2.0803435936977115e+31   6.369387519980958e+31   4.908253250601769e+32 
  56513.82551378446                 0.0                 0.0                 0.0                 nan                 nan                 nan  2.0803435936977115e+31   6.369387519980958e+31   4.908253250601769e+32 
 56516.654436090226                 0.0                 0.0                 0.0                 nan                 nan                 nan  2.0803435936977115e+31   6.369387519980958e+31   4.908253250601769e+32 
  56519.48335839599                 0.0                 0.0                 0.0                 nan                 nan                 nan  2.0803435936977115e+31   6.369387519980958e+31   4.908253250601769e+32 
  56522.31228070176                 0.0                 0.0                 0.0                 nan                 nan                 nan  2.0803435936977115e+31   6.369387519980958e+31   4.908253250601769e+32 
  56525.14120300752                 0.0                 0.0                 0.0                 nan                 nan                 nan  2.0803435936977115e+31   6.369387519980958e+31   4.908253250601769e+32 
  56527.97012531329                 0.0                 0.0                 0.0                 nan                 nan                 nan  2.0803435936977115e+31   6.369387519980958e+31   4.908253250601769e+32 
  56530.79904761905                 0.0                 0.0                 0.0                 nan                 nan                 nan  2.0803435936977115e+31   6.369387519980958e+31   4.908253250601769e+32 
  56533.62796992481                 0.0                 0.0                 0.0                 nan                 nan                 nan  2.0803435936977115e+31   6.369387519980958e+31   4.908253250601769e+32 
  56536.45689223058                 0.0                 0.0                 0.0                 nan                 nan                 nan  2.0803435936977115e+31   6.369387519980958e+31   4.908253250601769e+32 
  56539.28581453634                 0.0                 0.0                 0.0                 nan                 nan                 nan  2.0803435936977115e+31   6.369387519980958e+31   4.908253250601769e+32 
  56542.11473684211                 0.0                 0.0                 0.0                 nan                 nan                 nan  2.0803435936977115e+31   6.369387519980958e+31   4.908253250601769e+32 
  56544.94365914787                 0.0                 0.0                 0.0                 nan                 nan                 nan  2.0803435936977115e+31   6.369387519980958e+31   4.908253250601769e+32 
  56547.77258145364                 0.0                 0.0                 0.0                 nan                 nan                 nan  2.0803435936977115e+31   6.369387519980958e+31   4.908253250601769e+32 
 56550.601503759404                 0.0                 0.0                 0.0                 nan                 nan                 nan  2.0803435936977115e+31   6.369387519980958e+31   4.908253250601769e+32 
  56553.43042606516                 0.0                 0.0                 0.0                 nan                 nan                 nan  2.0803435936977115e+31   6.369387519980958e+31   4.908253250601769e+32 
  56556.25934837093                 0.0                 0.0                 0.0                 nan                 nan                 nan  2.0803435936977115e+31   6.369387519980958e+31   4.908253250601769e+32 
  56559.08827067669                 0.0                 0.0                 0.0                 nan                 nan                 nan  2.0803435936977115e+31   6.369387519980958e+31   4.908253250601769e+32 
  56561.91719298246                 0.0                 0.0                 0.0                 nan                 nan                 nan  2.0803435936977115e+31   6.369387519980958e+31   4.908253250601769e+32 
 56564.746115288224                 0.0                 0.0                 0.0                 nan                 nan                 nan  2.0803435936977115e+31   6.369387519980958e+31   4.908253250601769e+32 
  56567.57503759399                 0.0                 0.0                 0.0                 nan                 nan                 nan  2.0803435936977115e+31   6.369387519980958e+31   4.908253250601769e+32 
 56570.403959899755                 0.0                 0.0                 0.0                 nan                 nan                 nan  2.0803435936977115e+31   6.369387519980958e+31   4.908253250601769e+32 
  56573.23288220551                 0.0                 0.0                 0.0                 nan                 nan                 nan  2.0803435936977115e+31   6.369387519980958e+31   4.908253250601769e+32 
  56576.06180451128                 0.0                 0.0                 0.0                 nan                 nan                 nan  2.0803435936977115e+31   6.369387519980958e+31   4.908253250601769e+32 
 56578.890726817044                 0.0                 0.0                 0.0                 nan                 nan                 nan  2.0803435936977115e+31   6.369387519980958e+31   4.908253250601769e+32 
  56581.71964912281                 0.0                 0.0                 0.0                 nan                 nan                 nan  2.0803435936977115e+31   6.369387519980958e+31   4.908253250601769e+32 
 56584.548571428575                 0.0                 0.0                 0.0                 nan                 nan                 nan  2.0803435936977115e+31   6.369387519980958e+31   4.908253250601769e+32 
  56587.37749373434                 0.0                 0.0                 0.0                 nan                 nan                 nan  2.0803435936977115e+31   6.369387519980958e+31   4.908253250601769e+32 
 56590.206416040106                 0.0                 0.0                 0.0                 nan                 nan                 nan  2.0803435936977115e+31   6.369387519980958e+31   4.908253250601769e+32 
 56593.035338345864                 0.0                 0.0                 0.0                 nan                 nan                 nan  2.0803435936977115e+31   6.369387519980958e+31   4.908253250601769e+32 
  56595.86426065163                 0.0                 0.0                 0.0                 nan                 nan                 nan  2.0803435936977115e+31   6.369387519980958e+31   4.908253250601769e+32 
 56598.693182957395                 0.0                 0.0                 0.0                 nan                 nan                 nan  2.0803435936977115e+31   6.369387519980958e+31   4.908253250601769e+32 
  56601.52210526316                 0.0                 0.0                 0.0                 nan                 nan                 nan  2.0803435936977115e+31   6.369387519980958e+31   4.908253250601769e+32 
 56604.351027568926                 0.0                 0.0                 0.0                 nan                 nan                 nan  2.0803435936977115e+31   6.369387519980958e+31   4.908253250601769e+32 
  56607.17994987469                 0.0                 0.0                 0.0                 nan                 nan                 nan  2.0803435936977115e+31   6.369387519980958e+31   4.908253250601769e+32 
  56610.00887218046                 0.0                 0.0                 0.0                 nan                 nan                 nan  2.0803435936977115e+31   6.369387519980958e+31   4.908253250601769e+32 
 56612.837794486215                 0.0                 0.0                 0.0                 nan                 nan                 nan  2.0803435936977115e+31   6.369387519980958e+31   4.908253250601769e+32 
  56615.66671679198                 0.0                 0.0                 0.0                 nan                 nan                 nan  2.0803435936977115e+31   6.369387519980958e+31   4.908253250601769e+32 
 56618.495639097746                 0.0                 0.0                 0.0                 nan                 nan                 nan  2.0803435936977115e+31   6.369387519980958e+31   4.908253250601769e+32 
  56621.32456140351                 0.0                 0.0                 0.0                 nan                 nan                 nan  2.0803435936977115e+31   6.369387519980958e+31   4.908253250601769e+32 
  56624.15348370928                 0.0                 0.0                 0.0                 nan                 nan                 nan  2.0803435936977115e+31   6.369387519980958e+31   4.908253250601769e+32 
  56626.98240601504                 0.0                 0.0                 0.0                 nan                 nan                 nan  2.0803435936977115e+31   6.369387519980958e+31   4.908253250601769e+32 
  56629.81132832081                 0.0                 0.0                 0.0                 nan                 nan                 nan  2.0803435936977115e+31   6.369387519980958e+31   4.908253250601769e+32 
 56632.640250626566                 0.0                 0.0                 0.0                 nan                 nan                 nan  2.0803435936977115e+31   6.369387519980958e+31   4.908253250601769e+32 
  56635.46917293233                 0.0                 0.0                 0.0                 nan                 nan                 nan  2.0803435936977115e+31   6.369387519980958e+31   4.908253250601769e+32 
   56638.2980952381                 0.0                 0.0                 0.0                 nan                 nan                 nan  2.0803435936977115e+31   6.369387519980958e+31   4.908253250601769e+32 
  56641.12701754386                 0.0                 0.0                 0.0                 nan                 nan                 nan  2.0803435936977115e+31   6.369387519980958e+31   4.908253250601769e+32 
  56643.95593984963                 0.0                 0.0                 0.0                 nan                 nan                 nan  2.0803435936977115e+31   6.369387519980958e+31   4.908253250601769e+32 
  56646.78486215539                 0.0                 0.0                 0.0                 nan                 nan                 nan  2.0803435936977115e+31   6.369387519980958e+31   4.908253250601769e+32 
  56649.61378446116                 0.0                 0.0                 0.0                 nan                 nan                 nan  2.0803435936977115e+31   6.369387519980958e+31   4.908253250601769e+32 
  56652.44270676692                 0.0                 0.0                 0.0                 nan                 nan                 nan  2.0803435936977115e+31   6.369387519980958e+31   4.908253250601769e+32 
  56655.27162907268                 0.0                 0.0                 0.0                 nan                 nan                 nan  2.0803435936977115e+31   6.369387519980958e+31   4.908253250601769e+32 
  56658.10055137845                 0.0                 0.0                 0.0                 nan                 nan                 nan  2.0803435936977115e+31   6.369387519980958e+31   4.908253250601769e+32 
  56660.92947368421                 0.0                 0.0                 0.0                 nan                 nan                 nan  2.0803435936977115e+31   6.369387519980958e+31   4.908253250601769e+32 
  56663.75839598998                 0.0                 0.0                 0.0                 nan                 nan                 nan  2.0803435936977115e+31   6.369387519980958e+31   4.908253250601769e+32 
 56666.587318295744                 0.0                 0.0                 0.0                 nan                 nan                 nan  2.0803435936977115e+31   6.369387519980958e+31   4.908253250601769e+32 
  56669.41624060151                 0.0                 0.0                 0.0                 nan                 nan                 nan  2.0803435936977115e+31   6.369387519980958e+31   4.908253250601769e+32 
  56672.24516290727                 0.0                 0.0                 0.0                 nan                 nan                 nan  2.0803435936977115e+31   6.369387519980958e+31   4.908253250601769e+32 
  56675.07408521303                 0.0                 0.0                 0.0                 nan                 nan                 nan  2.0803435936977115e+31   6.369387519980958e+31   4.908253250601769e+32 
   56677.9030075188                 0.0                 0.0                 0.0                 nan                 nan                 nan  2.0803435936977115e+31   6.369387519980958e+31   4.908253250601769e+32 
 56680.731929824564                 0.0                 0.0                 0.0                 nan                 nan                 nan  2.0803435936977115e+31   6.369387519980958e+31   4.908253250601769e+32 
  56683.56085213033                 0.0                 0.0                 0.0                 nan                 nan                 nan  2.0803435936977115e+31   6.369387519980958e+31   4.908253250601769e+32 
 56686.389774436095                 0.0                 0.0                 0.0                 nan                 nan                 nan  2.0803435936977115e+31   6.369387519980958e+31   4.908253250601769e+32 
  56689.21869674186                 0.0                 0.0                 0.0                 nan                 nan                 nan  2.0803435936977115e+31   6.369387519980958e+31   4.908253250601769e+32 
  56692.04761904762                 0.0                 0.0                 0.0                 nan                 nan                 nan  2.0803435936977115e+31   6.369387519980958e+31   4.908253250601769e+32 
 56694.876541353384                 0.0                 0.0                 0.0                 nan                 nan                 nan  2.0803435936977115e+31   6.369387519980958e+31   4.908253250601769e+32 
  56697.70546365915                 0.0                 0.0                 0.0                 nan                 nan                 nan  2.0803435936977115e+31   6.369387519980958e+31   4.908253250601769e+32 
 56700.534385964915                 0.0                 0.0                 0.0                 nan                 nan                 nan  2.0803435936977115e+31   6.369387519980958e+31   4.908253250601769e+32 
  56703.36330827068                 0.0                 0.0                 0.0                 nan                 nan                 nan  2.0803435936977115e+31   6.369387519980958e+31   4.908253250601769e+32 
 56706.192230576446                 0.0                 0.0                 0.0                 nan                 nan                 nan  2.0803435936977115e+31   6.369387519980958e+31   4.908253250601769e+32 
  56709.02115288221                 0.0                 0.0                 0.0                 nan                 nan                 nan  2.0803435936977115e+31   6.369387519980958e+31   4.908253250601769e+32 
  56711.85007518797                 0.0                 0.0                 0.0                 nan                 nan                 nan  2.0803435936977115e+31   6.369387519980958e+31   4.908253250601769e+32 
 56714.678997493735                 0.0                 0.0                 0.0                 nan                 nan                 nan  2.0803435936977115e+31   6.369387519980958e+31   4.908253250601769e+32 
   56717.5079197995                 0.0                 0.0                 0.0                 nan                 nan                 nan  2.0803435936977115e+31   6.369387519980958e+31   4.908253250601769e+32 
 56720.336842105266                 0.0                 0.0                 0.0                 nan                 nan                 nan  2.0803435936977115e+31   6.369387519980958e+31   4.908253250601769e+32 
  56723.16576441103                 0.0                 0.0                 0.0                 nan                 nan                 nan  2.0803435936977115e+31   6.369387519980958e+31   4.908253250601769e+32 
   56725.9946867168                 0.0                 0.0                 0.0                 nan                 nan                 nan  2.0803435936977115e+31   6.369387519980958e+31   4.908253250601769e+32 
  56728.82360902256                 0.0                 0.0                 0.0                 nan                 nan                 nan  2.0803435936977115e+31   6.369387519980958e+31   4.908253250601769e+32 
  56731.65253132832                 0.0                 0.0                 0.0                 nan                 nan                 nan  2.0803435936977115e+31   6.369387519980958e+31   4.908253250601769e+32 
 56734.481453634085                 0.0                 0.0                 0.0                 nan                 nan                 nan  2.0803435936977115e+31   6.369387519980958e+31   4.908253250601769e+32 
  56737.31037593985                 0.0                 0.0                 0.0                 nan                 nan                 nan  2.0803435936977115e+31   6.369387519980958e+31   4.908253250601769e+32 
  56740.13929824562                 0.0                 0.0                 0.0                 nan                 nan                 nan  2.0803435936977115e+31   6.369387519980958e+31   4.908253250601769e+32 
  56742.96822055138                 0.0                 0.0                 0.0                 nan                 nan                 nan  2.0803435936977115e+31   6.369387519980958e+31   4.908253250601769e+32 
  56745.79714285715                 0.0                 0.0                 0.0                 nan                 nan                 nan  2.0803435936977115e+31   6.369387519980958e+31   4.908253250601769e+32 
  56748.62606516291                 0.0                 0.0                 0.0                 nan                 nan                 nan  2.0803435936977115e+31   6.369387519980958e+31   4.908253250601769e+32 
  56751.45498746867                 0.0                 0.0                 0.0                 nan                 nan                 nan  2.0803435936977115e+31   6.369387519980958e+31   4.908253250601769e+32 
 56754.283909774436                 0.0                 0.0                 0.0                 nan                 nan                 nan  2.0803435936977115e+31   6.369387519980958e+31   4.908253250601769e+32 
   56757.1128320802                 0.0                 0.0                 0.0                 nan                 nan                 nan  2.0803435936977115e+31   6.369387519980958e+31   4.908253250601769e+32 
  56759.94175438597                 0.0                 0.0                 0.0                 nan                 nan                 nan  2.0803435936977115e+31   6.369387519980958e+31   4.908253250601769e+32 
  56762.77067669173                 0.0                 0.0                 0.0                 nan                 nan                 nan  2.0803435936977115e+31   6.369387519980958e+31   4.908253250601769e+32 
   56765.5995989975                 0.0                 0.0                 0.0                 nan                 nan                 nan  2.0803435936977115e+31   6.369387519980958e+31   4.908253250601769e+32 
  56768.42852130326                 0.0                 0.0                 0.0                 nan                 nan                 nan  2.0803435936977115e+31   6.369387519980958e+31   4.908253250601769e+32 
  56771.25744360902                 0.0                 0.0                 0.0                 nan                 nan                 nan  2.0803435936977115e+31   6.369387519980958e+31   4.908253250601769e+32 
  56774.08636591479                 0.0                 0.0                 0.0                 nan                 nan                 nan  2.0803435936977115e+31   6.369387519980958e+31   4.908253250601769e+32 
  56776.91528822055                 0.0                 0.0                 0.0                 nan                 nan                 nan  2.0803435936977115e+31   6.369387519980958e+31   4.908253250601769e+32 
  56779.74421052632                 0.0                 0.0                 0.0                 nan                 nan                 nan  2.0803435936977115e+31   6.369387519980958e+31   4.908253250601769e+32 
  56782.57313283208                 0.0                 0.0                 0.0                 nan                 nan                 nan  2.0803435936977115e+31   6.369387519980958e+31   4.908253250601769e+32 
  56785.40205513785                 0.0                 0.0                 0.0                 nan                 nan                 nan  2.0803435936977115e+31   6.369387519980958e+31   4.908253250601769e+32 
 56788.230977443614                 0.0                 0.0                 0.0                 nan                 nan                 nan  2.0803435936977115e+31   6.369387519980958e+31   4.908253250601769e+32 
  56791.05989974937                 0.0                 0.0                 0.0                 nan                 nan                 nan  2.0803435936977115e+31   6.369387519980958e+31   4.908253250601769e+32 
  56793.88882205514                 0.0                 0.0                 0.0                 nan                 nan                 nan  2.0803435936977115e+31   6.369387519980958e+31   4.908253250601769e+32 
   56796.7177443609                 0.0                 0.0                 0.0                 nan                 nan                 nan  2.0803435936977115e+31   6.369387519980958e+31   4.908253250601769e+32 
  56799.54666666667                 0.0                 0.0                 0.0                 nan                 nan                 nan  2.0803435936977115e+31   6.369387519980958e+31   4.908253250601769e+32 
 56802.375588972434                 0.0                 0.0                 0.0                 nan                 nan                 nan  2.0803435936977115e+31   6.369387519980958e+31   4.908253250601769e+32 
   56805.2045112782                 0.0                 0.0                 0.0                 nan                 nan                 nan  2.0803435936977115e+31   6.369387519980958e+31   4.908253250601769e+32 
 56808.033433583965                 0.0                 0.0                 0.0                 nan                 nan                 nan  2.0803435936977115e+31   6.369387519980958e+31   4.908253250601769e+32 
  56810.86235588972                 0.0                 0.0                 0.0                 nan                 nan                 nan  2.0803435936977115e+31   6.369387519980958e+31   4.908253250601769e+32 
  56813.69127819549                 0.0                 0.0                 0.0                 nan                 nan                 nan  2.0803435936977115e+31   6.369387519980958e+31   4.908253250601769e+32 
 56816.520200501254                 0.0                 0.0                 0.0                 nan                 nan                 nan  2.0803435936977115e+31   6.369387519980958e+31   4.908253250601769e+32 
  56819.34912280702                 0.0                 0.0                 0.0                 nan                 nan                 nan  2.0803435936977115e+31   6.369387519980958e+31   4.908253250601769e+32 
 56822.178045112785                 0.0                 0.0                 0.0                 nan                 nan                 nan  2.0803435936977115e+31   6.369387519980958e+31   4.908253250601769e+32 
  56825.00696741855                 0.0                 0.0                 0.0                 nan                 nan                 nan  2.0803435936977115e+31   6.369387519980958e+31   4.908253250601769e+32 
 56827.835889724316                 0.0                 0.0                 0.0                 nan                 nan                 nan  2.0803435936977115e+31   6.369387519980958e+31   4.908253250601769e+32 
 56830.664812030074                 0.0                 0.0                 0.0                 nan                 nan                 nan  2.0803435936977115e+31   6.369387519980958e+31   4.908253250601769e+32 
  56833.49373433584                 0.0                 0.0                 0.0                 nan                 nan                 nan  2.0803435936977115e+31   6.369387519980958e+31   4.908253250601769e+32 
 56836.322656641605                 0.0                 0.0                 0.0                 nan                 nan                 nan  2.0803435936977115e+31   6.369387519980958e+31   4.908253250601769e+32 
  56839.15157894737                 0.0                 0.0                 0.0                 nan                 nan                 nan  2.0803435936977115e+31   6.369387519980958e+31   4.908253250601769e+32 
 56841.980501253136                 0.0                 0.0                 0.0                 nan                 nan                 nan  2.0803435936977115e+31   6.369387519980958e+31   4.908253250601769e+32 
   56844.8094235589                 0.0                 0.0                 0.0                 nan                 nan                 nan  2.0803435936977115e+31   6.369387519980958e+31   4.908253250601769e+32 
  56847.63834586467                 0.0                 0.0                 0.0                 nan                 nan                 nan  2.0803435936977115e+31   6.369387519980958e+31   4.908253250601769e+32 
 56850.467268170425                 0.0                 0.0                 0.0                 nan                 nan                 nan  2.0803435936977115e+31   6.369387519980958e+31   4.908253250601769e+32 
  56853.29619047619                 0.0                 0.0                 0.0                 nan                 nan                 nan  2.0803435936977115e+31   6.369387519980958e+31   4.908253250601769e+32 
 56856.125112781956                 0.0                 0.0                 0.0                 nan                 nan                 nan  2.0803435936977115e+31   6.369387519980958e+31   4.908253250601769e+32 
  56858.95403508772                 0.0                 0.0                 0.0                 nan                 nan                 nan  2.0803435936977115e+31   6.369387519980958e+31   4.908253250601769e+32 
  56861.78295739349                 0.0                 0.0                 0.0                 nan                 nan                 nan  2.0803435936977115e+31   6.369387519980958e+31   4.908253250601769e+32 
  56864.61187969925                 0.0                 0.0                 0.0                 nan                 nan                 nan  2.0803435936977115e+31   6.369387519980958e+31   4.908253250601769e+32 
  56867.44080200502                 0.0                 0.0                 0.0                 nan                 nan                 nan  2.0803435936977115e+31   6.369387519980958e+31   4.908253250601769e+32 
 56870.269724310776                 0.0                 0.0                 0.0                 nan                 nan                 nan  2.0803435936977115e+31   6.369387519980958e+31   4.908253250601769e+32 
  56873.09864661654                 0.0                 0.0                 0.0                 nan                 nan                 nan  2.0803435936977115e+31   6.369387519980958e+31   4.908253250601769e+32 
  56875.92756892231                 0.0                 0.0                 0.0                 nan                 nan                 nan  2.0803435936977115e+31   6.369387519980958e+31   4.908253250601769e+32 
  56878.75649122807                 0.0                 0.0                 0.0                 nan                 nan                 nan  2.0803435936977115e+31   6.369387519980958e+31   4.908253250601769e+32 
  56881.58541353384                 0.0                 0.0                 0.0                 nan                 nan                 nan  2.0803435936977115e+31   6.369387519980958e+31   4.908253250601769e+32 
   56884.4143358396                 0.0                 0.0                 0.0                 nan                 nan                 nan  2.0803435936977115e+31   6.369387519980958e+31   4.908253250601769e+32 
  56887.24325814537                 0.0                 0.0                 0.0                 nan                 nan                 nan  2.0803435936977115e+31   6.369387519980958e+31   4.908253250601769e+32 
  56890.07218045113                 0.0                 0.0                 0.0                 nan                 nan                 nan  2.0803435936977115e+31   6.369387519980958e+31   4.908253250601769e+32 
  56892.90110275689                 0.0                 0.0                 0.0                 nan                 nan                 nan  2.0803435936977115e+31   6.369387519980958e+31   4.908253250601769e+32 
  56895.73002506266                 0.0                 0.0                 0.0                 nan                 nan                 nan  2.0803435936977115e+31   6.369387519980958e+31   4.908253250601769e+32 
  56898.55894736842                 0.0                 0.0                 0.0                 nan                 nan                 nan  2.0803435936977115e+31   6.369387519980958e+31   4.908253250601769e+32 
  56901.38786967419                 0.0                 0.0                 0.0                 nan                 nan                 nan  2.0803435936977115e+31   6.369387519980958e+31   4.908253250601769e+32 
 56904.216791979954                 0.0                 0.0                 0.0                 nan                 nan                 nan  2.0803435936977115e+31   6.369387519980958e+31   4.908253250601769e+32 
  56907.04571428572                 0.0                 0.0                 0.0                 nan                 nan                 nan  2.0803435936977115e+31   6.369387519980958e+31   4.908253250601769e+32 
  56909.87463659148                 0.0                 0.0                 0.0                 nan                 nan                 nan  2.0803435936977115e+31   6.369387519980958e+31   4.908253250601769e+32 
  56912.70355889724                 0.0                 0.0                 0.0                 nan                 nan                 nan  2.0803435936977115e+31   6.369387519980958e+31   4.908253250601769e+32 
  56915.53248120301                 0.0                 0.0                 0.0                 nan                 nan                 nan  2.0803435936977115e+31   6.369387519980958e+31   4.908253250601769e+32 
 56918.361403508774                 0.0  2402157439195.4634   83557401350231.52  32228.276121615665  50209.413135827155                 nan  1.4419471619119325e+32  1.0665872641421221e+40   7.580436237807406e+42 
  56921.19032581454  147215286771718.44  228072821810384.56  302784205459201.75   28620.19228903624   35425.03068574045   47090.20228326346  3.6670427536915376e+43   5.628153491537177e+43   8.473888537717044e+43 
            56923.3   317615673010554.5  397241722400794.25  469412117208346.94  26761.419552839507   31401.86983195794  37266.519119372584   7.514103902288234e+43  1.0449115852642035e+44  1.5246935901392249e+44 
           56923.31  318345326600977.75   398034072926801.6   470192121747029.2  26753.734285230446  31386.266367437398  37234.449577803425   7.533429793206938e+43  1.0470028948305314e+44  1.5269615817908829e+44 
 56924.019248120305   372845332499174.7   452018541081903.5  529147325096091.56  26241.186001197337  30272.013972374058   35241.84436377886   8.819571382441483e+43   1.184222243425002e+44   1.701521511365837e+44 
           56924.18   386078291159984.0  464628394294073.75   541889102477173.1  26129.787644046053   30045.24692281251    34850.7399817576   9.079909745242671e+43   1.214279464427827e+44  1.7381647982227817e+44 
           56924.19   386923179759097.0   465461175890071.4   542685335361904.3   26122.85587079673   30031.41472807314  34827.144189754596    9.09570466962165e+43  1.2161185575951124e+44  1.7403985132570325e+44 
  56926.84817042607   596989306819526.4   682057374884877.5   755467133682438.8  24431.462002127628  26709.539723831476  29941.181289317457  1.3388045402929362e+44  1.6862885681089762e+44  2.2395839892481087e+44 
  56929.67709273183   818547350720133.0   907594236042509.0   978671017296390.0  22719.747195354998  24420.968132866845   26571.81719120475  1.7378614540387933e+44  2.0852322957996342e+44    2.60469554741894e+44 
           56931.16   937231085640737.9  1029014839465122.9  1097933910485928.0  21991.766946162803  23444.915448690583   25251.78048394206   1.924356205623739e+44  2.2615985646725483e+44  2.7527962575879626e+44 
           56931.17   937997261563069.0  1029851836445958.5  1098743489038730.1  21987.065880899558   23438.42032154074  25243.468312560995  1.9255614894750335e+44  2.2626719782070527e+44  2.7536677176136474e+44 
 56932.506015037594  1041950921949923.2  1139062674343690.5  1205420315437260.5  21398.463399404394   22641.94347782351   24211.87972198398  2.0868456481285197e+44  2.4084861450698736e+44   2.860240064190481e+44 
           56934.37  1186519048362413.2  1291093856758229.5  1358957844419237.5  20528.211185143966  21627.115247679703   23081.74447928717   2.279987729032387e+44   2.577395740651118e+44   2.986734542386511e+44 
  56935.33493734336  1260794975945214.8  1369187591434412.0  1439654030102910.0   20161.35717995837   21134.47407598426   22564.68904520503   2.360914289103049e+44   2.651177534442046e+44  3.0487258978870378e+44 
           56936.36  1339269889456945.8  1453078134769103.5  1528293134116172.0  19779.391332140272   20635.21032721454   21994.36803718918  2.4430085792964255e+44  2.7247055157778787e+44   3.114613371455614e+44 
           56936.37  1340035451571800.8  1453870749148424.0  1529167504878719.0  19775.588146404476   20630.59901072469   21989.06621954809   2.443882266354559e+44   2.725453955914957e+44   3.115522295511626e+44 
 56938.163859649125  1477150990198761.8  1598950856246629.0  1679022582865473.5   19107.85445363191  19878.424061636404  21069.510851243533  2.5672172489388342e+44  2.8369328069090254e+44  3.1998571651228656e+44 
  56940.99278195489  1694195884144168.2  1822079138583671.0  1913847077115326.0   18166.04732278495  18882.955489320775  19801.154302393075   2.721520540717153e+44     2.9738549129714e+44  3.2811898712084113e+44 
           56943.24  1868224755287409.8  1999051660475226.5  2097914424379057.8  17466.611241109058  18126.992170591628   18907.61759725856   2.808189005706714e+44  3.0305176765361412e+44  3.3054698895471185e+44 
           56943.25  1869001728830836.2  1999844152335035.8  2098745821732857.0  17463.762694150602  18123.514506426265  18903.832414303364  2.8085801665682447e+44   3.030757108423926e+44   3.305461919325741e+44 
 56943.821704260656  1914049458153635.2  2045399891899647.5  2146277162669661.0  17303.992621957867  17927.896941909035   18709.71980023091  2.8216412591718786e+44  3.0490121874405917e+44   3.307892708864059e+44 
  56946.65062656642  2132969955528037.0  2268059713211923.0  2383807382066091.0   16545.84333068476   17076.87565141962  17782.084629368917    2.89097212956319e+44  3.0945691558719665e+44   3.359378782520732e+44 
           56949.11  2320960245627731.5  2468661883076410.0  2592402896043741.5  15895.485212380068  16397.995301865318    17056.9143138962   2.913394686693573e+44  3.1025765476723906e+44  3.3710736525516697e+44 
           56949.12  2321723104973579.5  2469450367329375.0  2593257757207800.5  15892.885525178355  16395.244849262115  17054.172580276416  2.9133696235071707e+44   3.102560173409294e+44  3.3710786613995364e+44 
  56949.47954887218  2349151626710875.0  2498184587144565.0  2624067695112870.5   15796.73802963075  16292.489627138879  16955.249127203562  2.9125313392587806e+44   3.102792068437798e+44  3.3711774971716148e+44 
 56952.308471177945  2564958608629823.0  2720856298762066.0  2864186193933344.5  15112.843747789688  15560.441099410556  16171.518699631386    2.90571268107531e+44  3.0780748480719805e+44   3.336624216916143e+44 
  56955.13739348371  2780345968359103.5  2942822420087694.5  3098509555708483.5  14446.415061179534  14849.693437696475  15443.186636942984  2.8569670813891475e+44  3.0132082815478816e+44   3.239874460378798e+44 
            56956.2  2860158427596237.0  3025878678093553.0  3187955078136413.5  14214.453724462257  14605.332636246741  15194.541297703858   2.835071332662359e+44  2.9853964601918227e+44   3.206444361139005e+44 
           56956.21  2860908356323511.0  3026679271836633.0  3188793578988826.0  14212.286494047285  14603.168344674697    15192.2704396745   2.834814959652501e+44  2.9850968446390902e+44     3.2061730362914e+44 
 56957.966315789476  2992807647440223.5  3167288815000659.0  3335429158382436.0   13840.59858540922  14227.654236002723  14786.090486613957   2.790242121607735e+44  2.9332970414653057e+44  3.1525424636672275e+44 
           56960.23  3163330699186027.0  3348517956489375.0  3527791948845324.0   13374.63547234388  13754.696227224156  14266.390729983024   2.722367237675054e+44  2.8583758978112908e+44   3.064464994066852e+44 
  56960.79523809524  3206681520420695.5  3393770564719920.0  3576360450973108.5  13262.736715164448  13641.168107540925  14141.161664609912  2.7030295886981235e+44  2.8365332386136076e+44  3.0381872282201635e+44 
  56963.62416040101  3422793134916649.0  3621588376231504.0  3818739972601927.5  12711.746563319879  13072.099040566909  13539.572072712364  2.5939577069908696e+44  2.7212370476638176e+44   2.897802041022489e+44 
  56966.45308270677  3637917776882345.5  3852337155521494.5  4058747481466330.5  12193.486178861685  12531.609508700541  12990.178124427772  2.4840483948200317e+44  2.5953960213474223e+44  2.7476796164588967e+44 
  56969.28200501253  3850178090138840.5  4081420992208121.0  4292628915556965.5  11698.296945088248   12020.15304288069  12455.976168070578  2.3631432277071698e+44  2.4573353585910278e+44  2.5905259748907486e+44 
 56972.110927318296  4065195341309301.0  4308399219764553.0  4528754714886254.0   11221.63982213884  11529.220478184066    11934.9277133175  2.2307421997797955e+44   2.313592678002898e+44  2.4269825542843997e+44 
           56973.07  4139532426478142.0  4385446942748592.5  4610442377335759.0  11064.410994061023  11361.442173266074   11758.74419614808  2.1883131604724284e+44  2.2649828154408177e+44  2.3673260701963297e+44 
           56973.08  4140307519821974.0  4386258340270879.0  4611294113226317.0  11062.789249187266  11359.770624524266  11756.918568061832   2.187873685017204e+44   2.264486248558635e+44  2.3667055505400935e+44 
  56974.93984962406  4284463226206262.5  4537166077918953.0  4769704180779321.0  10768.236303969492  11054.995045408152  11434.340678574796   2.107184626387202e+44   2.174010795539256e+44  2.2618016159824516e+44 
  56977.76877192983  4496178023854166.5  4766704132836251.0  5010253111755388.0  10343.055161351876   10607.06647849779  10970.211371143747   1.975636823492702e+44   2.035255468358805e+44  2.1107265289637573e+44 
           56980.07  4668202514741919.0  4950599764844114.0  5204750915199329.0  10004.007350044812  10258.042666357227  10602.574759749428   1.860602185687881e+44  1.9155757141147496e+44  1.9913847062155077e+44 
  56980.59769423559  4707777801948228.0  4991910477758708.0  5249351174966275.0     9926.4248889927   10177.65873517031  10519.846697616029  1.8338190436670074e+44  1.8871992387722322e+44  1.9653557510673377e+44 
  56983.42661654136  4920513948440586.0  5218204185381664.0  5487112055211761.0    9527.55763636406   9766.347206714054  10097.065330815441  1.7029405221453032e+44  1.7473266873369499e+44  1.8231901324722204e+44 
  56986.25553884712  5133250094932944.0  5441413273204106.0  5724879027737838.0   9154.524225820322   9372.652294333247   9683.905104601059  1.5707195069495897e+44  1.6168762756938627e+44  1.6916538935177168e+44 
           56987.07  5194497915976890.0  5505676307445082.0  5794056801876821.0    9051.12224965694   9261.243969585588   9571.391645009533   1.533640294917465e+44   1.580577829985156e+44   1.654566032821048e+44 
           56987.08  5195249920180408.0  5506465332606406.0  5794906170491995.0   9049.862949330276   9259.891059236797   9570.027452351469  1.5331891435912267e+44   1.580125214977122e+44  1.6541097458432854e+44 
  56989.08446115288  5345986241424754.0  5665156024341593.0  5965158809816101.0   8798.050861851169    8994.29031135819      9301.205213425  1.4454170169716408e+44  1.4912621921245994e+44   1.564962119659616e+44 
           56990.07  5420099176985856.0  5743613829172667.0  6048867386376631.0    8676.27203307414    8866.75770385337   9171.655318591993  1.4050089440936678e+44  1.4484246311708532e+44  1.5212479099913553e+44 
           56990.08  5420851181189373.0  5744409919606610.0  6049716754991803.0   8675.042342703786   8865.502126411631   9170.344160168155  1.4046043085811797e+44   1.447996491800755e+44  1.5208072420598725e+44 
           56991.13  5499811622542182.0  5827999415153264.0  6138900459566366.0   8546.726376734397   8734.260606385278   9033.357073569423  1.3626442373690025e+44  1.4042274979349715e+44  1.4753878272024676e+44 
  56991.91338345865  5558722387917111.0  5890363822894540.0  6205438591894982.0   8451.778819643856   8635.411526334208   8932.398731813477  1.3307037732464613e+44  1.3720321153325424e+44  1.4422483638101227e+44 
           56992.06  5569748013454983.0  5902035825494919.0  6217891740761333.0   8434.447562191159   8616.989379857045    8913.68849475865  1.3247787039019899e+44  1.3659765113093675e+44  1.4360572276546923e+44 
           56992.07  5570500017658500.0  5902831915928862.0  6218741109376505.0   8433.265857824263   8615.733673885818   8912.414582323278  1.3243756482076184e+44  1.3655642115607985e+44   1.435634596705574e+44 
  56994.74230576441  5771458534409469.0  6115571621447488.0  6445718373973862.0   8125.145904831782    8289.98089721465    8578.52570863486   1.219113725510077e+44  1.2615590525703379e+44  1.3221080564386139e+44 
  56997.57122807018  5984518032752252.0  6340946386722864.0  6685998156052743.0   7812.553378157431  7966.8676491452225   8239.730025240005  1.1159317265493649e+44  1.1570354419639757e+44  1.2088355173519733e+44 
  57000.40015037594  6198153587128286.0  6567336717574609.0  6926277938131624.0   7515.161686750161   7669.508823233147    7906.99166631451  1.0221151408440315e+44  1.0622261315081786e+44   1.108288826631592e+44 
           57001.23  6241394030421093.0  6633710467549144.0  6996762760716221.0   7429.192926390562   7582.634940523203   7817.016175442999    9.95645575319034e+43  1.0358351093611773e+44  1.0804817560849267e+44 
  57003.22907268171  6377926299412692.0  6793602026826090.0  7166557720210504.0   7232.229247867536   7385.392081879958   7602.688604816543   9.364590699553357e+43   9.759807104346752e+43  1.0151376640267468e+44 
           57005.07  6516463225619258.0  6929396759641690.0  7322920308875681.0   7064.758456800808   7207.842221891597   7417.797826185788   8.835962112273122e+43   9.221534736564099e+43    9.58665212517842e+43 
           57005.08  6517215764434116.0  6930191080813878.0  7323769677490853.0   7063.855302907057   7206.883953236967   7416.782907085734   8.833125405049724e+43   9.218625961065123e+43   9.583696169617568e+43 
 57006.057994987474  6575745713887933.0  7003876887960624.0  7406837502289387.0   6973.538546577429    7116.11939767687   7317.484846973218   8.558885243801892e+43   8.944342037659575e+43    9.32085213577853e+43 
  57008.88691729323  6746260679116776.0  7185998016544899.0  7584472298282997.0   6725.794530102881   6874.486261577334   7090.745311699146    7.80417654519321e+43   8.202541188637752e+43   8.600892246116689e+43 
    57011.715839599  6757719179564517.0  7314200686793544.0  7780119056381430.0   6512.664574196483    6657.18261937866   6867.691862622681   7.118208888018871e+43   7.503999842692134e+43   7.918274408595296e+43 
           57012.06  6770740849172209.0  7335607779456904.0  7808838876810428.0    6484.47155949189   6630.876491286321   6855.968763084206   7.036477613925875e+43   7.433969474345881e+43   7.838006201407261e+43 
           57014.06  6668343470715512.0  7461923692686550.0  7963868098898962.0   6323.072462740223   6478.162984888905   6790.169249215017   6.576382920401039e+43   7.009715932481149e+43   7.401907561517023e+43 
  57014.54476190476  6658769941998071.0  7499411749650528.0  8004460494053300.0   6285.911377126332   6445.413033773359   6790.169249215017   6.468524376696086e+43   6.906590637737681e+43   7.305285539354113e+43 
  57017.37368421053  6431212842942787.0  7688352331660904.0  8230064704115599.0   6080.746448988737   6239.643971326919   6789.379055351469   5.915495254230941e+43   6.349043582268483e+43  6.7661791981886805e+43 
           57019.09  6233960911823050.0  7816471145971818.0  8359730611670484.0   5958.916059430161   6117.332207779838   6777.825102305478   5.598665902510702e+43   6.036270243970268e+43   6.487487632873925e+43 
  57020.20260651629  6109565835268508.0  7879977955537746.0  8451739945489563.0   5883.392428421072  6053.5427086087275   6777.825102305478    5.40791772557825e+43    5.83732944539979e+43   6.313856587664314e+43 
  57023.03152882206  5819879402957338.0  8045017863085520.0  8671746205329604.0    5711.91593174685   5897.038369819666   6777.825102305478   4.961667612799562e+43   5.387249321624317e+43   5.801575091853071e+43 
 57025.860451127824  5522162489731215.0  8160880898534570.0  8758800633883500.0   5565.438581824089   5752.019016747464   6777.825102305478   4.566445007903681e+43    4.99177544887332e+43   5.404719135070988e+43 
            57026.1  5497762690684568.0  8132423158722413.0  8772307865987323.0    5552.82904013753   5742.282994186971   6777.825102305478   4.531555075193723e+43   4.960514962754586e+43   5.373655939141767e+43 
  57028.68937343358  5300592479665801.0  8024065307190977.0  8966775576668701.0   5431.305742481956   5652.899437247694   6777.825102305478   4.194574897909752e+43   4.646879280597618e+43   5.081211677092238e+43 
  57031.51829573935  5089456490557767.0  7752982322053052.0  9144495418688120.0   5328.319191974112   5632.967313695328   6777.825102305478  3.8378231988014073e+43   4.297219392408345e+43   4.786522958009539e+43 
           57033.04  4970080531102272.0  7596789174923582.0  9202406926335380.0   5262.274748179732     5629.2774843723   6777.825102305478    3.67792995125621e+43  4.1369182969970777e+43   4.617168095129143e+43 
           57033.05  4969337378802416.0  7595838647555908.0  9203210260820620.0   5262.098307310191     5629.2774843723   6777.825102305478  3.6769451345844357e+43  4.1358919763703794e+43   4.615996480187583e+43 
  57034.34721804511  4874503722777779.0  7474800619261768.0  9246963263421352.0   5208.711529885278     5629.2774843723   6777.825102305478  3.5496901541542344e+43   4.006151481047539e+43   4.467640199770987e+43 
  57037.17614035088  4686300990852891.0  7206124822467434.0  9194128932974060.0  5132.5736916896085   5626.625859589357   6777.825102305478  3.2754271398221374e+43  3.7459217240077285e+43  4.2167357871795353e+43 
 57040.005062656644  4515947405368623.0  6973529043072688.0  9201797502803300.0   5068.260900629992   5626.625859589357   6777.825102305478   3.040818261689218e+43  3.5121925800412137e+43  4.0015075166382594e+43 
           57040.06  4512754385810370.0  6969168119933914.0  9196057145159328.0   5066.807200320102   5626.625859589357   6777.825102305478   3.036505429379348e+43   3.507831349016755e+43  3.9973200790727354e+43 
  57042.83398496241  4357470832703411.0  6744777314662139.0  9016808906380180.0   5041.477935786032   5626.625859589357   6777.825102305478   2.810186840764384e+43   3.299625163598108e+43  3.8055891262468716e+43 
           57045.05  4240862549117104.5  6572723541583615.0  8896153941835462.0   5032.927521187476   5626.625859589357   6777.825102305478  2.6609588278609635e+43  3.1479867136985396e+43  3.6653106859740934e+43 
 57045.662907268175  4209747955180693.5  6535307763799546.0  8851331309721364.0   5032.927521187476   5626.625859589357   6777.825102305478   2.625590978896661e+43  3.1082408659507967e+43   3.626141258916923e+43 
  57048.49182957393  4063913573783083.5  6364001977360569.0  8651947378816922.0   5019.158027182069   5626.625859589357   6777.825102305478   2.450223432666539e+43   2.935752961165071e+43   3.436149086418011e+43 
   57051.3207518797  3928089732598416.5  6185746433373503.0  8463527475244286.0   5019.158027182069   5626.625859589357   6777.825102305478   2.286377038847762e+43   2.777244162144443e+43  3.2851307282725363e+43 
           57052.04  3899180048517768.5  6142605542861592.0  8417163623184164.0   5019.158027182069   5626.625859589357   6777.825102305478     2.2426639323104e+43  2.7386664372644997e+43   3.246599570429927e+43 
 57054.149674185464  3811284678684285.0  6019841996773616.0  8284812839574460.0   5019.158027182069   5626.625859589357   6777.825102305478  2.1256577070121459e+43   2.635361819033792e+43  3.1372291750453823e+43 
  57056.97859649123  3695179863163891.0  5863306065990162.0  8114964545021591.0   5019.158027182069   5626.625859589357   6777.825102305478  1.9926128657417336e+43   2.504379345983906e+43  2.9938942018864237e+43 
 57059.807518796995  3576999303122009.0  5715210362203826.0  7952936249706196.0   5019.158027182069   5626.625859589357   6777.825102305478   1.875494841924815e+43  2.3802853758762046e+43   2.859117529274958e+43 
  57062.63644110276  3467095539902924.0  5574870511327155.0  7798040619776100.0   5019.158027182069   5626.625859589357   6777.825102305478   1.766180018347043e+43  2.2646907582565815e+43  2.7338572212586736e+43 
 57065.465363408526  3366229446976823.0  5464214372162828.0  7655159748334299.0   5019.158027182069   5626.625859589357   6777.825102305478  1.6697089779165368e+43   2.157885149860659e+43  2.6269745991397793e+43 
 57068.294285714284  3271864859884069.5  5360892193754236.0  7497963856964425.0   5019.158027182069   5626.625859589357   6777.825102305478  1.5815928912032352e+43   2.063222898934638e+43   2.537849795236455e+43 
  57071.12320802005  3183866055952132.0  5261302149494617.0  7350957608744221.0   5019.158027182069   5626.625859589357   6777.825102305478  1.5007121628569177e+43   1.975324229883929e+43  2.4551699251449824e+43 
 57073.952130325815  3106256678942768.5  5137764374656639.0  7225275520241023.0   5019.158027182069   5626.625859589357   6777.825102305478  1.4263084044367672e+43   1.893446071202008e+43   2.371672622051246e+43 
  57076.78105263158  3028063802167100.0  5018770678809675.0  7103611407941510.0   5019.158027182069   5626.625859589357   6777.825102305478  1.3575792544303408e+43  1.8110925776048857e+43  2.2871203247436027e+43 
 57079.609974937346  2948288897100891.0  4904136761631616.0  6984785460951446.0   5019.158027182069   5626.625859589357   6777.825102305478  1.2938331115210726e+43  1.7281334873749617e+43  2.2174920307009435e+43 
  57082.43889724311  2872076485805724.0  4793493964175417.0  6853363578597196.0   5019.158027182069   5626.625859589357   6777.825102305478  1.2345694521051578e+43  1.6514040968575565e+43  2.1442404581230796e+43 
  57085.26781954888  2799133094433708.5  4696289031432476.0  6719503882923789.0   5019.158027182069   5626.625859589357   6777.825102305478  1.1792576607510413e+43  1.5848498963599324e+43   2.071643596782099e+43 
 57088.096741854635  2729218624976797.5  4607728783732704.0  6589315154886436.0   5019.158027182069   5626.625859589357   6777.825102305478   1.128017425693331e+43  1.5218421540977803e+43  2.0021598598441148e+43 
   57090.9256641604  2669799397843824.5  4510981492680869.0  6462627204080823.0   5019.158027182069   5626.625859589357   6777.825102305478  1.0802329418354991e+43  1.4636245099615227e+43  1.9357355194905104e+43 
 57093.754586466166  2618280339074888.0  4430385412707317.0  6339285735676566.0   5019.158027182069   5626.625859589357   6777.825102305478    1.03448569237204e+43  1.4083975184566255e+43  1.8721697344584813e+43 
  57096.58350877193  2570915987592845.0  4347251102480833.0  6219160138502580.0   5019.158027182069   5626.625859589357   6777.825102305478   9.866039342538932e+42  1.3494786614697887e+43  1.8112878018088223e+43 
   57099.4124310777  2525079014514773.5  4260828424114946.0  6102115907024210.0   5019.158027182069   5626.625859589357   6777.825102305478    9.43990374218739e+42  1.2959038183252454e+43  1.7529303291134253e+43 
  57102.24135338346  2480661626790250.5  4172890524481902.0  6011298243910967.0   5019.158027182069   5626.625859589357   6777.825102305478   9.040368548205281e+42  1.2506197073695633e+43   1.693228343168388e+43 
  57105.07027568923  2437526321060585.5  4093925858074034.0  5925307361977605.0   5019.158027182069   5626.625859589357   6777.825102305478   8.661767593581103e+42   1.204369091775375e+43  1.6382988075311423e+43 
 57107.899197994986  2388771000007476.5  4016077956932487.0  5841368968218791.0   5019.158027182069   5626.625859589357   6777.825102305478   8.292637248228947e+42  1.1574634783406966e+43  1.5858341078699593e+43 
  57110.72812030075  2332087323729900.0  3943061749834201.0  5759373419792752.0   5019.158027182069   5626.625859589357   6777.825102305478   7.930113604895319e+42   1.118679343880508e+43  1.5353447684098632e+43 
  57113.55704260652  2280528313139789.5  3878789780635506.0  5666157447225604.0   5019.158027182069   5626.625859589357   6777.825102305478   7.611022618787305e+42  1.0789276719141898e+43  1.4867490003279215e+43 
  57116.38596491228  2232349373746959.0  3813650116996967.0  5575121087268946.0   5019.158027182069   5626.625859589357   6777.825102305478   7.344066488150353e+42  1.0408671329023077e+43  1.4399399711258852e+43 
  57119.21488721805  2185759626375642.8  3746053105499881.0  5486217206662785.0   5019.158027182069   5626.625859589357   6777.825102305478   7.030064530840268e+42  1.0059915590648493e+43  1.3990868439872952e+43 
  57122.04380952381  2140669503630711.8  3680097917066839.0  5401477252626631.0   5019.158027182069   5626.625859589357   6777.825102305478   6.732378733282781e+42   9.709570630820176e+42  1.3618278869262652e+43 
  57124.87273182958  2097001611031476.5  3620583347662319.0  5321919512927569.0   5019.158027182069   5626.625859589357   6777.825102305478   6.449962140942213e+42   9.354435893139917e+42  1.3256786974567793e+43 
  57127.70165413534  2054678657257699.5  3566503275436520.0  5243883124319712.0   5019.158027182069   5626.625859589357   6777.825102305478   6.187168618692597e+42   9.001589942096895e+42   1.284583559658728e+43 
   57130.5305764411  2013629056064583.8  3514053187461120.5  5167033509687352.0   5019.158027182069   5626.625859589357   6777.825102305478    5.97726978001589e+42   8.664594824225974e+42   1.244940921038565e+43 
  57133.35949874687  1975752944887690.5  3462776281678412.0  5091774286240491.0   5019.158027182069   5626.625859589357   6777.825102305478   5.792682730151684e+42   8.342589847265284e+42  1.2085341865489098e+43 
  57136.18842105263  1940242075931170.5  3414924727936641.0  5025845570468044.0   5019.158027182069   5626.625859589357   6777.825102305478  5.5694652889832065e+42   8.037902148672426e+42   1.172419582340135e+43 
   57139.0173433584  1905627694737891.5  3368444797854779.0  4960842478744655.0   5019.158027182069   5626.625859589357   6777.825102305478  5.3515144111308325e+42   7.780040043516332e+42  1.1399003556188495e+43 
 57141.846265664164  1871881691122212.0  3322913327558159.0  4896752958829184.0   5019.158027182069   5626.625859589357   6777.825102305478  5.1438215725097746e+42   7.535970000549133e+42  1.1083612161510199e+43 
  57144.67518796993  1841326337808633.8  3273628226845622.0  4833549314726458.0   5019.158027182069   5626.625859589357   6777.825102305478   4.945812632016089e+42   7.300862980753538e+42  1.0777670975880579e+43 
  57147.50411027569  1813210804190744.5  3222262652794600.0  4771216908182943.0   5019.158027182069   5626.625859589357   6777.825102305478   4.756964796615656e+42   7.074319562492534e+42  1.0480853000905984e+43 
  57150.33303258145  1785690606151800.5  3171955753318163.0  4705282688219660.0   5019.158027182069   5626.625859589357   6777.825102305478  4.5767696921890483e+42   6.832369846281198e+42  1.0192837730408022e+43 
  57153.16195488722  1758745763851111.5  3122668921881962.0  4637580229177130.0   5019.158027182069   5626.625859589357   6777.825102305478   4.404764197762383e+42   6.592860254901554e+42    9.93594168741642e+42 
 57155.990877192984  1732346856023974.5  3074388735237661.0  4568398455713734.0   5019.158027182069   5626.625859589357   6777.825102305478   4.240491835252226e+42   6.363517708137726e+42   9.700521865899617e+42 
  57158.81979949875  1706498921204658.8  3025657808083602.0  4498486326754401.5   5019.158027182069   5626.625859589357   6777.825102305478    4.08358823851415e+42   6.149317880676925e+42   9.471496236348859e+42 
 57161.648721804515  1681170583851582.8  2977484608862043.0  4442488929946175.0   5019.158027182069   5626.625859589357   6777.825102305478  3.9336398767091335e+42   5.943587332897671e+42   9.248589171715405e+42 
  57164.47764411028  1656347582568508.0  2930160135532402.0  4390057428823799.0   5019.158027182069   5626.625859589357   6777.825102305478  3.7902892911173896e+42   5.748641657703409e+42   9.030588954626189e+42 
  57167.30656641604  1632014409365315.0  2876267610857742.0  4338385529405988.5   5019.158027182069   5626.625859589357   6777.825102305478   3.653188921924261e+42   5.561713456127119e+42   8.808888097098558e+42 
 57170.135488721804  1608157240913269.0  2823758425242872.0  4285477923691933.5   5019.158027182069   5626.625859589357   6777.825102305478   3.522028154818171e+42  5.3738944795822225e+42   8.593037515137816e+42 
  57172.96441102757  1583885139449870.8  2772708494886260.0  4232727246992944.0   5019.158027182069   5626.625859589357   6777.825102305478   3.396502350408794e+42   5.193534529044693e+42    8.38285630131051e+42 
 57175.793333333335  1558260034699542.2  2729382669674389.0  4180712278726469.5   5019.158027182069   5626.625859589357   6777.825102305478   3.276327523386597e+42  5.0195018090988393e+42   8.158199534909063e+42 
   57178.6222556391  1534988642804476.5  2686942730972381.5  4129419254868059.5   5019.158027182069   5626.625859589357   6777.825102305478   3.164055869594251e+42   4.847943152807484e+42   7.937761330156686e+42 
 57181.451177944866  1511426105191427.2  2652475368852400.5  4078832952376211.5   5019.158027182069   5626.625859589357   6777.825102305478  3.0563643367001877e+42  4.6833251345901474e+42   7.723729517077868e+42 
  57184.28010025063  1487316959923955.8  2616368019247292.0  4028941933763095.5   5019.158027182069   5626.625859589357   6777.825102305478  2.9530298650042495e+42    4.52662347122356e+42   7.515913159753901e+42 
  57187.10902255639  1463720555651592.8  2575945448154300.0  3982140073844694.5   5019.158027182069   5626.625859589357   6777.825102305478   2.853843065400123e+42   4.383960069485821e+42     7.3074178554934e+42 
 57189.937944862155  1440623143084259.0  2534365257200200.5  3937155855441767.0   5019.158027182069   5626.625859589357   6777.825102305478  2.7586149463699656e+42   4.237078628082365e+42    7.10583974520189e+42 
  57192.76686716792  1418011450522919.2  2496515538558673.0  3890566234261433.5   5019.158027182069   5626.625859589357   6777.825102305478   2.667158036536203e+42   4.096029378486826e+42   6.929673455572808e+42 
 57195.595789473686  1397218072193630.5  2459069262579616.0  3844489427055069.5   5019.158027182069   5626.625859589357   6777.825102305478  2.5793000229346722e+42   3.960544706795819e+42   6.758230488336923e+42 
  57198.42471177945  1378593518881020.8  2419989470390084.0  3798996975393831.0   5019.158027182069   5626.625859589357   6777.825102305478  2.4948763310854646e+42  3.8402964224249964e+42   6.591371339837196e+42 
  57201.25363408522  1360289023323276.8  2381732903850453.0  3754081733307806.0   5019.158027182069   5626.625859589357   6777.825102305478  2.4137302147701032e+42   3.728582163615352e+42   6.428965171101822e+42 
  57204.08255639098  1342297318480056.0  2344277494409085.0  3709736336706414.0   5019.158027182069   5626.625859589357   6777.825102305478  2.3357151963289002e+42  3.6295811885639566e+42   6.268056981834241e+42 
  57206.91147869674  1324053017023785.2  2307592584439842.0  3665944967793746.5   5019.158027182069   5626.625859589357   6777.825102305478   2.260669767091308e+42   3.525311973257766e+42   6.111340226488856e+42 
 57209.740401002506  1305212198524211.8  2272642330862973.5  3622722252795988.0   5019.158027182069   5626.625859589357   6777.825102305478   2.188511031016115e+42   3.422295940889463e+42   5.958846229259367e+42 
  57212.56932330827  1287284392405445.0  2239098845603534.5  3580045278269206.5   5019.158027182069   5626.625859589357   6777.825102305478   2.123427273053769e+42   3.314191441364386e+42    5.81041247313143e+42 
  57215.39824561404  1268007360680649.2  2206197427291963.2  3537909877395136.5   5019.158027182069   5626.625859589357   6777.825102305478   2.061027174688419e+42   3.210091420390003e+42   5.665927330566767e+42 
   57218.2271679198  1248705560040005.2  2173925109190733.5  3496309468961062.0   5019.158027182069   5626.625859589357   6777.825102305478  2.0008208537469482e+42   3.109825700394537e+42   5.524569325454251e+42 
  57221.05609022557  1229102846033247.8  2142267178505105.5  3455238124051614.5   5019.158027182069   5626.625859589357   6777.825102305478  1.9440319405502755e+42   3.013230520944451e+42  5.3827042671085515e+42 
  57223.88501253133  1209917130929968.2  2111209668722183.5  3414689861381027.5   5019.158027182069   5626.625859589357   6777.825102305478   1.883914602271428e+42   2.920809430559606e+42  5.2447612670929605e+42 
  57226.71393483709  1191137273810124.0  2080738651075820.0  3374658849909013.0   5019.158027182069   5626.625859589357   6777.825102305478   1.825099953787441e+42   2.833342141116332e+42   5.110628050263845e+42 
  57229.54285714286  1172752571473478.0  2050841302197796.2  3335139255353057.5   5019.158027182069   5626.625859589357   6777.825102305478  1.7684827266956758e+42   2.756899234798475e+42   4.980198291748914e+42 
  57232.37177944862  1154751671676102.5  2021504148419663.8  3296124826610525.5   5019.158027182069   5626.625859589357   6777.825102305478   1.713966118756816e+42   2.674802102851098e+42  4.8533621514101566e+42 
  57235.20070175439  1137124754784712.8  1992714602815457.0  3256989772143369.5   5019.158027182069   5626.625859589357   6777.825102305478  1.6614603998822752e+42   2.594346033440463e+42   4.730019447706597e+42 
  57238.02962406015  1119861625574201.8  1964460151022547.5  3218097945735270.0   5019.158027182069   5626.625859589357   6777.825102305478  1.6108795363612883e+42  2.5283156643444796e+42  4.6100686418157147e+42 
  57240.85854636592  1102952875013496.1  1936728983153360.8  3179715612373374.5   5019.158027182069   5626.625859589357   6777.825102305478  1.5621422879758003e+42  2.4600681705825884e+42  4.4934128890834507e+42 
 57243.687468671684  1086389080617410.5  1909509019134878.8  3141836640098079.5   5019.158027182069   5626.625859589357   6777.825102305478   1.515170015674601e+42    2.38850560424308e+42   4.379958408762257e+42 
  57246.51639097744  1070161245959452.1  1882788858277739.5  3104455479987141.0   5019.158027182069   5626.625859589357   6777.825102305478  1.4698893154897035e+42  2.3200410981554826e+42  4.2696125090976213e+42 
  57249.34531328321  1054260590971854.9  1858048626886293.0  3067565982586861.5   5019.158027182069   5626.625859589357   6777.825102305478  1.4262289660237265e+42   2.254461000130942e+42   4.162286180332271e+42 
  57252.17423558897  1038678650352940.5  1833784722607975.5  3031162346410256.5   5019.158027182069   5626.625859589357   6777.825102305478  1.3841215967598707e+42    2.19101283957844e+42  4.0578934272273786e+42 
  57255.00315789474  1023385978343172.2  1809923262575242.5  2995238789224346.0   5019.158027182069   5626.625859589357   6777.825102305478  1.3435031256580936e+42   2.129617889232631e+42  3.9563493551377017e+42 
 57257.832080200504  1008215477221142.4  1786456594273120.5  2959789498591583.0   5019.158027182069   5626.625859589357   6777.825102305478  1.3043123150482168e+42  2.0702008337174112e+42  3.8575728621489816e+42 
  57260.66100250627   993362061910955.8  1762353959918281.0  2924808777465122.5   5019.158027182069   5626.625859589357   6777.825102305478  1.2664909274249547e+42  2.0126894209910538e+42   3.761260183479452e+42 
 57263.489924812035   978817237620254.4  1737982061158326.5  2890291084611033.0   5019.158027182069   5626.625859589357   6777.825102305478  1.2299835430617987e+42  1.9570144244214988e+42  3.6673768275890425e+42 
  57266.31884711779   964572774761480.0  1714070392577106.2  2856230598557348.0   5019.158027182069   5626.625859589357   6777.825102305478  1.1947370980019624e+42   1.903109567716886e+42  3.5760800244290593e+42 
  57269.14776942356   950615053924729.2  1690598993206523.5  2822609851394593.0   5019.158027182069   5626.625859589357   6777.825102305478  1.1606881024770335e+42  1.8508964116138512e+42  3.4872636216560486e+42 
 57271.976691729324   936950740133788.8  1667580865393366.0  2789453357139573.5   5019.158027182069   5626.625859589357   6777.825102305478    1.12761461568679e+42  1.8003503913654252e+42  3.4009306402017655e+42 
  57274.80561403509   923562003198304.9  1644391306995237.0  2756733412508996.0   5019.158027182069   5626.625859589357   6777.825102305478  1.0953653901586132e+42  1.7513868306435458e+42   3.316951582178889e+42 
 57277.634536340855   910442551959854.6  1620995235187228.0  2725986286959643.5   5019.158027182069   5626.625859589357   6777.825102305478  1.0642156957629947e+42  1.7039514444494202e+42   3.235265645995666e+42 
  57280.46345864662   897585833810727.5  1598059717647552.5  2696201327671019.5   5019.158027182069   5626.625859589357   6777.825102305478  1.0341225276572648e+42  1.6579912456050853e+42   3.155805205331418e+42 
 57283.292380952385   884985087138833.8  1575573236690378.0  2665892754130630.5   5019.158027182069   5626.625859589357   6777.825102305478  1.0050443523682134e+42    1.61345381604494e+42  3.0785061848555075e+42 
  57286.12130325814   872633938477993.2  1553524438831142.0  2634057589506127.5   5019.158027182069   5626.625859589357   6777.825102305478   9.769412962874629e+41  1.5702899627594092e+42   3.003305615491787e+42 
  57288.95022556391   860526083154990.8  1531902362670056.8  2602708701694870.5   5019.158027182069   5626.625859589357   6777.825102305478   9.497753390062158e+41   1.528451689241073e+42  2.9301424218608564e+42 
 57291.779147869674   848655456108238.0  1510696317139029.8  2571837015939997.5   5019.158027182069   5626.625859589357   6777.825102305478   9.235717101875614e+41   1.487893394658802e+42   2.858957559730251e+42 
  57294.60807017544   837015954706147.2  1489895957469894.5  2540787069665217.0   5019.158027182069   5626.625859589357   6777.825102305478   8.982730399874535e+41  1.4485702433503716e+42   2.789692635425823e+42 
 57297.436992481205   825601822145811.5  1469491269446578.5  2508568521950753.0   5019.158027182069   5626.625859589357   6777.825102305478    8.74080344267339e+41  1.4104397059871878e+42   2.722291911793467e+42 
  57300.26591478697   814407454074518.5  1449472519310018.8  2476889690611699.0   5019.158027182069   5626.625859589357   6777.825102305478   8.508126999723132e+41  1.3734607839016729e+42  2.6567010941669434e+42 
 57303.094837092736   803427390204900.1  1429830251630951.0  2445739124422618.5   5019.158027182069   5626.625859589357   6777.825102305478   8.282908215638724e+41  1.3375940875139646e+42  2.5928677558348317e+42 
 57305.923759398494   792656358521814.5  1410555314348989.0  2415209452713156.5   5019.158027182069   5626.625859589357   6777.825102305478   8.064699933146196e+41  1.3028017308064137e+42  2.5307405988058358e+42 
  57308.75268170426   782089248290798.4  1391638849303487.0  2387721381374050.0   5019.158027182069   5626.625859589357   6777.825102305478    7.85325085875537e+41  1.2690474208108248e+42   2.473085006707796e+42 
 57311.581604010025   771721066420165.6  1373072236987817.8  2360598523605028.5   5019.158027182069   5626.625859589357   6777.825102305478   7.648319673376406e+41  1.2362960209933933e+42  2.4174390507938426e+42 
  57314.41052631579   761547008956924.2  1354847129914638.5  2333835978179292.0   5019.158027182069   5626.625859589357   6777.825102305478   7.451603039963235e+41  1.2045138016202396e+42   2.362286547592916e+42 
 57317.239448621556   751562403174657.8  1336955427108025.0  2307428762060402.0   5019.158027182069   5626.625859589357   6777.825102305478   7.262886462508059e+41  1.1736683605329932e+42  2.3085067430873427e+42 
  57320.06837092732   741762723938236.5  1319389310025538.0  2281371917170958.5   5019.158027182069   5626.625859589357   6777.825102305478   7.079822298027755e+41  1.1437283773447934e+42   2.256063487854748e+42 
  57322.89729323309   732143540058487.1  1302141115521240.8  2255660617046368.0   5019.158027182069   5626.625859589357   6777.825102305478   6.902754143340923e+41  1.1146637573535727e+42    2.20492151720223e+42 
 57325.726215538845   722700562017468.6  1285203415946768.0  2230290072766439.5   5019.158027182069   5626.625859589357   6777.825102305478   6.732387434559421e+41  1.0864455079208825e+42  2.1550465282214256e+42 
  57328.55513784461   713429662634296.5  1268569048508531.0  2205255546847401.5   5019.158027182069   5626.625859589357   6777.825102305478  6.5670312881387695e+41  1.0590457420699428e+42  2.1064052081858484e+42 
 57331.384060150376   704326768672640.4  1252231018638717.5  2180552364049881.0   5019.158027182069   5626.625859589357   6777.825102305478    6.40651575092042e+41  1.0324375970739128e+42  2.0589652500003984e+42 
  57334.21298245614   695380600151983.8  1236182488816971.5  2156175903197377.8   5019.158027182069   5626.625859589357   6777.825102305478   6.250677431396778e+41  1.0065952054704458e+42  2.0126949515117983e+42 
  57337.04190476191   686467444286202.6  1220416874723035.0  2131633639064597.8   5019.158027182069   5626.625859589357   6777.825102305478   6.096216042169827e+41   9.814936535752923e+41  1.9675635537592985e+42 
  57339.87082706767   677706153631071.0  1204927751128433.5  2106351287744490.5   5019.158027182069   5626.625859589357   6777.825102305478   5.945753925846908e+41   9.571089670289033e+41  1.9235411799802473e+42 
  57342.69974937344   669093443744743.0  1189708871887328.5  2081425998619218.8   5019.158027182069   5626.625859589357   6777.825102305478  5.7988094806989326e+41    9.33417970497595e+41   1.880598782738509e+42 
 57345.528671679196   660624027907182.0  1174749025901952.5  2056844697807718.0   5019.158027182069   5626.625859589357   6777.825102305478   5.653823257364808e+41   9.103922134346125e+41  1.8386961309708135e+42 
  57348.35759398496   652300177524597.9  1160056138828002.5  2032621124239966.0   5019.158027182069   5626.625859589357   6777.825102305478   5.513231883197903e+41   8.880262283358528e+41  1.7978364226094238e+42 
  57351.18651629073   644114836945293.6  1146143087056389.5  2008735013114701.5   5019.158027182069   5626.625859589357   6777.825102305478   5.376786655974451e+41   8.662869644724135e+41  1.7580743328727432e+42 
  57354.01543859649   636065527348715.1  1132472949382488.2  1985182802345071.2   5019.158027182069   5626.625859589357   6777.825102305478   5.244359045645322e+41    8.45156113946334e+41  1.7195798384091588e+42 
  57356.84436090226   628207264390413.0  1119010248633425.9  1961959997891648.0   5019.158027182069   5626.625859589357   6777.825102305478  5.1158156000953066e+41   8.246149053891126e+41  1.6820324790382192e+42 
  57359.67328320802   620550104946644.4  1105751449965032.4  1939061111875575.8   5019.158027182069   5626.625859589357   6777.825102305478  4.9910261822071496e+41    8.04644629936835e+41  1.6454067985382055e+42 
  57362.50220551379   613021019342348.0  1092692681688608.5  1916481363983380.5   5019.158027182069   5626.625859589357   6777.825102305478    4.86986220607948e+41   7.852276403299981e+41  1.6104941116666978e+42 
  57365.33112781955   605617314624015.1  1079830348198670.5  1894215735976720.2   5019.158027182069   5626.625859589357   6777.825102305478  4.7527708742838895e+41   7.663466217691383e+41  1.5768709660305593e+42 
  57368.16005012531   598336347068037.9  1067160848203639.4  1872259338880054.5   5019.158027182069   5626.625859589357   6777.825102305478   4.639189972318316e+41   7.479849356143721e+41  1.5440225948198006e+42 
  57370.98897243108   591175486420776.4  1054680680134339.5  1850607191177529.5   5019.158027182069   5626.625859589357   6777.825102305478  4.5288183920247555e+41    7.31168633164415e+41   1.511929771306567e+42 
  57373.81789473684   584132211748732.0  1042386376674235.8  1829254504606725.2   5019.158027182069   5626.625859589357   6777.825102305478   4.421121179616297e+41    7.14814353486485e+41  1.4805740632499145e+42 
  57376.64681704261   577204058510225.8  1030274559549904.8  1808196560319708.0   5019.158027182069   5626.625859589357   6777.825102305478   4.313889103606864e+41   6.988910939428682e+41  1.4499374165621946e+42 
 57379.475739348374   570388633184225.0  1018341946570647.1  1787428708728070.2   5019.158027182069   5626.625859589357   6777.825102305478   4.209703519438822e+41   6.833858405681347e+41  1.4200022425138783e+42 
  57382.30466165414   563683599472135.5  1006585337755915.0  1766946381914977.8   5019.158027182069   5626.625859589357   6777.825102305478   4.108642717620666e+41  6.6828604802165744e+41  1.3907514171535625e+42 
   57385.1335839599   557055420828843.6   995001541424200.4  1746745093310619.2   5019.158027182069   5626.625859589357   6777.825102305478   4.011044898367541e+41   6.535796189995491e+41  1.3621683245911038e+42 
  57387.96250626566  550463912274325.56   983587469284607.1  1726820482150876.8   5019.158027182069   5626.625859589357   6777.825102305478  3.9161919685632725e+41   6.392548444988767e+41   1.334236562139209e+42 
  57390.79142857143   544118275984758.3   972340101296587.4  1707168180117982.0   5019.158027182069   5626.625859589357   6777.825102305478   3.823994313505522e+41  6.2530040156447205e+41  1.3069402102693445e+42 
 57393.620350877194  538074979526964.25   961256478868965.5  1687783904702447.8   5019.158027182069   5626.625859589357   6777.825102305478  3.7343658056834035e+41   6.117053146345497e+41  1.2802638265960316e+42 
  57396.44927318296  532122325390822.75   950333710139216.0  1668663472362981.8   5019.158027182069   5626.625859589357   6777.825102305478   3.647223491556932e+41  5.9845899224448484e+41  1.2541923741254612e+42 
 57399.278195488725  526258604298971.06   939568959129585.1  1649802828456288.2   5019.158027182069   5626.625859589357   6777.825102305478  3.5624875091977755e+41    5.85551211408472e+41  1.2287110284886657e+42 
  57402.10711779449   520482145530082.0   928616940047592.5  1631197862458173.8   5019.158027182069   5626.625859589357   6777.825102305478  3.4800809224763635e+41  5.7297208255137665e+41  1.2039938253086724e+42 
  57404.93604010025  514791329083575.56   917821514057735.8  1612844585328893.0   5019.158027182069   5626.625859589357   6777.825102305478   3.399929613532197e+41    5.60712008863711e+41  1.1800652917139993e+42 
 57407.764962406014   509184560128365.7   907191361339224.0  1594739095313490.8   5019.158027182069   5626.625859589357   6777.825102305478   3.321962149422075e+41  5.4876175201566116e+41  1.1566676196131207e+42 
  57410.59388471178  503660274938873.06   896723309482135.2  1576877555075945.5   5019.158027182069   5626.625859589357   6777.825102305478   3.246109737324327e+41   5.371123316462677e+41   1.133788163625447e+42 
 57413.422807017545  498216956130496.56   886414261471404.8  1559256170730036.2   5019.158027182069   5626.625859589357   6777.825102305478  3.1723059916255876e+41  5.2575507796032795e+41   1.111060298352945e+42 
  57416.25172932331   492961527231376.8   876261208989997.4  1541871229738371.0   5019.158027182069   5626.625859589357   6777.825102305478  3.1004868753363294e+41    5.14681603374267e+41  1.0878595000977687e+42 
 57419.080651629076  487804120405068.06   866261189389327.0  1524719082600802.0   5019.158027182069   5626.625859589357   6777.825102305478   3.030590708617791e+41   5.038837891942898e+41  1.0651997333651047e+42 
  57421.90957393484  482716938289251.94   856411315168797.8  1508825928904374.0   5019.158027182069   5626.625859589357   6777.825102305478  2.9625579656358984e+41  4.9335377829105584e+41  1.0430672550010347e+42 
   57424.7384962406  477698832637740.06   846708768554544.5  1493321655215239.0   5019.158027182069   5626.625859589357   6777.825102305478   2.896399726652105e+41  4.8308396487831335e+41  1.0214487148957154e+42 
 57427.567418546365  472748670379197.75   837150793855096.4  1478026044800100.2   5019.158027182069   5626.625859589357   6777.825102305478   2.832704825369059e+41   4.730670017826607e+41   1.000331083846077e+42 
  57430.39634085213   467798221292370.7   827734695827848.2  1462303203061239.8   5019.158027182069   5626.625859589357   6777.825102305478   2.770677848874053e+41   4.632957466723895e+41   9.797016997029103e+41 
 57433.225263157896  462839428373144.75   818457844519236.8  1446646591646992.0   5019.158027182069   5626.625859589357   6777.825102305478  2.7090319352603917e+41   4.537633024623429e+41   9.595482615367427e+41 
  57436.05418546366   457955694798052.7   809317671473182.4  1431202493615965.2   5019.158027182069   5626.625859589357   6777.825102305478  2.6477339975493773e+41   4.440931251221644e+41   9.398587950937212e+41 
  57438.88310776943  453144055789360.56   800308405087848.5  1415962247055025.8   5019.158027182069   5626.625859589357   6777.825102305478  2.5880047329848813e+41   4.342210728692768e+41   9.206154465355078e+41 
  57441.71203007519  448407117075107.25   791436567168280.8  1400936718860227.8   5019.158027182069   5626.625859589357   6777.825102305478  2.5298380501871685e+41  4.2459538906808624e+41   9.018231591931358e+41 
  57444.54095238095  443740228447871.94   782692216131084.5  1386110784812809.5   5019.158027182069   5626.625859589357   6777.825102305478  2.4731577518105328e+41   4.152109248033663e+41    8.83458184095715e+41 
 57447.369874686716   439142562005821.2   774074354430208.5  1371483235113565.0   5019.158027182069   5626.625859589357   6777.825102305478   2.417925196763487e+41   4.060616385498715e+41   8.655115422657894e+41 
  57450.19879699248  434612929015770.75   765581061039265.0  1357353286180711.5   5019.158027182069   5626.625859589357   6777.825102305478  2.3640998579197347e+41   3.971411570114919e+41   8.479734034392646e+41 
  57453.02771929825  430150031755881.75   757210175544043.0  1343550174927130.5   5019.158027182069   5626.625859589357   6777.825102305478   2.311641611794401e+41   3.884431174176588e+41   8.308335804663107e+41 
  57455.85664160401   425752645520178.6   748959528610184.2  1329923083707540.2   5019.158027182069   5626.625859589357   6777.825102305478  2.2605115135110216e+41    3.79961333011447e+41    8.14082319084059e+41 
  57458.68556390978   421419537012118.9   740826983277507.8  1316469425839449.0   5019.158027182069   5626.625859589357   6777.825102305478  2.2106718765911905e+41   3.716898182385937e+41   7.977100564066105e+41 
  57461.51448621554   417149500398817.0   732810443576222.0  1303186644322099.8   5019.158027182069   5626.625859589357   6777.825102305478   2.162658625783916e+41  3.6362273850757166e+41   7.817074207860972e+41 
   57464.3434085213  412941353077497.06   724907857448871.9  1290072210948584.2   5019.158027182069   5626.625859589357   6777.825102305478   2.117361424314091e+41   3.557544336150342e+41   7.660652593810488e+41 
  57467.17233082707   408793937689941.6   717117214696769.2  1277123643957337.5   5019.158027182069   5626.625859589357   6777.825102305478   2.073214835296555e+41  3.4807942810432666e+41    7.50774694769917e+41 
  57470.00125313283   404706126164425.7   709577435439551.0  1264338506937447.5   5019.158027182069   5626.625859589357   6777.825102305478  2.0301554499803887e+41    3.40592412845284e+41   7.358270797106618e+41 
   57472.8301754386   400494805456188.0   702222708698653.5  1251714400749834.2   5019.158027182069   5626.625859589357   6777.825102305478  1.9882429619990046e+41   3.332882416149365e+41   7.208339131168055e+41 
  57475.65909774436   396173608595380.6   694972415752832.0  1239248964491839.0   5019.158027182069   5626.625859589357   6777.825102305478   1.947430297629646e+41  3.2616191048835128e+41   7.059315960513479e+41 
  57478.48802005013   391913405217194.8   687824687267482.2  1226939877215825.2   5019.158027182069   5626.625859589357   6777.825102305478  1.9076118972716674e+41  3.1920857789015354e+41   6.913723689048225e+41 
 57481.316942355894   387713125605084.9   680777694094004.0  1214784855876071.2   5019.158027182069   5626.625859589357   6777.825102305478  1.8687598201456065e+41   3.124235485544945e+41   6.771475935213971e+41 
  57484.14586466165   383571723237444.5   673829646781148.8  1202781654166644.2   5019.158027182069   5626.625859589357   6777.825102305478   1.830847007558131e+41  3.0580227576147957e+41   6.632488741326837e+41 
  57486.97478696742  379488174312727.56   666978795726983.2  1190928084936206.0   5019.158027182069   5626.625859589357   6777.825102305478  1.7938472915812117e+41  2.9934033894661908e+41   6.496680664213877e+41 
  57489.80370927318   375461476859282.3   660223429072275.0  1179221957956198.8   5019.158027182069   5626.625859589357   6777.825102305478   1.757735303089908e+41    2.93033455006342e+41    6.37398064481054e+41 
  57492.63263157895   371490650170258.5   653561872276962.5  1167661127708270.0   5019.158027182069   5626.625859589357   6777.825102305478  1.7224864592508257e+41  2.8687746507015996e+41   6.254001936331891e+41 
 57495.461553884714   367574734259590.0   646992486339796.5  1156243490708865.8   5019.158027182069   5626.625859589357   6777.825102305478  1.6880769697220907e+41   2.808683319221439e+41  6.1365834635597804e+41 
  57498.29047619048   363793382592672.2   640513667366240.2  1144966984430728.2   5019.158027182069   5626.625859589357   6777.825102305478  1.6544837936121627e+41   2.750021422820025e+41  6.0216653156404775e+41 
 57501.119398496245   360101440737460.7   634123845756094.2  1133829576428942.8   5019.158027182069   5626.625859589357   6777.825102305478  1.6216846178159421e+41   2.692751004738493e+41   5.909189013435207e+41 
    57503.948320802   356460135780279.8   627821485194536.5  1122829252372368.5   5019.158027182069   5626.625859589357   6777.825102305478  1.5896577860261623e+41   2.636835224164772e+41  5.7990976292490356e+41 
  57506.77724310777  352868597615525.94   621605081806921.9  1111964041901215.6   5019.158027182069   5626.625859589357   6777.825102305478   1.558382333043972e+41   2.582238265412981e+41   5.691335664062532e+41 
 57509.606165413534   349325977776068.4   615473166567024.6  1101232006512536.0   5019.158027182069   5626.625859589357   6777.825102305478  1.5278379601889421e+41   2.527035812647594e+41   5.585849008330296e+41 
   57512.4350877193   345831437842970.9   609424297959111.9  1090631239286302.0   5019.158027182069   5626.625859589357   6777.825102305478  1.4980049706432897e+41  2.4717191948856316e+41   5.482584990822744e+41 
 57515.264010025065   342384162220588.4   603457061018660.8  1080159863484897.0   5019.158027182069   5626.625859589357   6777.825102305478  1.4688642468873428e+41  2.4177353557127722e+41   5.381492069099814e+41 
  57518.09293233083   338983351504118.5   597570073691225.4  1069816035604248.2   5019.158027182069   5626.625859589357   6777.825102305478  1.4403972764319233e+41  2.3650490466620587e+41   5.282520069634989e+41 
 57520.921854636596   335628224047983.9   591761984623665.2  1059597940282006.1   5019.158027182069   5626.625859589357   6777.825102305478  1.4125861214466349e+41  2.3136260613929534e+41    5.18562007137192e+41 
 57523.750776942354   332318010761649.8   586031466773895.8  1049503786078508.5   5019.158027182069   5626.625859589357   6777.825102305478  1.3854133641828676e+41  2.2634331314568135e+41    5.09074436671902e+41 
  57526.57969924812  329051960707195.56   580377222957153.8  1039531814501826.1   5019.158027182069   5626.625859589357   6777.825102305478  1.3588621139431984e+41  2.2144379807807065e+41   4.997846545036006e+41 
 57529.408621553885  325829338265997.44   574797981133460.5  1029680302191288.4   5019.158027182069   5626.625859589357   6777.825102305478  1.3329159925626527e+41   2.166609263286337e+41   4.906881155004721e+41 
  57532.23754385965   322649422767687.2   569292492851559.5  1019947552314057.0   5019.158027182069   5626.625859589357   6777.825102305478  1.3069463970936542e+41  2.1199165333948986e+41   4.817803899713763e+41 
 57535.066466165415   319511508142250.8   563859537500970.6  1010331876163980.6   5019.158027182069   5626.625859589357   6777.825102305478  1.2804086428625698e+41   2.076888641677137e+41   4.730571623516484e+41 
  57537.89538847118  316414902556419.75  558497920207817.75  1000831625245141.9   5019.158027182069   5626.625859589357   6777.825102305478  1.2544877007802688e+41  2.0352259702532158e+41  4.6451422246888774e+41 
  57540.72431077695  313358928070215.06   553206467205098.5   991445177381306.4   5019.158027182069   5626.625859589357   6777.825102305478   1.229167472637425e+41  1.9945220135317207e+41  4.5614746478273634e+41 
 57543.553233082705   310342920304009.5   547984029821814.4   982170936258795.6   5019.158027182069   5626.625859589357   6777.825102305478  1.2045601178509534e+41  1.9547519963669753e+41   4.479528868954761e+41 
  57546.38215538847   307366228112832.4   542829482278857.9   973007331134201.6   5019.158027182069   5626.625859589357   6777.825102305478  1.1810057193842416e+41  1.9158918567784918e+41   4.399265782729104e+41 
 57549.211077694235   304428213271480.2   537741721142037.1   963952816093202.5   5019.158027182069   5626.625859589357   6777.825102305478  1.1579857403689017e+41  1.8779182236430604e+41  4.3206472750154626e+41 
           57552.04  301528251292880.94  532719664792099.75   955005869529395.1   5019.158027182069   5626.625859589357   6777.825102305478  1.1354864719070282e+41   1.840808407103359e+41    4.24363616664604e+41 
