# Wavelength Flux Sigma
# STATUS = PUBLIC
# OBJECT = 2013dg
# TELESCOPE =
# INSTRUMENT =
# DATE-OBS =
# MJD =
# EXPTIME =
# SLIT =
# DISPERSER =
# SOURCE =
# FILTER =
# FLUX_STANDARD =
# EXTINCTION_CORRECTED =
# PHOTOMETRY_CALIBRATED =
# FLUX_UNITS =
# QUALITY =
# MIN_WAVE =
# MAX_WAVE =
# COMMENT =
3700.0 0.241448 0.137246
3702.0 0.243853 0.137062
3704.0 0.18083 0.137388
3706.0 0.200367 0.137417
3708.0 0.266644 0.138156
3710.0 0.172873 0.139256
3712.0 0.11327 0.138567
3714.0 0.185851 0.138964
3716.0 0.183413 0.139456
3718.0 0.157137 0.1393
3720.0 0.248572 0.139207
3722.0 0.171309 0.139469
3724.0 0.202236 0.139409
3726.0 0.210237 0.139326
3728.0 0.237243 0.139276
3730.0 0.243781 0.139427
3732.0 0.156949 0.138885
3734.0 0.169084 0.139698
3736.0 0.153126 0.140735
3738.0 0.191777 0.141856
3740.0 0.219652 0.143993
3742.0 0.108767 0.146247
3744.0 0.171172 0.146218
3746.0 0.144202 0.145166
3748.0 0.195372 0.144117
3750.0 0.109504 0.143575
3752.0 0.196602 0.143839
3754.0 0.16115 0.143471
3756.0 0.210667 0.14292
3758.0 0.128082 0.142507
3760.0 0.256374 0.141198
3762.0 0.142431 0.138942
3764.0 0.206083 0.137657
3766.0 0.157097 0.137861
3768.0 0.175045 0.136597
3770.0 0.183466 0.135404
3772.0 0.154942 0.135432
3774.0 0.188768 0.135122
3776.0 0.13647 0.133604
3778.0 0.160386 0.132316
3780.0 0.151548 0.130067
3782.0 0.13769 0.128856
3784.0 0.171976 0.127007
3786.0 0.146308 0.125093
3788.0 0.248174 0.126142
3790.0 0.179965 0.126067
3792.0 0.154289 0.124498
3794.0 0.155538 0.12216
3796.0 0.1608 0.121669
3798.0 0.120882 0.120628
3800.0 0.190332 0.11991
3802.0 0.187067 0.118874
3804.0 0.0939315 0.11798
3806.0 0.159593 0.116895
3808.0 0.193863 0.116557
3810.0 0.200579 0.116726
3812.0 0.116229 0.118606
3814.0 0.124291 0.11963
3816.0 0.149495 0.117801
3818.0 0.155206 0.116017
3820.0 0.153534 0.114781
3822.0 0.175266 0.114262
3824.0 0.106727 0.113416
3826.0 0.119047 0.112989
3828.0 0.201905 0.113754
3830.0 0.225905 0.114888
3832.0 0.177921 0.114278
3834.0 0.178454 0.111869
3836.0 0.174415 0.111221
3838.0 0.184533 0.109441
3840.0 0.174077 0.110506
3842.0 0.151227 0.110845
3844.0 0.200258 0.111807
3846.0 0.17799 0.11298
3848.0 0.127406 0.132576
3850.0 0.184757 0.142587
3852.0 0.188492 0.134002
3854.0 0.206772 0.122928
3856.0 0.184714 0.115882
3858.0 0.146262 0.104563
3860.0 0.217278 0.106475
3862.0 0.160679 0.11301
3864.0 0.157817 0.11
3866.0 0.179893 0.0984516
3868.0 0.194089 0.0945735
3870.0 0.161682 0.0930287
3872.0 0.169271 0.0922779
3874.0 0.150986 0.0912677
3876.0 0.210313 0.0901031
3878.0 0.161717 0.0891943
3880.0 0.154053 0.0880655
3882.0 0.221968 0.08753
3884.0 0.208858 0.0869717
3886.0 0.103626 0.0854629
3888.0 0.178792 0.085151
3890.0 0.241084 0.0852941
3892.0 0.25517 0.0849323
3894.0 0.334515 0.0834694
3896.0 0.226722 0.0830938
3898.0 0.12695 0.083541
3900.0 0.154857 0.0829991
3902.0 0.220868 0.0822082
3904.0 0.179779 0.0808504
3906.0 0.154147 0.0799976
3908.0 0.13244 0.0791766
3910.0 0.194433 0.0776851
3912.0 0.168009 0.0768939
3914.0 0.091893 0.0764488
3916.0 0.148466 0.0755181
3918.0 0.244866 0.0748661
3920.0 0.209216 0.0746254
3922.0 0.151737 0.0734477
3924.0 0.172861 0.0729171
3926.0 0.135956 0.0726631
3928.0 0.119234 0.0721922
3930.0 0.207272 0.0724934
3932.0 0.139619 0.0722108
3934.0 0.0906301 0.0718861
3936.0 0.152979 0.0714846
3938.0 0.155437 0.0718332
3940.0 0.119762 0.0723724
3942.0 0.182379 0.0709997
3944.0 0.170951 0.0698092
3946.0 0.138628 0.0687058
3948.0 0.146697 0.0683639
3950.0 0.153676 0.067972
3952.0 0.182667 0.0683101
3954.0 0.163856 0.0678996
3956.0 0.15413 0.067649
3958.0 0.136528 0.0664923
3960.0 0.121336 0.0665777
3962.0 0.145061 0.0656015
3964.0 0.177055 0.0655395
3966.0 0.108988 0.0645723
3968.0 0.0964472 0.0644014
3970.0 0.114611 0.0648398
3972.0 0.177829 0.0646301
3974.0 0.136823 0.0640746
3976.0 0.111895 0.0636367
3978.0 0.135119 0.0630807
3980.0 0.106325 0.0625905
3982.0 0.14324 0.062517
3984.0 0.16119 0.062161
3986.0 0.164111 0.061428
3988.0 0.159926 0.0618439
3990.0 0.0966055 0.062141
3992.0 0.118914 0.0616268
3994.0 0.149235 0.060507
3996.0 0.155881 0.059604
3998.0 0.198977 0.0588748
4000.0 0.157395 0.0593869
4002.0 0.154045 0.0596792
4004.0 0.153359 0.0586347
4006.0 0.0911045 0.0578175
4008.0 0.156915 0.0576708
4010.0 0.0930674 0.0574781
4012.0 0.177431 0.0571031
4014.0 0.167354 0.0569203
4016.0 0.14099 0.056483
4018.0 0.169868 0.0562663
4020.0 0.16001 0.0560292
4022.0 0.12696 0.0558647
4024.0 0.144651 0.0551705
4026.0 0.186193 0.0555994
4028.0 0.132395 0.0568296
4030.0 0.132537 0.0573715
4032.0 0.152461 0.0563275
4034.0 0.153923 0.0555138
4036.0 0.124363 0.0552591
4038.0 0.160559 0.0553459
4040.0 0.170013 0.0551761
4042.0 0.171506 0.054814
4044.0 0.13454 0.0547591
4046.0 0.0416476 0.0540025
4048.0 0.154036 0.0534894
4050.0 0.256546 0.0537012
4052.0 0.118314 0.0536938
4054.0 0.150071 0.0535189
4056.0 0.152913 0.0530878
4058.0 0.0961062 0.0524685
4060.0 0.132122 0.0532087
4062.0 0.145682 0.0534223
4064.0 0.136303 0.0532688
4066.0 0.153544 0.0529799
4068.0 0.168863 0.0528152
4070.0 0.177686 0.0525159
4072.0 0.115852 0.0538112
4074.0 0.158012 0.0547597
4076.0 0.119456 0.054275
4078.0 0.101858 0.0527676
4080.0 0.147407 0.0521944
4082.0 0.155805 0.0523063
4084.0 0.0934895 0.0524541
4086.0 0.0866766 0.0517962
4088.0 0.0926584 0.0518399
4090.0 0.130116 0.0519119
4092.0 0.152054 0.0598264
4094.0 0.124676 0.0639638
4096.0 0.179816 0.0529138
4098.0 0.131501 0.0518029
4100.0 0.14753 0.0519705
4102.0 0.157942 0.0526917
4104.0 0.142557 0.0542867
4106.0 0.173863 0.0583943
4108.0 0.174379 0.0602012
4110.0 0.147832 0.0606028
4112.0 0.129819 0.0596846
4114.0 0.174922 0.0561624
4116.0 0.136342 0.0532504
4118.0 0.136084 0.0525328
4120.0 0.135344 0.0499235
4122.0 0.155097 0.0486491
4124.0 0.167291 0.0482695
4126.0 0.142956 0.0471814
4128.0 0.161208 0.0462814
4130.0 0.138249 0.0469783
4132.0 0.121504 0.0477692
4134.0 0.109667 0.0465552
4136.0 0.167045 0.0447813
4138.0 0.155027 0.0443742
4140.0 0.166763 0.0445048
4142.0 0.180733 0.0460036
4144.0 0.144277 0.04628
4146.0 0.151251 0.0448602
4148.0 0.14602 0.0433641
4150.0 0.106642 0.042539
4152.0 0.191152 0.0418981
4154.0 0.181272 0.041044
4156.0 0.119115 0.0404825
4158.0 0.222937 0.0407729
4160.0 0.196056 0.0420156
4162.0 0.168507 0.0416968
4164.0 0.163806 0.0394606
4166.0 0.124871 0.0379993
4168.0 0.122093 0.0375529
4170.0 0.154567 0.0373688
4172.0 0.149661 0.0380159
4174.0 0.137963 0.0377718
4176.0 0.145999 0.0372464
4178.0 0.125707 0.037328
4180.0 0.131399 0.0373039
4182.0 0.156434 0.0370541
4184.0 0.147179 0.0368796
4186.0 0.138232 0.036886
4188.0 0.148238 0.0371591
4190.0 0.171682 0.0368761
4192.0 0.124813 0.0369446
4194.0 0.112013 0.0384504
4196.0 0.125471 0.0397156
4198.0 0.141801 0.0392033
4200.0 0.156064 0.0374971
4202.0 0.179386 0.0368004
4204.0 0.14764 0.0365994
4206.0 0.122964 0.0370147
4208.0 0.15442 0.0379369
4210.0 0.122848 0.037971
4212.0 0.119172 0.0381471
4214.0 0.119134 0.0375322
4216.0 0.115896 0.0380421
4218.0 0.132577 0.0419228
4220.0 0.153154 0.045553
4222.0 0.125638 0.0465733
4224.0 0.138533 0.0451247
4226.0 0.1165 0.0417964
4228.0 0.144942 0.0397032
4230.0 0.136623 0.0394873
4232.0 0.122046 0.038905
4234.0 0.116039 0.0380271
4236.0 0.131143 0.0375489
4238.0 0.160702 0.037274
4240.0 0.139852 0.0372475
4242.0 0.126334 0.0404352
4244.0 0.152333 0.0646622
4246.0 0.0812084 0.0773973
4248.0 0.0821163 0.0671402
4250.0 0.150922 0.0448246
4252.0 0.145551 0.0395587
4254.0 0.126753 0.0399568
4256.0 0.141848 0.0385221
4258.0 0.118058 0.0361045
4260.0 0.123262 0.0352784
4262.0 0.181428 0.0351636
4264.0 0.115023 0.0349562
4266.0 0.153172 0.0349316
4268.0 0.142477 0.0347428
4270.0 0.112251 0.0340296
4272.0 0.140542 0.0332232
4274.0 0.124652 0.034995
4276.0 0.134356 0.0397222
4278.0 0.108686 0.0404906
4280.0 0.150115 0.0382838
4282.0 0.13533 0.0368288
4284.0 0.171346 0.0359843
4286.0 0.156574 0.0350179
4288.0 0.151127 0.0333971
4290.0 0.127448 0.0316058
4292.0 0.14726 0.031201
4294.0 0.158167 0.0310213
4296.0 0.155726 0.0312315
4298.0 0.147699 0.0309188
4300.0 0.110585 0.030578
4302.0 0.148385 0.0299458
4304.0 0.141634 0.0296226
4306.0 0.148658 0.0300763
4308.0 0.125064 0.0301899
4310.0 0.166197 0.0297957
4312.0 0.181352 0.0296184
4314.0 0.181955 0.0299212
4316.0 0.105648 0.0295902
4318.0 0.106632 0.028967
4320.0 0.163288 0.0286528
4322.0 0.107611 0.0289038
4324.0 0.106802 0.0291041
4326.0 0.222726 0.0291832
4328.0 0.158711 0.0293581
4330.0 0.104078 0.0299652
4332.0 0.156793 0.030928
4334.0 0.145564 0.0305976
4336.0 0.122723 0.0296965
4338.0 0.172519 0.0305734
4340.0 0.168244 0.0308397
4342.0 0.120301 0.0296032
4344.0 0.191142 0.0281055
4346.0 0.182869 0.0280465
4348.0 0.146154 0.0283157
4350.0 0.156941 0.0297713
4352.0 0.143376 0.0309294
4354.0 0.137883 0.0299921
4356.0 0.13239 0.02841
4358.0 0.126897 0.0287265
4360.0 0.121404 0.0309892
4362.0 0.121404 0.0299904
4364.0 0.138934 0.0316911
4366.0 0.127397 0.0309707
4368.0 0.143492 0.0287661
4370.0 0.147565 0.0279526
4372.0 0.151411 0.0273882
4374.0 0.139538 0.0268497
4376.0 0.172094 0.027034
4378.0 0.130376 0.0271264
4380.0 0.122148 0.0266727
4382.0 0.138019 0.0260108
4384.0 0.152019 0.0259521
4386.0 0.111395 0.025875
4388.0 0.0939225 0.0256528
4390.0 0.110842 0.0257249
4392.0 0.169728 0.0256282
4394.0 0.154322 0.0252522
4396.0 0.152367 0.0247628
4398.0 0.127952 0.0245938
4400.0 0.130472 0.0246458
4402.0 0.151381 0.0248033
4404.0 0.11838 0.0247983
4406.0 0.161533 0.0248681
4408.0 0.171768 0.0254007
4410.0 0.11346 0.025535
4412.0 0.159052 0.0251165
4414.0 0.142542 0.0246813
4416.0 0.0984001 0.0244085
4418.0 0.0871956 0.0244356
4420.0 0.151438 0.0242796
4422.0 0.111884 0.0238822
4424.0 0.115648 0.0238984
4426.0 0.126425 0.0237077
4428.0 0.144557 0.0238653
4430.0 0.126805 0.0243015
4432.0 0.156004 0.0245085
4434.0 0.115055 0.0245451
4436.0 0.115478 0.0248454
4438.0 0.102665 0.0249493
4440.0 0.117856 0.0239484
4442.0 0.145303 0.0232723
4444.0 0.132513 0.0266085
4446.0 0.151392 0.0288297
4448.0 0.136201 0.0273831
4450.0 0.133777 0.0241929
4452.0 0.148282 0.0232757
4454.0 0.164292 0.0232557
4456.0 0.158034 0.0233912
4458.0 0.139332 0.0231816
4460.0 0.14775 0.0226924
4462.0 0.146017 0.0224679
4464.0 0.143226 0.0221952
4466.0 0.15723 0.022198
4468.0 0.152174 0.0221853
4470.0 0.160411 0.0222681
4472.0 0.133626 0.0223013
4474.0 0.137255 0.022231
4476.0 0.103883 0.0223849
4478.0 0.132348 0.0224076
4480.0 0.138779 0.0226603
4482.0 0.151276 0.0226776
4484.0 0.112006 0.0226562
4486.0 0.136846 0.0222469
4488.0 0.169946 0.0219712
4490.0 0.12357 0.0218946
4492.0 0.112007 0.0221394
4494.0 0.101182 0.0222734
4496.0 0.130603 0.0222038
4498.0 0.117197 0.0219627
4500.0 0.178523 0.0214985
4502.0 0.161717 0.0215324
4504.0 0.130378 0.021935
4506.0 0.140462 0.0223026
4508.0 0.104835 0.0221257
4510.0 0.132177 0.0230175
4512.0 0.113633 0.025411
4514.0 0.119808 0.0260724
4516.0 0.170888 0.0243101
4518.0 0.156206 0.0243681
4520.0 0.120466 0.025112
4522.0 0.136086 0.0247747
4524.0 0.149232 0.0241713
4526.0 0.151789 0.0238088
4528.0 0.157603 0.0225379
4530.0 0.100557 0.0219047
4532.0 0.12809 0.021966
4534.0 0.14235 0.0222132
4536.0 0.129594 0.0226386
4538.0 0.108817 0.0231386
4540.0 0.151743 0.0232187
4542.0 0.133398 0.0230883
4544.0 0.120927 0.0242415
4546.0 0.110972 0.0255576
4548.0 0.129024 0.0256153
4550.0 0.150321 0.0243102
4552.0 0.131598 0.0237662
4554.0 0.153966 0.0332642
4556.0 0.151365 0.0587082
4558.0 0.111016 0.0671439
4560.0 0.124203 0.0538771
4562.0 0.11869 0.0342693
4564.0 0.150601 0.0264938
4566.0 0.129522 0.0248509
4568.0 0.110472 0.0241466
4570.0 0.12133 0.0238613
4572.0 0.139661 0.0249073
4574.0 0.121299 0.025266
4576.0 0.11184 0.0241121
4578.0 0.113288 0.0227118
4580.0 0.130624 0.0221198
4582.0 0.110856 0.0217431
4584.0 0.12136 0.0213453
4586.0 0.124124 0.0210387
4588.0 0.111941 0.0209892
4590.0 0.129437 0.021247
4592.0 0.119603 0.021267
4594.0 0.111958 0.0208249
4596.0 0.130837 0.0208887
4598.0 0.0940206 0.0217921
4600.0 0.104515 0.0222941
4602.0 0.109056 0.0217308
4604.0 0.104282 0.0207874
4606.0 0.113327 0.0208876
4608.0 0.118949 0.0209413
4610.0 0.109062 0.0207269
4612.0 0.0978075 0.0212339
4614.0 0.100798 0.0217771
4616.0 0.107961 0.021502
4618.0 0.107439 0.0207236
4620.0 0.118308 0.020626
4622.0 0.126455 0.0203315
4624.0 0.105416 0.020172
4626.0 0.118273 0.0201203
4628.0 0.130778 0.0201328
4630.0 0.12189 0.0201306
4632.0 0.132698 0.0201217
4634.0 0.143103 0.0197474
4636.0 0.129099 0.0197069
4638.0 0.134613 0.0197363
4640.0 0.103676 0.0197366
4642.0 0.0981977 0.0197151
4644.0 0.0992256 0.0196482
4646.0 0.120442 0.0197143
4648.0 0.104981 0.0194601
4650.0 0.133849 0.0193595
4652.0 0.120082 0.0193745
4654.0 0.0966648 0.0193324
4656.0 0.106476 0.0194727
4658.0 0.11328 0.0194345
4660.0 0.12226 0.0193755
4662.0 0.133133 0.0192643
4664.0 0.126045 0.0191914
4666.0 0.105819 0.0192232
4668.0 0.114911 0.0191257
4670.0 0.136718 0.0190878
4672.0 0.128921 0.0190741
4674.0 0.134442 0.0191538
4676.0 0.131339 0.0190567
4678.0 0.116709 0.0191335
4680.0 0.120026 0.0192429
4682.0 0.12651 0.0193436
4684.0 0.121574 0.0192858
4686.0 0.134159 0.0194376
4688.0 0.105462 0.0195002
4690.0 0.144183 0.0194456
4692.0 0.121458 0.0197893
4694.0 0.129169 0.0198355
4696.0 0.100408 0.0198967
4698.0 0.129406 0.0199527
4700.0 0.140239 0.0199821
4702.0 0.151615 0.019692
4704.0 0.129011 0.0194665
4706.0 0.123352 0.0194238
4708.0 0.124175 0.0191779
4710.0 0.11708 0.0191489
4712.0 0.124047 0.0191339
4714.0 0.125782 0.0190961
4716.0 0.113013 0.0190791
4718.0 0.0956515 0.0189391
4720.0 0.0879325 0.0187845
4722.0 0.128319 0.0187809
4724.0 0.0780722 0.0186553
4726.0 0.108386 0.018592
4728.0 0.122884 0.0186584
4730.0 0.135881 0.0185948
4732.0 0.0866945 0.0186496
4734.0 0.138441 0.0186172
4736.0 0.156448 0.0184226
4738.0 0.138185 0.0183285
4740.0 0.113703 0.0186104
4742.0 0.110461 0.0189362
4744.0 0.106812 0.0190038
4746.0 0.104239 0.018616
4748.0 0.11516 0.0182502
4750.0 0.113091 0.0181118
4752.0 0.110488 0.0179626
4754.0 0.125771 0.0181146
4756.0 0.10961 0.0182695
4758.0 0.113399 0.0180171
4760.0 0.0887045 0.0177816
4762.0 0.117381 0.0176179
4764.0 0.119991 0.0174692
4766.0 0.112748 0.0173241
4768.0 0.0949171 0.0172103
4770.0 0.0905265 0.0173139
4772.0 0.113011 0.0176321
4774.0 0.0928947 0.0175897
4776.0 0.129517 0.0173589
4778.0 0.151408 0.0171025
4780.0 0.115268 0.0169976
4782.0 0.115633 0.0166909
4784.0 0.118917 0.0165982
4786.0 0.146365 0.0166641
4788.0 0.137841 0.0166592
4790.0 0.113997 0.0167545
4792.0 0.118159 0.0167344
4794.0 0.114628 0.0167784
4796.0 0.112505 0.0167006
4798.0 0.117876 0.0163895
4800.0 0.116402 0.0162426
4802.0 0.104543 0.0162082
4804.0 0.100378 0.0162407
4806.0 0.145833 0.0163322
4808.0 0.115607 0.0165209
4810.0 0.127743 0.0165022
4812.0 0.117886 0.016124
4814.0 0.127897 0.0159331
4816.0 0.122116 0.0159206
4818.0 0.129879 0.0158894
4820.0 0.118932 0.0160409
4822.0 0.109914 0.0160094
4824.0 0.102679 0.0159046
4826.0 0.107572 0.0159825
4828.0 0.114495 0.0160944
4830.0 0.0937769 0.015998
4832.0 0.11283 0.0160373
4834.0 0.124845 0.0160697
4836.0 0.139816 0.0160141
4838.0 0.143999 0.01604
4840.0 0.119954 0.0159503
4842.0 0.09544 0.0159679
4844.0 0.099886 0.0159329
4846.0 0.112078 0.016009
4848.0 0.0972584 0.0161176
4850.0 0.122917 0.0163461
4852.0 0.117676 0.0163792
4854.0 0.106237 0.0164226
4856.0 0.0964512 0.0167096
4858.0 0.105411 0.0170136
4860.0 0.107041 0.0173649
4862.0 0.115029 0.017794
4864.0 0.0981876 0.0182056
4866.0 0.121226 0.0186458
4868.0 0.134446 0.0190919
4870.0 0.120331 0.0192611
4872.0 0.124737 0.0189026
4874.0 0.122947 0.0185291
4876.0 0.0938946 0.0179906
4878.0 0.103088 0.0175374
4880.0 0.106934 0.0173623
4882.0 0.105069 0.017172
4884.0 0.107435 0.0168736
4886.0 0.133774 0.0168349
4888.0 0.121628 0.0165725
4890.0 0.108493 0.0166811
4892.0 0.0956519 0.0165698
4894.0 0.0995888 0.0164375
4896.0 0.121248 0.0161839
4898.0 0.117766 0.0161085
4900.0 0.107348 0.0161474
4902.0 0.118364 0.0163282
4904.0 0.114773 0.0165105
4906.0 0.122096 0.0167791
4908.0 0.130056 0.0169374
4910.0 0.115718 0.0168395
4912.0 0.119393 0.0167238
4914.0 0.129285 0.0165383
4916.0 0.120428 0.0162884
4918.0 0.117035 0.0161477
4920.0 0.105472 0.0161433
4922.0 0.128158 0.0162613
4924.0 0.106703 0.0161077
4926.0 0.105816 0.0173436
4928.0 0.110905 0.018385
4930.0 0.101768 0.0185815
4932.0 0.0999768 0.0183729
4934.0 0.130862 0.0190785
4936.0 0.127429 0.0193685
4938.0 0.097745 0.0199952
4940.0 0.104269 0.0207239
4942.0 0.0970736 0.0211692
4944.0 0.0754537 0.0200959
4946.0 0.113325 0.0180146
4948.0 0.11727 0.0168883
4950.0 0.104894 0.0170244
4952.0 0.122485 0.0173509
4954.0 0.121476 0.0169895
4956.0 0.0883663 0.0160452
4958.0 0.114614 0.0155291
4960.0 0.143126 0.0151633
4962.0 0.125044 0.0150877
4964.0 0.102095 0.0149966
4966.0 0.104361 0.0148796
4968.0 0.119956 0.0146651
4970.0 0.143361 0.0145754
4972.0 0.091942 0.0146783
4974.0 0.127663 0.0147861
4976.0 0.150028 0.0156976
4978.0 0.102977 0.0162982
4980.0 0.133965 0.0160104
4982.0 0.127632 0.015271
4984.0 0.133823 0.0148594
4986.0 0.110785 0.0148146
4988.0 0.131182 0.0150138
4990.0 0.105365 0.0150543
4992.0 0.0988569 0.0150616
4994.0 0.115952 0.0147699
4996.0 0.125625 0.01462
4998.0 0.0959958 0.014595
5000.0 0.0932833 0.0145415
5002.0 0.113945 0.0145836
5004.0 0.127784 0.015406
5006.0 0.083949 0.0147311
5008.0 0.10905 0.0147297
5010.0 0.106109 0.0147832
5012.0 0.107856 0.014692
5014.0 0.0812068 0.0147143
5016.0 0.130443 0.0147536
5018.0 0.106031 0.01489
5020.0 0.108249 0.0150757
5022.0 0.129502 0.0151226
5024.0 0.101762 0.0152228
5026.0 0.104252 0.0153335
5028.0 0.131515 0.0153668
5030.0 0.110178 0.0153371
5032.0 0.0896355 0.0155709
5034.0 0.0805572 0.0154131
5036.0 0.115345 0.0155648
5038.0 0.11087 0.0160662
5040.0 0.110763 0.016053
5042.0 0.0987726 0.0154746
5044.0 0.0914285 0.0152124
5046.0 0.0926381 0.0152344
5048.0 0.106572 0.0152648
5050.0 0.0883094 0.0154007
5052.0 0.08786 0.0152163
5054.0 0.104455 0.0149298
5056.0 0.113455 0.0146476
5058.0 0.0940536 0.0145917
5060.0 0.112465 0.0146924
5062.0 0.0986649 0.0149203
5064.0 0.0882965 0.0148865
5066.0 0.121502 0.0149313
5068.0 0.102465 0.0148218
5070.0 0.106335 0.0146821
5072.0 0.102238 0.0146809
5074.0 0.113507 0.0147604
5076.0 0.100513 0.0147677
5078.0 0.096329 0.0149381
5080.0 0.113387 0.0148885
5082.0 0.108561 0.0146796
5084.0 0.124793 0.0144808
5086.0 0.097163 0.0143707
5088.0 0.12611 0.0142328
5090.0 0.121407 0.014203
5092.0 0.102938 0.0142507
5094.0 0.092239 0.0143013
5096.0 0.0986754 0.0142611
5098.0 0.0866046 0.0141004
5100.0 0.107036 0.0139619
5102.0 0.102424 0.0139327
5104.0 0.102813 0.0139718
5106.0 0.104253 0.0140965
5108.0 0.118658 0.0142732
5110.0 0.110877 0.0142179
5112.0 0.111685 0.0141413
5114.0 0.0926293 0.0142283
5116.0 0.104389 0.0141563
5118.0 0.10893 0.0140037
5120.0 0.103649 0.0139139
5122.0 0.11898 0.0139185
5124.0 0.102508 0.0136708
5126.0 0.0999795 0.0134612
5128.0 0.11363 0.0133627
5130.0 0.10244 0.0132816
5132.0 0.107103 0.0133188
5134.0 0.110923 0.0134988
5136.0 0.0849655 0.0135471
5138.0 0.0947865 0.0134945
5140.0 0.121205 0.0135846
5142.0 0.0953464 0.0135026
5144.0 0.100754 0.0132169
5146.0 0.0990828 0.0131808
5148.0 0.0901305 0.0132148
5150.0 0.12508 0.0133985
5152.0 0.114602 0.0138229
5154.0 0.112777 0.0139278
5156.0 0.11212 0.0135205
5158.0 0.111007 0.0134489
5160.0 0.0914949 0.0136175
5162.0 0.0992556 0.0136714
5164.0 0.121704 0.0137943
5166.0 0.0954005 0.0139828
5168.0 0.0939598 0.0142149
5170.0 0.0951119 0.0148468
5172.0 0.109717 0.0154562
5174.0 0.109944 0.0162964
5176.0 0.0848828 0.0173091
5178.0 0.0823932 0.0184205
5180.0 0.108605 0.0195833
5182.0 0.117019 0.0200071
5184.0 0.0909727 0.0198464
5186.0 0.0996495 0.0188292
5188.0 0.11712 0.0179483
5190.0 0.098545 0.0171287
5192.0 0.106454 0.0163758
5194.0 0.0906029 0.0155932
5196.0 0.0889881 0.0148714
5198.0 0.084888 0.0142694
5200.0 0.0931391 0.0139476
5202.0 0.121953 0.01382
5204.0 0.0968506 0.0137345
5206.0 0.0921356 0.0133377
5208.0 0.118286 0.0131997
5210.0 0.133542 0.0131236
5212.0 0.110151 0.0130269
5214.0 0.0949928 0.0130503
5216.0 0.112167 0.0134474
5218.0 0.122372 0.0136712
5220.0 0.105914 0.0136795
5222.0 0.0995269 0.0134755
5224.0 0.105693 0.0130208
5226.0 0.102116 0.012997
5228.0 0.0990729 0.0133655
5230.0 0.11395 0.0136042
5232.0 0.0804902 0.0134156
5234.0 0.105455 0.0129798
5236.0 0.0857221 0.0128853
5238.0 0.123238 0.0127291
5240.0 0.0895272 0.012726
5242.0 0.0844006 0.0127677
5244.0 0.0974533 0.0128023
5246.0 0.0683555 0.0127837
5248.0 0.0772292 0.0128154
5250.0 0.0851628 0.012734
5252.0 0.0765244 0.0127144
5254.0 0.106866 0.0127367
5256.0 0.105542 0.0127423
5258.0 0.0918959 0.0126776
5260.0 0.107264 0.0129719
5262.0 0.0967844 0.0135448
5264.0 0.0799843 0.0138994
5266.0 0.0826404 0.0144155
5268.0 0.0837307 0.0149937
5270.0 0.0805199 0.0149821
5272.0 0.0984611 0.0143681
5274.0 0.0709369 0.0140338
5276.0 0.0957614 0.0137414
5278.0 0.100206 0.0147088
5280.0 0.0982979 0.0169381
5282.0 0.0958332 0.018983
5284.0 0.0961812 0.0200386
5286.0 0.0748661 0.0195175
5288.0 0.119233 0.017847
5290.0 0.0898311 0.0158614
5292.0 0.114283 0.0143256
5294.0 0.11577 0.0139372
5296.0 0.0833695 0.0146135
5298.0 0.0862262 0.0152797
5300.0 0.095717 0.0152262
5302.0 0.115385 0.0143805
5304.0 0.0842407 0.0134617
5306.0 0.105037 0.0131059
5308.0 0.0930832 0.0130234
5310.0 0.0710709 0.0130917
5312.0 0.0817853 0.013274
5314.0 0.084556 0.0134758
5316.0 0.090424 0.0135143
5318.0 0.0933185 0.0131832
5320.0 0.0842643 0.0128492
5322.0 0.0944693 0.0126894
5324.0 0.111282 0.0125614
5326.0 0.095696 0.0127898
5328.0 0.0945652 0.0129077
5330.0 0.0744397 0.0126372
5332.0 0.0699039 0.0127696
5334.0 0.0990368 0.0127494
5336.0 0.0938928 0.0126817
5338.0 0.0846706 0.0127216
5340.0 0.103783 0.0129076
5342.0 0.0993079 0.0128474
5344.0 0.0980488 0.0130796
5346.0 0.112984 0.0135921
5348.0 0.102207 0.0141012
5350.0 0.107042 0.014945
5352.0 0.0666796 0.0155315
5354.0 0.0837018 0.0155565
5356.0 0.086964 0.0150382
5358.0 0.107086 0.0143724
5360.0 0.0994163 0.0137338
5362.0 0.0940804 0.0133893
5364.0 0.10684 0.0131672
5366.0 0.104938 0.0128971
5368.0 0.0931527 0.0127778
5370.0 0.086602 0.0127556
5372.0 0.0937025 0.0128432
5374.0 0.0937991 0.0130586
5376.0 0.0953926 0.0130819
5378.0 0.107402 0.0130671
5380.0 0.0937415 0.0130528
5382.0 0.110432 0.0130151
5384.0 0.11635 0.0129399
5386.0 0.112778 0.0130421
5388.0 0.110187 0.0131791
5390.0 0.110978 0.0131866
5392.0 0.108754 0.0132723
5394.0 0.111311 0.0135313
5396.0 0.129259 0.0140833
5398.0 0.105443 0.0144409
5400.0 0.0914449 0.01433
5402.0 0.113477 0.0140425
5404.0 0.104251 0.0136627
5406.0 0.116204 0.0136275
5408.0 0.107774 0.014163
5410.0 0.102281 0.0145688
5412.0 0.0933279 0.0142405
5414.0 0.106163 0.0138868
5416.0 0.0765831 0.0141332
5418.0 0.0814274 0.014399
5420.0 0.0937775 0.0143626
5422.0 0.0975623 0.0141363
5424.0 0.109342 0.013857
5426.0 0.0876773 0.0137355
5428.0 0.0900134 0.0138183
5430.0 0.108145 0.0140311
5432.0 0.0985167 0.01385
5434.0 0.107807 0.0139419
5436.0 0.122369 0.0139855
5438.0 0.103509 0.0143118
5440.0 0.121668 0.0141738
5442.0 0.0937298 0.0140376
5444.0 0.117359 0.0139826
5446.0 0.0943257 0.0138995
5448.0 0.0873914 0.0139203
5450.0 0.112927 0.0139777
5452.0 0.0984025 0.0140144
5454.0 0.133014 0.0145081
5456.0 0.145145 0.0149504
5458.0 0.0962542 0.0150621
5460.0 0.0510459 0.0149133
5462.0 0.0858574 0.0145882
5464.0 0.15532 0.0143375
5466.0 0.146381 0.0142428
5468.0 0.170251 0.0143145
5470.0 0.145425 0.0143718
5472.0 0.132248 0.0145681
5474.0 0.105313 0.0145899
5476.0 0.117685 0.0147534
5478.0 0.11836 0.014784
5480.0 0.126234 0.0148913
5482.0 0.125712 0.015147
5484.0 0.110727 0.0155237
5486.0 0.100246 0.0155428
5488.0 0.062147 0.0155379
5490.0 0.0858204 0.0153998
5492.0 0.0799265 0.0154022
5494.0 0.0866359 0.0154624
5496.0 0.100182 0.0155388
5498.0 0.0985154 0.0156646
5500.0 0.10298 0.0158069
5502.0 0.0912742 0.015979
5504.0 0.0918068 0.015906
5506.0 0.0901603 0.0160171
5508.0 0.0885573 0.0160879
5510.0 0.0936091 0.0161816
5512.0 0.0995547 0.0163134
5514.0 0.105488 0.0163762
5516.0 0.105126 0.0163977
5518.0 0.10067 0.0164498
5520.0 0.0975993 0.0165695
5522.0 0.0986652 0.016694
5524.0 0.101497 0.0169181
5526.0 0.100605 0.0169686
5528.0 0.0970457 0.0171215
5530.0 0.0972715 0.0171823
5532.0 0.101937 0.0173042
5534.0 0.107314 0.0174605
5536.0 0.111375 0.0176026
5538.0 0.111957 0.0180017
5540.0 0.113601 0.018548
5542.0 0.11272 0.0187143
5544.0 0.108284 0.018618
5546.0 0.100752 0.0192872
5548.0 0.104196 0.0198675
5550.0 0.1148 0.019838
5552.0 0.118048 0.0197511
5554.0 0.118191 0.0203011
5556.0 0.115587 0.0121684
5558.0 0.108059 0.0117735
5560.0 0.0950487 0.0114702
5562.0 0.0896192 0.0111773
5564.0 0.0921434 0.0109857
5566.0 0.0972391 0.0108934
5568.0 0.100011 0.0108871
5570.0 0.0941025 0.0109545
5572.0 0.0906196 0.0112768
5574.0 0.0970301 0.011547
5576.0 0.108816 0.0115694
5578.0 0.121421 0.0115091
5580.0 0.132469 0.0114568
5582.0 0.161524 0.0115229
5584.0 0.180922 0.011634
5586.0 0.165551 0.0117682
5588.0 0.130764 0.0120056
5590.0 0.113614 0.012241
5592.0 0.103849 0.0123114
5594.0 0.10183 0.0122005
5596.0 0.109106 0.0122313
5598.0 0.113923 0.0121942
5600.0 0.117274 0.01218
5602.0 0.113716 0.0123165
5604.0 0.107654 0.0124126
5606.0 0.105803 0.0125905
5608.0 0.10682 0.0128035
5610.0 0.108526 0.013088
5612.0 0.106041 0.0135251
5614.0 0.102265 0.0140895
5616.0 0.100144 0.0143781
5618.0 0.0994152 0.0145666
5620.0 0.100604 0.0146355
5622.0 0.100725 0.0146326
5624.0 0.100149 0.0145868
5626.0 0.100964 0.0147023
5628.0 0.105187 0.0148724
5630.0 0.104232 0.0149048
5632.0 0.0958282 0.0147775
5634.0 0.0878566 0.0147548
5636.0 0.0882381 0.0148854
5638.0 0.0961844 0.014885
5640.0 0.0978026 0.0150664
5642.0 0.0953696 0.0151475
5644.0 0.0952651 0.0154099
5646.0 0.100717 0.0154383
5648.0 0.0996268 0.0155627
5650.0 0.0910169 0.0157873
5652.0 0.0851683 0.0162927
5654.0 0.0868767 0.0175047
5656.0 0.0919615 0.0214231
5658.0 0.09547 0.0267304
5660.0 0.0988722 0.0290308
5662.0 0.0976853 0.0271585
5664.0 0.0971732 0.0245419
5666.0 0.10627 0.0220569
5668.0 0.109122 0.019665
5670.0 0.106935 0.0176795
5672.0 0.105188 0.0165388
5674.0 0.103508 0.0158559
5676.0 0.101847 0.0156204
5678.0 0.102084 0.0157761
5680.0 0.0922114 0.0162119
5682.0 0.0761897 0.0165042
5684.0 0.0631884 0.0162632
5686.0 0.0649497 0.0157842
5688.0 0.0792591 0.015263
5690.0 0.0830473 0.0149139
5692.0 0.077605 0.0145474
5694.0 0.0766467 0.014287
5696.0 0.0803566 0.0141101
5698.0 0.080195 0.0139209
5700.0 0.0875762 0.0137328
5702.0 0.0994165 0.0118748
5704.0 0.101279 0.0118262
5706.0 0.101512 0.0118579
5708.0 0.101077 0.0120112
5710.0 0.0893049 0.0122968
5712.0 0.0818436 0.0125391
5714.0 0.0969281 0.0127951
5716.0 0.116621 0.012925
5718.0 0.115973 0.0129709
5720.0 0.105588 0.0129108
5722.0 0.106324 0.0127231
5724.0 0.117441 0.0124336
5726.0 0.120106 0.0121153
5728.0 0.11058 0.011719
5730.0 0.0937422 0.0114017
5732.0 0.081379 0.0111439
5734.0 0.0802792 0.0109553
5736.0 0.0820725 0.0108371
5738.0 0.0859393 0.010753
5740.0 0.0881428 0.0106889
5742.0 0.0940792 0.0106407
5744.0 0.0951421 0.010555
5746.0 0.0884652 0.0104402
5748.0 0.0830915 0.0103785
5750.0 0.0798622 0.0103533
5752.0 0.0787881 0.0103142
5754.0 0.0865021 0.0102757
5756.0 0.102976 0.010238
5758.0 0.106154 0.0101761
5760.0 0.101673 0.00996732
5762.0 0.0962087 0.0103732
5764.0 0.0767876 0.0100969
5766.0 0.059215 0.0126444
5768.0 0.0680932 0.0172598
5770.0 0.0928709 0.0221133
5772.0 0.100843 0.0265252
5774.0 0.0956929 0.0306725
5776.0 0.0925658 0.0322437
5778.0 0.092338 0.0322155
5780.0 0.0944045 0.0307399
5782.0 0.0938392 0.0267626
5784.0 0.0863134 0.0224665
5786.0 0.0846337 0.0187676
5788.0 0.0900194 0.0154677
5790.0 0.0980802 0.0129231
5792.0 0.103282 0.0116321
5794.0 0.11042 0.0104931
5796.0 0.117659 0.010141
5798.0 0.110452 0.0098843
5800.0 0.106572 0.00981186
5802.0 0.105928 0.00980009
5804.0 0.102246 0.00975682
5806.0 0.0918282 0.00974337
5808.0 0.0865957 0.00970354
5810.0 0.0859568 0.00964443
5812.0 0.0879205 0.00958825
5814.0 0.0862022 0.00953537
5816.0 0.0755713 0.00949132
5818.0 0.0720505 0.00946083
5820.0 0.0760792 0.00944324
5822.0 0.0829646 0.00942413
5824.0 0.088535 0.00940567
5826.0 0.0930403 0.00939848
5828.0 0.0997722 0.00940958
5830.0 0.0998377 0.00940721
5832.0 0.0946478 0.00938138
5834.0 0.0879455 0.00936943
5836.0 0.0868377 0.00939388
5838.0 0.0876786 0.00945022
5840.0 0.0897149 0.0095061
5842.0 0.0983468 0.00956837
5844.0 0.108694 0.00963461
5846.0 0.11372 0.00972049
5848.0 0.115469 0.00977906
5850.0 0.107218 0.0097702
5852.0 0.0864108 0.00984094
5854.0 0.079293 0.0100708
5856.0 0.0929363 0.0103642
5858.0 0.100797 0.0107057
5860.0 0.0941558 0.0111262
5862.0 0.0940728 0.0115221
5864.0 0.100056 0.011883
5866.0 0.103389 0.0124386
5868.0 0.107152 0.013073
5870.0 0.113629 0.0136962
5872.0 0.11525 0.0142421
5874.0 0.111977 0.0145737
5876.0 0.124146 0.0155319
5878.0 0.141327 0.0172045
5880.0 0.155812 0.0189648
5882.0 0.159687 0.0205829
5884.0 0.151359 0.0218722
5886.0 0.150999 0.0223549
5888.0 0.150638 0.0220646
5890.0 0.150277 0.0214374
5892.0 0.149916 0.0203587
5894.0 0.149556 0.0192752
5896.0 0.149195 0.017818
5898.0 0.148834 0.0164
5900.0 0.148474 0.0152489
5902.0 0.148113 0.0143157
5904.0 0.148351 0.0135696
5906.0 0.14329 0.0130914
5908.0 0.131097 0.0126877
5910.0 0.108016 0.0124629
5912.0 0.098298 0.0122159
5914.0 0.0970793 0.0119978
5916.0 0.102737 0.0117765
5918.0 0.103843 0.0114854
5920.0 0.106637 0.0111507
5922.0 0.103985 0.0108768
5924.0 0.0939724 0.0106573
5926.0 0.0833197 0.0104303
5928.0 0.0815422 0.0101675
5930.0 0.0882076 0.00991633
5932.0 0.0933335 0.00973709
5934.0 0.099438 0.00963915
5936.0 0.0985876 0.00957763
5938.0 0.0910942 0.00956398
5940.0 0.0827977 0.00955874
5942.0 0.0730826 0.00950129
5944.0 0.0605168 0.00965734
5946.0 0.0569781 0.0101291
5948.0 0.0629077 0.0103498
5950.0 0.0691115 0.0101857
5952.0 0.0756163 0.00993013
5954.0 0.0764644 0.00999167
5956.0 0.0775449 0.0101629
5958.0 0.0777717 0.0106592
5960.0 0.0744863 0.0115378
5962.0 0.0736721 0.012466
5964.0 0.0730051 0.0134462
5966.0 0.0680635 0.0143387
5968.0 0.063884 0.0147623
5970.0 0.0693915 0.0148786
5972.0 0.0754872 0.0145782
5974.0 0.0727003 0.0136135
5976.0 0.0713956 0.0128657
5978.0 0.0714833 0.0122534
5980.0 0.0718773 0.012033
5982.0 0.0747167 0.0124503
5984.0 0.0821839 0.0133056
5986.0 0.0817339 0.013987
5988.0 0.0736257 0.0147503
5990.0 0.0697771 0.015032
5992.0 0.0736379 0.0148754
5994.0 0.080973 0.0144717
5996.0 0.0829725 0.0137732
5998.0 0.0818192 0.0129359
6000.0 0.0790148 0.0123962
6002.0 0.0727507 0.012027
6004.0 0.0685635 0.0117571
6006.0 0.0721138 0.0116341
6008.0 0.0830766 0.0115417
6010.0 0.0864357 0.0114911
6012.0 0.0866897 0.0114926
6014.0 0.0829393 0.0115329
6016.0 0.071561 0.0115899
6018.0 0.0640525 0.0116654
6020.0 0.0672394 0.01177
6022.0 0.0751693 0.0118923
6024.0 0.076627 0.0120283
6026.0 0.0759393 0.0121717
6028.0 0.078078 0.0123245
6030.0 0.0806794 0.0124633
6032.0 0.0789642 0.0125837
6034.0 0.0711974 0.0126958
6036.0 0.0710043 0.0128261
6038.0 0.0772459 0.0129665
6040.0 0.0852857 0.0131104
6042.0 0.0900434 0.0132625
6044.0 0.0923513 0.0134243
6046.0 0.0911144 0.0135883
6048.0 0.085726 0.013748
6050.0 0.0799582 0.0138939
6052.0 0.0731685 0.0140275
6054.0 0.072315 0.0141778
6056.0 0.0755101 0.0143463
6058.0 0.0831183 0.0145139
6060.0 0.0849031 0.0146788
6062.0 0.0824431 0.0148517
6064.0 0.0807098 0.015016
6066.0 0.0836678 0.0151673
6068.0 0.0780265 0.0152257
6070.0 0.0631051 0.0151886
6072.0 0.0558163 0.0151079
6074.0 0.0623886 0.0143499
6076.0 0.076613 0.0147101
6078.0 0.0796987 0.0163666
6080.0 0.0752232 0.0187085
6082.0 0.0709337 0.0236639
6084.0 0.0653978 0.0302378
6086.0 0.0633812 0.0392547
6088.0 0.0621696 0.051372
6090.0 0.0601645 0.0575121
6092.0 0.0647076 0.0614709
6094.0 0.0735022 0.0603542
6096.0 0.0776355 0.0525658
6098.0 0.0801343 0.0399295
6100.0 0.0797078 0.0324395
6102.0 0.0717142 0.0290773
6104.0 0.0564888 0.024136
6106.0 0.0524182 0.0199939
6108.0 0.065619 0.0170113
6110.0 0.070095 0.01551
6112.0 0.0669277 0.0153125
6114.0 0.062987 0.0149314
6116.0 0.061907 0.0150071
6118.0 0.058539 0.0149829
6120.0 0.0588845 0.0150071
6122.0 0.0598157 0.0150163
6124.0 0.0576241 0.0150294
6126.0 0.0526929 0.0150403
6128.0 0.0551465 0.0150509
6130.0 0.0677423 0.0150583
6132.0 0.077695 0.0149872
6134.0 0.0781403 0.0148503
6136.0 0.0773783 0.0146742
6138.0 0.0780186 0.0144254
6140.0 0.0769102 0.0141977
6142.0 0.0776221 0.0140125
6144.0 0.0803494 0.0138398
6146.0 0.0794583 0.0136977
6148.0 0.0723191 0.0135928
6150.0 0.066953 0.0134887
6152.0 0.0711479 0.0133928
6154.0 0.0835962 0.0132871
6156.0 0.0893363 0.0131677
6158.0 0.0914648 0.0130401
6160.0 0.0904128 0.0129162
6162.0 0.0860928 0.0128014
6164.0 0.0825409 0.0127012
6166.0 0.0765965 0.0126081
6168.0 0.0737068 0.0125216
6170.0 0.0783965 0.0124634
6172.0 0.0832924 0.0123954
6174.0 0.0810469 0.0123017
6176.0 0.0746455 0.0122046
6178.0 0.0760392 0.0121006
6180.0 0.0866405 0.0119877
6182.0 0.0913137 0.0119068
6184.0 0.0858596 0.0118607
6186.0 0.0740228 0.0118072
6188.0 0.0698435 0.0117503
6190.0 0.0697677 0.0116895
6192.0 0.0716548 0.0116291
6194.0 0.0767893 0.0115628
6196.0 0.082023 0.0114779
6198.0 0.0861129 0.011379
6200.0 0.0853724 0.0112814
6202.0 0.0844523 0.0111767
6204.0 0.0841572 0.0110677
6206.0 0.0801356 0.0109674
6208.0 0.0723251 0.010882
6210.0 0.0711982 0.0107839
6212.0 0.080563 0.010676
6214.0 0.0839744 0.0105764
6216.0 0.0776579 0.0104778
6218.0 0.0699311 0.0103975
6220.0 0.0686043 0.0103498
6222.0 0.0705344 0.0103155
6224.0 0.0706728 0.0102656
6226.0 0.0700202 0.0102115
6228.0 0.0685447 0.010158
6230.0 0.0657945 0.0100757
6232.0 0.0656132 0.0100276
6234.0 0.0665282 0.0100689
6236.0 0.0600224 0.010133
6238.0 0.062929 0.0100594
6240.0 0.077238 0.00988419
6242.0 0.0861015 0.00977912
6244.0 0.0852155 0.00967765
6246.0 0.0797477 0.00959313
6248.0 0.0745772 0.00953796
6250.0 0.0751243 0.00948308
6252.0 0.080813 0.00940394
6254.0 0.0880239 0.00934094
6256.0 0.0874391 0.00930365
6258.0 0.0793031 0.00928896
6260.0 0.0739007 0.00925504
6262.0 0.0747649 0.00920961
6264.0 0.0777006 0.00918012
6266.0 0.0733347 0.00917929
6268.0 0.0689192 0.00915586
6270.0 0.0713703 0.00911496
6272.0 0.0755721 0.00909378
6274.0 0.0795498 0.00909291
6276.0 0.0889651 0.00909984
6278.0 0.0946558 0.0090773
6280.0 0.0898481 0.00902792
6282.0 0.0810547 0.0089959
6284.0 0.0747425 0.00896658
6286.0 0.0680562 0.00897219
6288.0 0.0691312 0.00901861
6290.0 0.0795584 0.00909211
6292.0 0.0847496 0.00918566
6294.0 0.0815471 0.00929796
6296.0 0.0748528 0.00946281
6298.0 0.071391 0.00965141
6300.0 0.068671 0.00992954
6302.0 0.0707259 0.0102816
6304.0 0.0795573 0.0107172
6306.0 0.0809508 0.0112833
6308.0 0.0711813 0.0119319
6310.0 0.0662688 0.0123406
6312.0 0.0717393 0.0126321
6314.0 0.0770513 0.0126606
6316.0 0.0769849 0.012381
6318.0 0.076366 0.0119895
6320.0 0.0766601 0.0116284
6322.0 0.0761189 0.011483
6324.0 0.07505 0.0110873
6326.0 0.0752237 0.0103809
6328.0 0.0765222 0.00987005
6330.0 0.0757606 0.00963466
6332.0 0.0738909 0.00950565
6334.0 0.0724565 0.0094437
6336.0 0.070216 0.00945949
6338.0 0.0712826 0.00947801
6340.0 0.0767065 0.00951256
6342.0 0.0793061 0.00954709
6344.0 0.0794489 0.00957859
6346.0 0.0828426 0.0096666
6348.0 0.0809503 0.00979033
6350.0 0.0728655 0.00998644
6352.0 0.0753248 0.0103015
6354.0 0.0854168 0.0106598
6356.0 0.0902228 0.0108859
6358.0 0.0923699 0.0110279
6360.0 0.0897304 0.0109515
6362.0 0.0790299 0.0106624
6364.0 0.0716236 0.0102778
6366.0 0.071431 0.00969336
6368.0 0.0741554 0.00911367
6370.0 0.0739676 0.00867081
6372.0 0.0721767 0.00831915
6374.0 0.0713874 0.00806279
6376.0 0.0713806 0.00792289
6378.0 0.073915 0.00783221
6380.0 0.080131 0.00783787
6382.0 0.0886464 0.00783252
6384.0 0.0947753 0.007802
6386.0 0.100966 0.00776252
6388.0 0.0945323 0.00775006
6390.0 0.0669913 0.00775581
6392.0 0.0513118 0.00775999
6394.0 0.0529249 0.00776697
6396.0 0.0639068 0.00777461
6398.0 0.0705866 0.0077721
6400.0 0.0764701 0.00777687
6402.0 0.0790839 0.0078173
6404.0 0.0773262 0.00789071
6406.0 0.076971 0.00794777
6408.0 0.0831242 0.00800532
6410.0 0.0897464 0.00800351
6412.0 0.0881409 0.00795576
6414.0 0.0850809 0.00786092
6416.0 0.0850026 0.00769662
6418.0 0.0845334 0.00752276
6420.0 0.0812808 0.00740155
6422.0 0.075883 0.0073058
6424.0 0.0741874 0.0072511
6426.0 0.0718086 0.00722321
6428.0 0.067438 0.00728052
6430.0 0.0702894 0.00744064
6432.0 0.0797131 0.00763884
6434.0 0.0809768 0.0078563
6436.0 0.0747121 0.00804742
6438.0 0.0712932 0.00810848
6440.0 0.0721773 0.00808855
6442.0 0.0731854 0.00799524
6444.0 0.0750288 0.00774977
6446.0 0.0807411 0.00755732
6448.0 0.0844632 0.00742983
6450.0 0.0860363 0.00740696
6452.0 0.0824774 0.0075221
6454.0 0.0716627 0.00774167
6456.0 0.0691564 0.00785079
6458.0 0.0739479 0.00790487
6460.0 0.0796606 0.00788701
6462.0 0.0839855 0.00780633
6464.0 0.0864964 0.00769893
6466.0 0.0858622 0.00753638
6468.0 0.0828969 0.00735448
6470.0 0.0805521 0.00725583
6472.0 0.0770454 0.00720347
6474.0 0.0718653 0.00718836
6476.0 0.0683041 0.00723624
6478.0 0.0715093 0.00727823
6480.0 0.0748874 0.00729954
6482.0 0.0769325 0.00730808
6484.0 0.0760495 0.00728631
6486.0 0.0739283 0.0072422
6488.0 0.0721165 0.00760086
6490.0 0.0690144 0.008121
6492.0 0.0702879 0.00932809
6494.0 0.0729639 0.0113178
6496.0 0.0765015 0.0128499
6498.0 0.0785493 0.0138949
6500.0 0.0786908 0.0144756
6502.0 0.0776529 0.0142414
6504.0 0.0787337 0.0132554
6506.0 0.0787034 0.012165
6508.0 0.0717459 0.0105416
6510.0 0.0608828 0.00920771
6512.0 0.0591975 0.0082851
6514.0 0.0658818 0.00763045
6516.0 0.0728563 0.00715244
6518.0 0.0812829 0.00693338
6520.0 0.082818 0.00676685
6522.0 0.0807527 0.00674599
6524.0 0.0801259 0.00675197
6526.0 0.078963 0.00684805
6528.0 0.0760638 0.00691382
6530.0 0.0710595 0.00692254
6532.0 0.0625773 0.00687847
6534.0 0.0604776 0.00678134
6536.0 0.0673029 0.00663005
6538.0 0.0744977 0.00652551
6540.0 0.0766742 0.00644559
6542.0 0.0768947 0.00639492
6544.0 0.0773127 0.00638166
6546.0 0.0742583 0.0063933
6548.0 0.0698201 0.00637347
6550.0 0.06353 0.00634034
6552.0 0.0616919 0.00651167
6554.0 0.0638917 0.00681245
6556.0 0.0682997 0.00731097
6558.0 0.0702984 0.00814091
6560.0 0.0695333 0.00870432
6562.0 0.0693045 0.00899251
6564.0 0.068631 0.00904359
6566.0 0.0662699 0.00878151
6568.0 0.0599303 0.00819134
6570.0 0.0591767 0.0076673
6572.0 0.0635489 0.00705998
6574.0 0.0691287 0.00666533
6576.0 0.071391 0.00653466
6578.0 0.0725226 0.00650649
6580.0 0.0744882 0.00651688
6582.0 0.0770985 0.00656844
6584.0 0.0737804 0.00653634
6586.0 0.0643547 0.00646328
6588.0 0.060472 0.00634247
6590.0 0.0604052 0.00606886
6592.0 0.0630839 0.00595346
6594.0 0.0672415 0.00607863
6596.0 0.0729239 0.00630618
6598.0 0.0760032 0.00647615
6600.0 0.0780712 0.00663488
6602.0 0.0779947 0.00669028
6604.0 0.0759648 0.00665888
6606.0 0.0759043 0.00658543
6608.0 0.0740471 0.00645229
6610.0 0.0702011 0.00633553
6612.0 0.0678916 0.00623891
6614.0 0.0662335 0.00615716
6616.0 0.0644439 0.00607682
6618.0 0.0634626 0.00599509
6620.0 0.0636459 0.00591228
6622.0 0.0652892 0.00583056
6624.0 0.0666781 0.00576996
6626.0 0.0664325 0.00571206
6628.0 0.0674734 0.00566273
6630.0 0.0692316 0.00565351
6632.0 0.0703871 0.00567825
6634.0 0.0687742 0.00568906
6636.0 0.0668172 0.00569444
6638.0 0.0656818 0.00568463
6640.0 0.0657748 0.0056598
6642.0 0.0651481 0.00565553
6644.0 0.0650154 0.00566897
6646.0 0.0660003 0.00570096
6648.0 0.0680581 0.00573768
6650.0 0.0713796 0.00577824
6652.0 0.0711468 0.00579849
6654.0 0.0674367 0.00579216
6656.0 0.067785 0.00581602
6658.0 0.0703548 0.00587297
6660.0 0.0707132 0.00593583
6662.0 0.0679637 0.00598736
6664.0 0.0643642 0.00603096
6666.0 0.0637131 0.00602838
6668.0 0.0612637 0.00598649
6670.0 0.0614325 0.00592637
6672.0 0.0637508 0.00583598
6674.0 0.0633495 0.00574176
6676.0 0.0600283 0.00565257
6678.0 0.0531553 0.0055853
6680.0 0.0534525 0.00553792
6682.0 0.0638811 0.00549641
6684.0 0.0740842 0.00546964
6686.0 0.0754946 0.00545761
6688.0 0.06926 0.00548307
6690.0 0.0651045 0.0055374
6692.0 0.0617895 0.00564213
6694.0 0.0617236 0.00578082
6696.0 0.0643682 0.00594399
6698.0 0.0650443 0.00608301
6700.0 0.0649416 0.00622366
6702.0 0.0656408 0.00628735
6704.0 0.0690887 0.00629118
6706.0 0.0732831 0.00623093
6708.0 0.0712161 0.00609071
6710.0 0.0648254 0.00590138
6712.0 0.0627074 0.00574437
6714.0 0.0637801 0.00560164
6716.0 0.0653821 0.00552295
6718.0 0.0667562 0.00549863
6720.0 0.0666345 0.0055003
6722.0 0.0655543 0.00554568
6724.0 0.0616657 0.00562479
6726.0 0.0584905 0.00572163
6728.0 0.055927 0.00583152
6730.0 0.0567661 0.00588716
6732.0 0.059655 0.00590697
6734.0 0.0616036 0.00589405
6736.0 0.0624711 0.00584218
6738.0 0.0634201 0.00578576
6740.0 0.0631645 0.00570984
6742.0 0.0615887 0.00564875
6744.0 0.0605427 0.00564229
6746.0 0.0605647 0.00566727
6748.0 0.0601594 0.00568817
6750.0 0.0576316 0.00571918
6752.0 0.0547699 0.00574416
6754.0 0.0556288 0.00576811
6756.0 0.0572886 0.00578679
6758.0 0.0592476 0.00578582
6760.0 0.0635332 0.00576432
6762.0 0.0672886 0.00573513
6764.0 0.0674865 0.00569375
6766.0 0.0661526 0.00565548
6768.0 0.0656856 0.00560078
6770.0 0.0628132 0.00558012
6772.0 0.0607607 0.00560706
6774.0 0.0596951 0.00565024
6776.0 0.0595308 0.00567223
6778.0 0.0589169 0.00568687
6780.0 0.0609616 0.00567155
6782.0 0.0647953 0.00562234
6784.0 0.0647273 0.00556904
6786.0 0.0632764 0.00550598
6788.0 0.0617677 0.00547219
6790.0 0.0611268 0.00547344
6792.0 0.0606237 0.00549758
6794.0 0.0614767 0.00551472
6796.0 0.0645922 0.0055358
6798.0 0.066444 0.00554222
6800.0 0.065526 0.00554477
6802.0 0.0615473 0.00552248
6804.0 0.0601625 0.00546817
6806.0 0.0603346 0.00540345
6808.0 0.0615896 0.00533128
6810.0 0.0647351 0.00524637
6812.0 0.0664034 0.00519309
6814.0 0.0636998 0.00516326
6816.0 0.06183 0.00514921
6818.0 0.0632827 0.0051571
6820.0 0.0630288 0.00516846
6822.0 0.0633328 0.00518543
6824.0 0.0656594 0.0052029
6826.0 0.0664189 0.00521234
6828.0 0.0628771 0.00522627
6830.0 0.0609839 0.00523067
6832.0 0.0607215 0.00521944
6834.0 0.0584315 0.00519756
6836.0 0.0589921 0.00517268
6838.0 0.0625867 0.00514944
6840.0 0.0639001 0.00512989
6842.0 0.0619541 0.00510423
6844.0 0.0624774 0.00508601
6846.0 0.0655453 0.00507761
6848.0 0.0687861 0.00508346
6850.0 0.0709552 0.00509761
6852.0 0.0729156 0.00510108
6854.0 0.0718059 0.00511109
6856.0 0.0658886 0.0051434
6858.0 0.0611385 0.00516523
6860.0 0.0609252 0.00517057
6862.0 0.0618547 0.00516834
6864.0 0.0578344 0.00516148
6866.0 0.0551835 0.00517239
6868.0 0.0547701 0.00518186
6870.0 0.0539932 0.00520805
6872.0 0.0543236 0.00525519
6874.0 0.0580356 0.0052947
6876.0 0.0581032 0.00530783
6878.0 0.0515694 0.00530505
6880.0 0.0465976 0.0052974
6882.0 0.048053 0.0052781
6884.0 0.0520517 0.00525986
6886.0 0.0545756 0.00522234
6888.0 0.0580473 0.00517471
6890.0 0.0608727 0.00515759
6892.0 0.0620723 0.00515755
6894.0 0.0619466 0.00518799
6896.0 0.0617188 0.0052407
6898.0 0.0625091 0.0053361
6900.0 0.0633421 0.00548917
6902.0 0.0620668 0.00564324
6904.0 0.0606682 0.00577983
6906.0 0.0601332 0.005893
6908.0 0.0594642 0.00592026
6910.0 0.0564323 0.00587533
6912.0 0.0549479 0.00582241
6914.0 0.0531035 0.00575102
6916.0 0.0481929 0.00568344
6918.0 0.0478548 0.00557663
6920.0 0.0516154 0.00543934
6922.0 0.0546072 0.00534368
6924.0 0.0566876 0.00526252
6926.0 0.0564586 0.0052057
6928.0 0.0555567 0.00517912
6930.0 0.0543986 0.00517517
6932.0 0.0544858 0.00519073
6934.0 0.0581143 0.00520038
6936.0 0.0598864 0.00520269
6938.0 0.059421 0.00520484
6940.0 0.0567453 0.0051924
6942.0 0.0527038 0.00516775
6944.0 0.0509179 0.0051412
6946.0 0.0538632 0.00510745
6948.0 0.0600741 0.00507878
6950.0 0.0627395 0.0050576
6952.0 0.0635091 0.00504035
6954.0 0.0626612 0.00502896
6956.0 0.0597985 0.0050192
6958.0 0.0578367 0.00501101
6960.0 0.0571585 0.00500998
6962.0 0.0558755 0.00500826
6964.0 0.0520455 0.00499648
6966.0 0.0472486 0.00497982
6968.0 0.0464185 0.00496538
6970.0 0.0491345 0.00494402
6972.0 0.052261 0.00493209
6974.0 0.0556861 0.00492874
6976.0 0.0568754 0.0049294
6978.0 0.0579481 0.00493077
6980.0 0.0568613 0.00494065
6982.0 0.0559512 0.00495923
6984.0 0.0568213 0.00496317
6986.0 0.0577725 0.00495338
6988.0 0.0570323 0.00493664
6990.0 0.0559078 0.00492163
6992.0 0.0575136 0.00490346
6994.0 0.0588665 0.00489137
6996.0 0.0574409 0.00488896
6998.0 0.0562878 0.00488309
7000.0 0.0545682 0.004865
7002.0 0.0500282 0.00483894
7004.0 0.0478863 0.00482794
7006.0 0.0513841 0.00482378
7008.0 0.0569224 0.00483093
7010.0 0.0610439 0.00485392
7012.0 0.0632638 0.00487942
7014.0 0.0631031 0.00487826
7016.0 0.0607718 0.00490079
7018.0 0.0591398 0.00499472
7020.0 0.0584268 0.00512793
7022.0 0.0573903 0.00533156
7024.0 0.0521489 0.0056208
7026.0 0.0465284 0.0058605
7028.0 0.0472846 0.00608724
7030.0 0.0514103 0.00621543
7032.0 0.0541607 0.00622808
7034.0 0.058142 0.00613324
7036.0 0.0590217 0.00597152
7038.0 0.0540572 0.0057204
7040.0 0.0491301 0.00550391
7042.0 0.050319 0.00528365
7044.0 0.0558468 0.00511248
7046.0 0.0575429 0.00498248
7048.0 0.0581472 0.00490557
7050.0 0.0571816 0.00489021
7052.0 0.0532173 0.00494233
7054.0 0.0518847 0.0050769
7056.0 0.0547348 0.00527681
7058.0 0.0579129 0.00552705
7060.0 0.0612871 0.00587199
7062.0 0.0626131 0.0061953
7064.0 0.0595537 0.00648802
7066.0 0.0538856 0.00670008
7068.0 0.0520588 0.00671566
7070.0 0.0516769 0.00656934
7072.0 0.0516018 0.00638638
7074.0 0.0535728 0.00608842
7076.0 0.0552026 0.0059113
7078.0 0.0580473 0.00587959
7080.0 0.062704 0.00581739
7082.0 0.0642144 0.00572141
7084.0 0.0620776 0.00563991
7086.0 0.059159 0.00554543
7088.0 0.0569324 0.00544379
7090.0 0.0598855 0.00539893
7092.0 0.0610587 0.00541522
7094.0 0.059421 0.00540795
7096.0 0.0560451 0.00539772
7098.0 0.0480912 0.00539364
7100.0 0.043863 0.00537822
7102.0 0.045763 0.0053455
7104.0 0.0504548 0.00534294
7106.0 0.0521433 0.00537387
7108.0 0.0524075 0.00540211
7110.0 0.052712 0.00542663
7112.0 0.0521636 0.00543918
7114.0 0.0531343 0.00541825
7116.0 0.0556448 0.00537202
7118.0 0.0571175 0.00538849
7120.0 0.0575422 0.0054575
7122.0 0.0584318 0.00548905
7124.0 0.0584867 0.00549169
7126.0 0.0576692 0.00544581
7128.0 0.0571023 0.00535528
7130.0 0.0563845 0.00525869
7132.0 0.0538869 0.00521163
7134.0 0.0479511 0.00520283
7136.0 0.0450063 0.0052029
7138.0 0.0469856 0.00521103
7140.0 0.0520374 0.00523723
7142.0 0.0566325 0.00529453
7144.0 0.0623295 0.00536859
7146.0 0.0628654 0.00545776
7148.0 0.0579036 0.00553982
7150.0 0.0539389 0.00551356
7152.0 0.0527325 0.00540019
7154.0 0.0526177 0.00528116
7156.0 0.0506647 0.00511814
7158.0 0.048197 0.00500893
7160.0 0.0467508 0.00496385
7162.0 0.0453121 0.00494921
7164.0 0.0445005 0.00493784
7166.0 0.0453263 0.00494429
7168.0 0.0443893 0.0049863
7170.0 0.0397811 0.00506983
7172.0 0.0389987 0.00514861
7174.0 0.0443356 0.00523866
7176.0 0.0521859 0.00528306
7178.0 0.0545225 0.00527457
7180.0 0.0530074 0.00521962
7182.0 0.0500721 0.00514784
7184.0 0.0443123 0.00504933
7186.0 0.0437357 0.00497966
7188.0 0.0464179 0.00492917
7190.0 0.0460865 0.00488929
7192.0 0.0449919 0.00486317
7194.0 0.0448254 0.00483879
7196.0 0.0462741 0.00480164
7198.0 0.0482371 0.00476772
7200.0 0.051034 0.00476479
7202.0 0.0561134 0.00476903
7204.0 0.0600086 0.00480417
7206.0 0.0594678 0.00491867
7208.0 0.0538149 0.00503328
7210.0 0.0517076 0.00507995
7212.0 0.0530629 0.00508503
7214.0 0.0536869 0.00501546
7216.0 0.0499476 0.00484045
7218.0 0.0469259 0.00472961
7220.0 0.0492419 0.0046739
7222.0 0.0520079 0.00469387
7224.0 0.0511704 0.0047442
7226.0 0.048669 0.00481188
7228.0 0.0503655 0.00493577
7230.0 0.0569552 0.00508883
7232.0 0.0599607 0.00516039
7234.0 0.0571965 0.00519026
7236.0 0.0549538 0.00519026
7238.0 0.056344 0.0051197
7240.0 0.0563921 0.00506465
7242.0 0.0525845 0.00509116
7244.0 0.0471502 0.00514534
7246.0 0.0444616 0.00513968
7248.0 0.0415419 0.0051211
7250.0 0.0396405 0.00510263
7252.0 0.0420188 0.00506258
7254.0 0.0462398 0.00502872
7256.0 0.0486009 0.00502038
7258.0 0.0479508 0.00504087
7260.0 0.0466264 0.00508756
7262.0 0.0446367 0.00515286
7264.0 0.0485599 0.005168
7266.0 0.057353 0.00514727
7268.0 0.0615643 0.0051301
7270.0 0.0628966 0.00512098
7272.0 0.0655866 0.00510254
7274.0 0.0615076 0.00503974
7276.0 0.049948 0.00502492
7278.0 0.0453985 0.00510018
7280.0 0.0498829 0.00522963
7282.0 0.0555626 0.00540656
7284.0 0.059202 0.00569194
7286.0 0.0588421 0.00568429
7288.0 0.0575788 0.00534491
7290.0 0.0537649 0.00515652
7292.0 0.0489499 0.00509179
7294.0 0.0426892 0.00501127
7296.0 0.0429012 0.00489904
7298.0 0.0489264 0.00476441
7300.0 0.0511753 0.00468257
7302.0 0.0499073 0.00465286
7304.0 0.0477404 0.00465994
7306.0 0.0450296 0.00470656
7308.0 0.0415313 0.0047307
7310.0 0.0422241 0.00470581
7312.0 0.0476014 0.00467387
7314.0 0.0505345 0.00470667
7316.0 0.0539548 0.00478996
7318.0 0.0571773 0.0048558
7320.0 0.0571902 0.00492602
7322.0 0.0574398 0.0049674
7324.0 0.0572011 0.00496899
7326.0 0.0540071 0.00494196
7328.0 0.0518376 0.00490222
7330.0 0.0543279 0.00484002
7332.0 0.0593914 0.00478776
7334.0 0.0626 0.00472219
7336.0 0.066506 0.00470293
7338.0 0.0661922 0.00474842
7340.0 0.0603931 0.00482444
7342.0 0.0546744 0.00488835
7344.0 0.0484779 0.00495192
7346.0 0.0470206 0.00495276
7348.0 0.048754 0.00489404
7350.0 0.0512471 0.00483145
7352.0 0.0535689 0.00475996
7354.0 0.0540743 0.00470607
7356.0 0.0528976 0.00467185
7358.0 0.050932 0.00465931
7360.0 0.0513385 0.00465521
7362.0 0.0530879 0.0046625
7364.0 0.0527564 0.00467137
7366.0 0.0516129 0.00468216
7368.0 0.0499307 0.00469833
7370.0 0.0461316 0.00472908
7372.0 0.0412673 0.00477454
7374.0 0.0401886 0.00482401
7376.0 0.0422701 0.00487248
7378.0 0.0427786 0.0048588
7380.0 0.0445951 0.00478752
7382.0 0.0471803 0.00472086
7384.0 0.0451527 0.00465387
7386.0 0.0385654 0.00460652
7388.0 0.0372708 0.00456613
7390.0 0.0399776 0.0045185
7392.0 0.0426547 0.00447686
7394.0 0.0446984 0.00444155
7396.0 0.0454488 0.00443667
7398.0 0.047132 0.00446196
7400.0 0.0503373 0.00449857
7402.0 0.0494303 0.00455123
7404.0 0.0466783 0.00459226
7406.0 0.0453993 0.00460522
7408.0 0.0434029 0.00459094
7410.0 0.0405336 0.00457441
7412.0 0.0425285 0.00455043
7414.0 0.0479977 0.00453793
7416.0 0.0476059 0.00452396
7418.0 0.046932 0.00452597
7420.0 0.0512403 0.00454628
7422.0 0.057554 0.00456952
7424.0 0.0587958 0.00459014
7426.0 0.0564695 0.00459746
7428.0 0.0553717 0.00474986
7430.0 0.0538556 0.00495347
7432.0 0.0548456 0.00541397
7434.0 0.0583399 0.00611985
7436.0 0.0628087 0.00687517
7438.0 0.0603472 0.00762957
7440.0 0.0511186 0.00832182
7442.0 0.0451865 0.00852943
7444.0 0.041849 0.00841394
7446.0 0.0405256 0.00813024
7448.0 0.0432743 0.00752332
7450.0 0.0475714 0.00691692
7452.0 0.0468123 0.00633608
7454.0 0.0441377 0.00581692
7456.0 0.0447753 0.00543124
7458.0 0.0491148 0.00516389
7460.0 0.0477656 0.0049564
7462.0 0.0426205 0.00480108
7464.0 0.0408377 0.00486793
7466.0 0.0438003 0.00513724
7468.0 0.0510094 0.00562399
7470.0 0.0523669 0.00632088
7472.0 0.0476566 0.00709317
7474.0 0.0426207 0.00756557
7476.0 0.039484 0.00792559
7478.0 0.0425657 0.00793935
7480.0 0.0478842 0.00751605
7482.0 0.0508767 0.00708013
7484.0 0.0503906 0.0066423
7486.0 0.04814 0.00621171
7488.0 0.0469339 0.00586338
7490.0 0.0448698 0.00557639
7492.0 0.0442962 0.00536465
7494.0 0.0473282 0.00524217
7496.0 0.0494104 0.00521822
7498.0 0.0483273 0.00532838
7500.0 0.0476704 0.00542945
7502.0 0.0483572 0.00547473
7504.0 0.0495424 0.00550938
7506.0 0.0500959 0.00562665
7508.0 0.0510736 0.00579966
7510.0 0.050561 0.00604408
7512.0 0.0490614 0.00642392
7514.0 0.0496286 0.00666234
7516.0 0.0511839 0.00677761
7518.0 0.0535632 0.0067341
7520.0 0.0552436 0.00649628
7522.0 0.0582687 0.00610113
7524.0 0.0541289 0.00586861
7526.0 0.0423773 0.00570302
7528.0 0.0366847 0.00567876
7530.0 0.0360619 0.00580961
7532.0 0.0350484 0.00604424
7534.0 0.0356133 0.00637547
7536.0 0.0385787 0.00676311
7538.0 0.0390544 0.00705307
7540.0 0.035977 0.00730603
7542.0 0.0356993 0.00721875
7544.0 0.0371631 0.00672043
7546.0 0.0400282 0.00623021
7548.0 0.0437228 0.00570701
7550.0 0.0486031 0.00530305
7552.0 0.050624 0.00521617
7554.0 0.049519 0.00537113
7556.0 0.0481525 0.00550218
7558.0 0.0478696 0.00568981
7560.0 0.0495199 0.00586897
7562.0 0.0518956 0.00605978
7564.0 0.0556298 0.0062428
7566.0 0.0584697 0.00644315
7568.0 0.0617245 0.00659558
7570.0 0.0609387 0.00654016
7572.0 0.0534025 0.00632092
7574.0 0.0478409 0.00601341
7576.0 0.0482017 0.00549725
7578.0 0.0508397 0.00508613
7580.0 0.0506904 0.0048291
7582.0 0.0510167 0.00472703
7584.0 0.0513868 0.00474865
7586.0 0.049843 0.00487551
7588.0 0.0470822 0.00499641
7590.0 0.0490514 0.00515464
7592.0 0.0544747 0.0053025
7594.0 0.0534481 0.00543876
7596.0 0.0491854 0.0055814
7598.0 0.0556538 0.00576991
7600.0 0.0717543 0.00592958
7602.0 0.0808758 0.00591977
7604.0 0.0849764 0.00578609
7606.0 0.0790631 0.00557385
7608.0 0.0610639 0.00520333
7610.0 0.0475105 0.00489673
7612.0 0.0533907 0.00468339
7614.0 0.0675918 0.00456329
7616.0 0.0697263 0.00449706
7618.0 0.0647761 0.0044939
7620.0 0.0599173 0.00452346
7622.0 0.0528385 0.00459285
7624.0 0.0472136 0.00467486
7626.0 0.0437376 0.00478726
7628.0 0.0420867 0.00490444
7630.0 0.0409318 0.00502205
7632.0 0.0414032 0.00515117
7634.0 0.0439416 0.00527664
7636.0 0.0498902 0.0053938
7638.0 0.0507115 0.00538903
7640.0 0.0488874 0.00527724
7642.0 0.0498299 0.00512131
7644.0 0.050653 0.0048692
7646.0 0.0491118 0.00463317
7648.0 0.0474598 0.00450252
7650.0 0.0461044 0.00444916
7652.0 0.0478881 0.00442257
7654.0 0.0521191 0.0044564
7656.0 0.0546644 0.00450462
7658.0 0.0552716 0.0045631
7660.0 0.0483728 0.00461355
7662.0 0.0418851 0.00469696
7664.0 0.0371097 0.00482219
7666.0 0.0358881 0.00497292
7668.0 0.0362851 0.00515245
7670.0 0.035437 0.00527001
7672.0 0.0332159 0.0053384
7674.0 0.0316748 0.00540168
7676.0 0.0358272 0.00548393
7678.0 0.042767 0.00554259
7680.0 0.0438763 0.00555625
7682.0 0.0405736 0.0055159
7684.0 0.0404949 0.00540302
7686.0 0.043288 0.00521357
7688.0 0.0482254 0.00504474
7690.0 0.052713 0.00485944
7692.0 0.0514449 0.00473162
7694.0 0.0486579 0.00467536
7696.0 0.0436943 0.00464249
7698.0 0.0431555 0.00460507
7700.0 0.0456245 0.00458332
7702.0 0.0538175 0.00456521
7704.0 0.0650197 0.0045489
7706.0 0.0762489 0.00454365
7708.0 0.0882231 0.0045374
7710.0 0.0975284 0.00457237
7712.0 0.0911911 0.00463759
7714.0 0.0703328 0.00476605
7716.0 0.0589675 0.00506146
7718.0 0.05777 0.00548521
7720.0 0.0544484 0.00579759
7722.0 0.0459893 0.00609752
7724.0 0.0412804 0.00621066
7726.0 0.0430524 0.00613411
7728.0 0.043817 0.00593349
7730.0 0.041001 0.00563922
7732.0 0.0371258 0.00525219
7734.0 0.0421089 0.00499911
7736.0 0.0512154 0.00482934
7738.0 0.055719 0.00469643
7740.0 0.0547457 0.00462656
7742.0 0.0515078 0.00457784
7744.0 0.0535611 0.0045357
7746.0 0.0589749 0.00451613
7748.0 0.0584095 0.00453526
7750.0 0.048972 0.00459246
7752.0 0.0440393 0.00464681
7754.0 0.0492164 0.00470473
7756.0 0.0631407 0.00475449
7758.0 0.0661392 0.0047949
7760.0 0.0614537 0.0048592
7762.0 0.0561795 0.00496076
7764.0 0.0462983 0.00511222
7766.0 0.0419286 0.00534002
7768.0 0.0493065 0.00565719
7770.0 0.0604473 0.0058263
7772.0 0.0724082 0.00589597
7774.0 0.104831 0.00583161
7776.0 0.103734 0.00560031
7778.0 0.0710321 0.00529939
7780.0 0.0457797 0.00510349
7782.0 0.0344601 0.00496075
7784.0 0.0271704 0.00496263
7786.0 0.0230704 0.00509126
7788.0 0.0171476 0.00528352
7790.0 0.0132917 0.00542549
7792.0 0.0203408 0.00582597
7794.0 0.0284167 0.00635169
7796.0 0.0365671 0.00719299
7798.0 0.0444497 0.00965775
7800.0 0.0563243 0.012921
7802.0 0.0626204 0.0148475
7804.0 0.0667104 0.0166132
7806.0 0.0688691 0.0163555
7808.0 0.0653853 0.0136674
7810.0 0.0571625 0.010075
7812.0 0.0565389 0.00833764
7814.0 0.0661146 0.00791982
7816.0 0.068755 0.0074549
7818.0 0.0593234 0.00747313
7820.0 0.0481312 0.00760816
7822.0 0.048638 0.008008
7824.0 0.0546053 0.00841633
7826.0 0.0554134 0.00875184
7828.0 0.0536295 0.00898155
7830.0 0.0532206 0.00879549
7832.0 0.0529819 0.00823361
7834.0 0.0524148 0.00778252
7836.0 0.0537651 0.00735908
7838.0 0.0577672 0.0070319
7840.0 0.060837 0.00682853
7842.0 0.0650532 0.00671705
7844.0 0.0700311 0.00661001
7846.0 0.0785888 0.00651436
7848.0 0.07577 0.00634134
7850.0 0.061517 0.00608448
7852.0 0.0510173 0.00594948
7854.0 0.0458218 0.00592996
7856.0 0.0401976 0.00595892
7858.0 0.0373169 0.00609139
7860.0 0.0377798 0.0062114
7862.0 0.0366673 0.00611022
7864.0 0.0332346 0.00587008
7866.0 0.0325819 0.00565038
7868.0 0.0333329 0.00537808
7870.0 0.0345332 0.00513561
7872.0 0.0361337 0.0049392
7874.0 0.0390232 0.00482161
7876.0 0.043729 0.00480015
7878.0 0.0514466 0.00485506
7880.0 0.0524702 0.00492096
7882.0 0.0490296 0.00502409
7884.0 0.048353 0.00513275
7886.0 0.0472483 0.00521828
7888.0 0.0488722 0.00535939
7890.0 0.0525855 0.00557607
7892.0 0.0577236 0.00583793
7894.0 0.0588802 0.00613539
7896.0 0.0562833 0.00646327
7898.0 0.0547239 0.0065536
7900.0 0.0579797 0.00635523
7902.0 0.0660736 0.0062969
7904.0 0.0820806 0.00630507
7906.0 0.107694 0.00661821
7908.0 0.121793 0.00742473
7910.0 0.130391 0.00850141
7912.0 0.123989 0.00915175
7914.0 0.0918781 0.00967769
7916.0 0.061641 0.00973732
7918.0 0.0500368 0.00925185
7920.0 0.0395514 0.00861175
7922.0 0.0367915 0.00784903
7924.0 0.0451893 0.00701661
7926.0 0.0484424 0.00647262
7928.0 0.0417634 0.00614688
7930.0 0.0395309 0.00583806
7932.0 0.0442858 0.00559882
7934.0 0.0476639 0.00545655
7936.0 0.0450192 0.00538524
7938.0 0.0410855 0.00543647
7940.0 0.0339767 0.00563318
7942.0 0.0192148 0.00601849
7944.0 0.0103554 0.00689053
7946.0 0.0131291 0.00814093
7948.0 0.0181431 0.00884154
7950.0 0.0222512 0.00920781
7952.0 0.0321545 0.00924568
7954.0 0.0329055 0.00892076
7956.0 0.0265868 0.00833856
7958.0 0.0189314 0.00778944
7960.0 0.00614366 0.00716726
7962.0 -0.000316313 0.00668957
7964.0 0.0079492 0.00625019
7966.0 0.0252167 0.00601262
7968.0 0.0358691 0.00615957
7970.0 0.0491937 0.00656523
7972.0 0.0608757 0.00712433
7974.0 0.070498 0.00824297
7976.0 0.0696166 0.00829471
7978.0 0.0615207 0.00734734
7980.0 0.0536441 0.00654966
7982.0 0.0475999 0.00613744
7984.0 0.0469547 0.00616679
7986.0 0.0514382 0.00654853
7988.0 0.0608467 0.00720351
7990.0 0.0582482 0.00773004
7992.0 0.0401534 0.00828227
7994.0 0.0312592 0.00839934
7996.0 0.0340572 0.00812143
7998.0 0.0348607 0.00772383
8000.0 0.0334656 0.00711661
8002.0 0.0358837 0.00666177
8004.0 0.0387096 0.00656833
8006.0 0.0417594 0.00670842
8008.0 0.0408222 0.00673674
8010.0 0.0344717 0.00672588
8012.0 0.0328605 0.00693237
8014.0 0.0397584 0.00739384
8016.0 0.0439691 0.00786868
8018.0 0.0386476 0.00837413
8020.0 0.0283422 0.0087415
8022.0 0.0255984 0.0087362
8024.0 0.0272981 0.0084015
8026.0 0.0334958 0.00785335
8028.0 0.0444554 0.00686927
8030.0 0.0506876 0.0061839
8032.0 0.0525944 0.00587419
8034.0 0.0548323 0.00583567
8036.0 0.0559041 0.00603774
8038.0 0.0546691 0.00638278
8040.0 0.0543717 0.00657601
8042.0 0.0566095 0.00670594
8044.0 0.0557517 0.00705132
8046.0 0.0543249 0.00760134
8048.0 0.0541972 0.00814024
8050.0 0.0535173 0.00874172
8052.0 0.0543823 0.00922315
8054.0 0.0520221 0.0093211
8056.0 0.0441822 0.00910874
8058.0 0.0363153 0.00876167
8060.0 0.0330302 0.00813667
8062.0 0.034414 0.00766781
8064.0 0.0365989 0.00730057
8066.0 0.0417281 0.00720849
8068.0 0.0431464 0.0074369
8070.0 0.0401706 0.00770365
8072.0 0.0350263 0.00773976
8074.0 0.0283263 0.00765622
8076.0 0.0291358 0.00755526
8078.0 0.0317912 0.00733416
8080.0 0.0324038 0.00737013
8082.0 0.0356885 0.00767607
8084.0 0.0408267 0.00797655
8086.0 0.0433769 0.00816746
8088.0 0.0438721 0.00830766
8090.0 0.0471549 0.00817632
8092.0 0.05093 0.00778717
8094.0 0.0511204 0.00732645
8096.0 0.0530582 0.00662777
8098.0 0.0572988 0.00602373
8100.0 0.057597 0.00571959
8102.0 0.0562151 0.00580593
8104.0 0.0535104 0.00633378
8106.0 0.0477846 0.00726628
8108.0 0.0408816 0.00815874
8110.0 0.0348575 0.00920208
8112.0 0.0293584 0.00977047
8114.0 0.0283713 0.0099952
8116.0 0.032221 0.00995612
8118.0 0.0358078 0.0095971
8120.0 0.0399573 0.00887692
8122.0 0.04169 0.00832744
8124.0 0.0416803 0.00781083
8126.0 0.0420738 0.00745468
8128.0 0.0448976 0.00729479
8130.0 0.0494855 0.00711449
8132.0 0.0534914 0.00689371
8134.0 0.0588817 0.00658602
8136.0 0.0612911 0.0062931
8138.0 0.0589697 0.00600753
8140.0 0.0568096 0.00600229
8142.0 0.055688 0.00637551
8144.0 0.0567868 0.00665863
8146.0 0.058443 0.00665804
8148.0 0.0579009 0.006335
8150.0 0.0552535 0.0061247
8152.0 0.050096 0.00600198
8154.0 0.046393 0.00600498
8156.0 0.0444119 0.00609373
8158.0 0.0488509 0.00657496
8160.0 0.0523303 0.00759443
8162.0 0.0519889 0.00825584
8164.0 0.0538924 0.00854895
8166.0 0.0572276 0.00854595
8168.0 0.0620306 0.00821197
8170.0 0.0673569 0.00752774
8172.0 0.0734768 0.007215
8174.0 0.0827379 0.00720166
8176.0 0.0984914 0.00722046
8178.0 0.112899 0.0072952
8180.0 0.127287 0.00725629
8182.0 0.137428 0.00702234
8184.0 0.143794 0.00676405
8186.0 0.142773 0.00709744
8188.0 0.138329 0.00785397
8190.0 0.130361 0.0083179
8192.0 0.110485 0.00869634
8194.0 0.0878088 0.00872948
8196.0 0.0798057 0.00832369
8198.0 0.0759332 0.00762234
8200.0 0.0604875 0.00696034
8202.0 0.032944 0.00627108
8204.0 0.0219584 0.00594257
8206.0 0.0219591 0.00596434
8208.0 0.0259295 0.00605835
8210.0 0.0293962 0.00628524
8212.0 0.0305962 0.00651606
8214.0 0.0335961 0.0066944
8216.0 0.0394156 0.00685695
8218.0 0.0452882 0.00716094
8220.0 0.0499283 0.00758692
8222.0 0.0527235 0.00789256
8224.0 0.0550459 0.00818847
8226.0 0.05953 0.00823051
8228.0 0.0629216 0.00794765
8230.0 0.0655582 0.00742954
8232.0 0.0671981 0.00686474
8234.0 0.0679517 0.00622282
8236.0 0.0648254 0.00578766
8238.0 0.0595783 0.00550589
8240.0 0.060855 0.00535481
8242.0 0.0656123 0.0054058
8244.0 0.0713775 0.0055195
8246.0 0.069484 0.00566886
8248.0 0.0614173 0.00584869
8250.0 0.0538283 0.00598624
8252.0 0.0455563 0.00611711
8254.0 0.0395782 0.00625745
8256.0 0.0369375 0.00641237
8258.0 0.0382337 0.00652368
8260.0 0.0410754 0.00665274
8262.0 0.0465664 0.00670162
8264.0 0.0483236 0.00653078
8266.0 0.046647 0.00618128
8268.0 0.0436889 0.00589089
8270.0 0.0419449 0.00556156
8272.0 0.0391116 0.00534796
8274.0 0.0333357 0.00528308
8276.0 0.026134 0.00529216
8278.0 0.0195872 0.00532941
8280.0 0.011301 0.00537371
8282.0 0.00636082 0.00541461
8284.0 0.00600391 0.00546393
8286.0 0.00939383 0.00550328
8288.0 0.0123119 0.00552503
8290.0 0.0144851 0.00558218
8292.0 0.0166721 0.00566613
8294.0 0.0167111 0.00575893
8296.0 0.0167994 0.00589364
8298.0 0.0169772 0.00607027
8300.0 0.0238051 0.00616168
8302.0 0.0344233 0.00620765
8304.0 0.0443211 0.00619286
8306.0 0.0563721 0.0060931
8308.0 0.0668384 0.00598702
8310.0 0.0662287 0.00589913
8312.0 0.0592015 0.00582784
8314.0 0.0530821 0.00578996
8316.0 0.0424824 0.0057795
8318.0 0.033033 0.00571878
8320.0 0.0334403 0.00559847
8322.0 0.0344023 0.00552402
8324.0 0.0316041 0.00549836
8326.0 0.0319994 0.0055296
8328.0 0.0329262 0.00561663
8330.0 0.034297 0.00573196
8332.0 0.0302033 0.00581729
8334.0 0.0202345 0.00590447
8336.0 0.0105904 0.00597896
8338.0 0.00261183 0.00602922
8340.0 -0.00581992 0.00607567
8342.0 0.00254187 0.00613764
8344.0 0.0277354 0.00619369
8346.0 0.040409 0.00620008
8348.0 0.0378987 0.00616075
8350.0 0.0393203 0.00611389
8352.0 0.0460669 0.0060311
8354.0 0.0462429 0.00600243
8356.0 0.0456218 0.00604852
8358.0 0.044232 0.00613958
8360.0 0.0435934 0.00620074
8362.0 0.0431727 0.00623521
8364.0 0.0453224 0.00633317
8366.0 0.0516466 0.00644894
8368.0 0.0536963 0.0068047
8370.0 0.0486341 0.00714126
8372.0 0.0443203 0.00802454
8374.0 0.044909 0.00938102
8376.0 0.0481402 0.0109813
8378.0 0.0473664 0.0126218
8380.0 0.0424564 0.0141789
8382.0 0.0371225 0.0150304
8384.0 0.0330584 0.0153836
8386.0 0.035859 0.0158788
8388.0 0.0448281 0.0165961
8390.0 0.0573688 0.0171676
8392.0 0.068392 0.0174908
8394.0 0.0833176 0.0174813
8396.0 0.0857405 0.0168857
8398.0 0.0678277 0.0156701
8400.0 0.0501753 0.0143352
8402.0 0.0451093 0.0124942
8404.0 0.0481876 0.011057
8406.0 0.0512681 0.010122
8408.0 0.0569699 0.00940945
8410.0 0.0525291 0.00876259
8412.0 0.035405 0.00825159
8414.0 0.0267202 0.00780725
8416.0 0.0305528 0.00750265
8418.0 0.0340238 0.00729507
8420.0 0.0298265 0.00724609
8422.0 0.0189891 0.00718131
8424.0 0.00847591 0.00708306
8426.0 -0.00375661 0.00695254
8428.0 -0.000446586 0.00673842
8430.0 0.023538 0.00644816
8432.0 0.0370128 0.0062397
8434.0 0.0397972 0.00608654
8436.0 0.0372936 0.00597599
8438.0 0.0327858 0.00593559
8440.0 0.0259747 0.00595467
8442.0 0.0302341 0.00598376
8444.0 0.0473473 0.00602233
8446.0 0.0600769 0.00599784
8448.0 0.0642041 0.00592292
8450.0 0.0584233 0.0058513
8452.0 0.0502346 0.00576725
8454.0 0.0408364 0.00571298
8456.0 0.0489406 0.00570638
8458.0 0.0724898 0.00571931
8460.0 0.0832325 0.00569406
8462.0 0.0813348 0.00564103
8464.0 0.0750463 0.00560447
8466.0 0.0623502 0.00549543
8468.0 0.0486571 0.00566669
8470.0 0.0450856 0.00609433
8472.0 0.0456066 0.00666588
8474.0 0.0411725 0.00740621
8476.0 0.0335609 0.00821883
8478.0 0.0307196 0.00890067
8480.0 0.0312539 0.0096036
8482.0 0.0314172 0.0100283
8484.0 0.0312219 0.0101532
8486.0 0.0284802 0.0101911
8488.0 0.0248509 0.0101701
8490.0 0.0213972 0.0100946
8492.0 0.0173276 0.0101456
8494.0 0.011173 0.0102866
8496.0 0.00355742 0.0102325
8498.0 -0.0043307 0.0100417
8500.0 -0.0112926 0.0096763
8502.0 -0.00987653 0.00902929
8504.0 0.00147106 0.00832228
8506.0 0.0116326 0.00771377
8508.0 0.0225126 0.00720805
8510.0 0.0325061 0.00686491
8512.0 0.045523 0.00671307
8514.0 0.0505346 0.00646725
8516.0 0.0455692 0.00611793
8518.0 0.0372333 0.00579636
8520.0 0.0356442 0.00557886
8522.0 0.0364017 0.00545562
8524.0 0.0359911 0.00538311
8526.0 0.034723 0.00537456
8528.0 0.0367916 0.00535291
8530.0 0.0419208 0.00517196
8532.0 0.0425639 0.00555105
8534.0 0.0394863 0.00621391
8536.0 0.0369252 0.00750645
8538.0 0.0367599 0.00950413
8540.0 0.0372666 0.0115674
8542.0 0.0372609 0.0125251
8544.0 0.0391802 0.0129779
8546.0 0.0399018 0.0129126
8548.0 0.036716 0.012227
8550.0 0.0354031 0.0113583
8552.0 0.0357278 0.0101229
8554.0 0.0333173 0.00889501
8556.0 0.0315159 0.00814935
8558.0 0.0334995 0.0077306
8560.0 0.0359562 0.00734821
8562.0 0.0322618 0.00716995
8564.0 0.0299564 0.00699546
8566.0 0.0339716 0.00684435
8568.0 0.0387509 0.00664606
8570.0 0.0389561 0.00634222
8572.0 0.0369691 0.00609215
8574.0 0.0348686 0.00631545
8576.0 0.0289496 0.0068893
8578.0 0.0260007 0.00726877
8580.0 0.0317022 0.00761462
8582.0 0.0399715 0.0076951
8584.0 0.0411706 0.00743503
8586.0 0.0409197 0.00711896
8588.0 0.0412312 0.0069855
8590.0 0.0390696 0.00712821
8592.0 0.03716 0.00818117
8594.0 0.0414828 0.00990574
8596.0 0.0491291 0.0108261
8598.0 0.0481968 0.0113555
8600.0 0.0411259 0.0112973
8602.0 0.0391869 0.0103985
8604.0 0.0367901 0.00893043
8606.0 0.035058 0.00807109
8608.0 0.0407298 0.00760023
8610.0 0.0465866 0.0074512
8612.0 0.0340763 0.00776685
8614.0 0.0159942 0.00792561
8616.0 0.0136112 0.0078604
8618.0 0.0150584 0.00780412
8620.0 0.013284 0.00803216
8622.0 0.00977656 0.00858063
8624.0 0.0130305 0.00952019
8626.0 0.0253859 0.010842
8628.0 0.0397881 0.0115228
8630.0 0.0441057 0.0119168
8632.0 0.0382161 0.0116104
8634.0 0.0351645 0.0103089
8636.0 0.034039 0.00843585
8638.0 0.0394604 0.00713494
8640.0 0.0474991 0.00613077
8642.0 0.0566385 0.00577922
8644.0 0.0781906 0.0063545
8646.0 0.0918283 0.00687868
8648.0 0.0833802 0.00745664
8650.0 0.0694995 0.00783064
8652.0 0.057759 0.0078404
8654.0 0.0395416 0.00764569
8656.0 0.018393 0.00798299
8658.0 0.00360966 0.00863672
8660.0 -0.00929514 0.00926645
8662.0 -0.0258162 0.0101488
8664.0 -0.0311665 0.0105302
8666.0 -0.0190809 0.0102822
8668.0 0.00353865 0.00956679
8670.0 0.0179592 0.0086804
8672.0 0.0329481 0.00743955
8674.0 0.0455094 0.0065268
8676.0 0.0500968 0.00589827
8678.0 0.0516303 0.00550739
8680.0 0.0476634 0.00540085
8682.0 0.0392816 0.00545172
8684.0 0.0366426 0.0056564
8686.0 0.0385231 0.00600099
8688.0 0.0417523 0.00635455
8690.0 0.0457647 0.00671396
8692.0 0.0441515 0.00704957
8694.0 0.044556 0.00738708
8696.0 0.0431721 0.00780962
8698.0 0.0416205 0.00827893
8700.0 0.0433733 0.0087529
8702.0 0.0445836 0.0089142
8704.0 0.0431756 0.00871938
8706.0 0.0397574 0.00835703
8708.0 0.0344246 0.00776185
8710.0 0.0283501 0.00718313
8712.0 0.0291527 0.00641974
8714.0 0.0336106 0.00581319
8716.0 0.0367976 0.00558412
8718.0 0.0414623 0.00561024
8720.0 0.0460989 0.00556845
8722.0 0.0502224 0.00556827
8724.0 0.0481818 0.00553838
8726.0 0.0429477 0.00546776
8728.0 0.0391359 0.00547923
8730.0 0.0403357 0.0055626
8732.0 0.0462847 0.00568879
8734.0 0.0461429 0.00588024
8736.0 0.0392229 0.00611624
8738.0 0.0329787 0.00631555
8740.0 0.0288201 0.00650803
8742.0 0.0255859 0.00672769
8744.0 0.0254145 0.0070192
8746.0 0.0248961 0.00718303
8748.0 0.0126571 0.00719514
8750.0 -0.00909186 0.00709019
8752.0 -0.0263878 0.006826
8754.0 -0.0461915 0.0063471
8756.0 -0.0559459 0.00597911
8758.0 -0.0492975 0.00568833
8760.0 -0.0341829 0.00552084
8762.0 -0.0187443 0.0054484
8764.0 -0.00364791 0.00544488
8766.0 0.00608821 0.00549455
8768.0 0.0144779 0.00559223
8770.0 0.0296902 0.0056599
8772.0 0.0420001 0.00572467
8774.0 0.0373783 0.00574882
8776.0 0.0279079 0.00570567
8778.0 0.019086 0.00570091
8780.0 0.0194648 0.00576987
8782.0 0.0264692 0.00588937
8784.0 0.0366112 0.00599214
8786.0 0.0576475 0.00610083
8788.0 0.0635568 0.00622666
8790.0 0.0496019 0.00638606
8792.0 0.034995 0.00648672
8794.0 0.0292545 0.00654356
8796.0 0.0221878 0.00658068
8798.0 0.0197962 0.00654159
8800.0 0.0259043 0.00641491
8802.0 0.0280645 0.00640884
8804.0 0.021573 0.00642383
8806.0 0.0184286 0.00671164
8808.0 0.0188043 0.00718379
8810.0 0.01653 0.00791019
8812.0 0.0202122 0.00881574
8814.0 0.0319795 0.00981945
8816.0 0.0293749 0.0108755
8818.0 0.0040464 0.0119897
8820.0 -0.0128336 0.0129339
8822.0 -0.0198133 0.0138353
8824.0 -0.0270467 0.0145129
8826.0 -0.0232924 0.015045
8828.0 -0.0169299 0.015328
8830.0 -0.0209191 0.0153506
8832.0 -0.0335164 0.0151802
8834.0 -0.0265814 0.0145845
8836.0 -0.00376822 0.0134727
8838.0 0.0218849 0.0126463
8840.0 0.0406767 0.0120057
8842.0 0.0469549 0.0115686
8844.0 0.0408981 0.0116423
8846.0 0.0222449 0.0121526
8848.0 0.0187298 0.0127891
8850.0 0.0287315 0.0137062
8852.0 0.0391412 0.0144719
8854.0 0.051845 0.0152322
8856.0 0.0670426 0.0156397
8858.0 0.0806452 0.0157509
8860.0 0.0984102 0.0156861
8862.0 0.102772 0.0154696
8864.0 0.0946177 0.015085
8866.0 0.0743112 0.014677
8868.0 0.0361553 0.0141814
8870.0 0.00965725 0.0136486
8872.0 0.0108365 0.0130311
8874.0 0.0339116 0.0124349
8876.0 0.0495715 0.0118662
8878.0 0.0686348 0.0112965
8880.0 0.070266 0.0107413
8882.0 0.050301 0.0101948
8884.0 0.031661 0.00964498
8886.0 0.0221286 0.00908796
8888.0 0.0224526 0.00864395
8890.0 0.0296988 0.00831439
8892.0 0.0392944 0.00801549
8894.0 0.0324568 0.00779367
8896.0 0.0129279 0.00763265
8898.0 0.00343804 0.00748052
8900.0 -0.000938967 0.00738
8902.0 -0.00199992 0.00728209
8904.0 0.0108675 0.00719802
8906.0 0.0323672 0.00707499
8908.0 0.0339726 0.00690648
8910.0 0.023986 0.00672302
8912.0 0.00840345 0.00656165
8914.0 -0.0217105 0.00639637
8916.0 -0.0437051 0.00629822
8918.0 -0.0443348 0.00626888
8920.0 -0.0248755 0.00626654
8922.0 -0.0129776 0.00629417
8924.0 0.00049519 0.00630564
8926.0 0.0122904 0.0062998
8928.0 0.0186724 0.00630889
8930.0 0.0204102 0.00637187
8932.0 0.0229934 0.00647077
8934.0 0.03199 0.00652058
8936.0 0.0413805 0.00653052
8938.0 0.0532599 0.00655891
8940.0 0.0510174 0.00658665
8942.0 0.0303721 0.00659223
8944.0 0.0234944 0.00657612
8946.0 0.032694 0.00643143
8948.0 0.04472 0.00670066
8950.0 0.0543479 0.00678416
8952.0 0.0549715 0.00821577
8954.0 0.0392152 0.0111175
8956.0 0.0102472 0.0137442
8958.0 0.00362474 0.0149487
8960.0 0.014753 0.01511
8962.0 0.0246103 0.0155289
8964.0 0.0317263 0.0158183
8966.0 0.0318112 0.0158204
8968.0 0.0302686 0.0154946
8970.0 0.0269054 0.0153473
8972.0 0.0284618 0.0152782
8974.0 0.0328031 0.0151479
8976.0 0.0351972 0.0149741
8978.0 0.0368398 0.01473
8980.0 0.0345265 0.0139345
8982.0 0.0280307 0.0124689
8984.0 0.025486 0.0113362
8986.0 0.0208061 0.0106405
8988.0 0.0176534 0.0101623
8990.0 0.0238447 0.00989752
8992.0 0.0357601 0.00973018
8994.0 0.0402798 0.00925522
8996.0 0.0414156 0.00860504
8998.0 0.040702 0.00804314
9000.0 0.0326713 0.00745136
9002.0 0.0210124 0.00703417
9004.0 0.0160914 0.00694263
9006.0 0.0147636 0.00698494
9008.0 0.0189387 0.00704914
9010.0 0.0311991 0.00712146
9012.0 0.0376247 0.00714191
9014.0 0.0358993 0.00679564
9016.0 0.0318348 0.00811356
9018.0 0.0271867 0.0103644
9020.0 0.028112 0.0130982
9022.0 0.0352301 0.016382
9024.0 0.0453239 0.01927
9026.0 0.0472145 0.0205936
9028.0 0.0431586 0.0209948
9030.0 0.0386385 0.0204597
9032.0 0.0339722 0.0186564
9034.0 0.0363669 0.0169455
9036.0 0.0419477 0.015186
9038.0 0.0494017 0.0135413
9040.0 0.0533109 0.0122695
9042.0 0.0561863 0.0113194
9044.0 0.055767 0.0104693
9046.0 0.0512975 0.00991163
9048.0 0.0415209 0.00954114
9050.0 0.0318136 0.00950083
9052.0 0.0246004 0.00938244
9054.0 0.0236506 0.00906355
9056.0 0.0315896 0.00886208
9058.0 0.0382323 0.00925574
9060.0 0.0438767 0.0101108
9062.0 0.0418345 0.0111625
9064.0 0.0371544 0.012676
9066.0 0.0320828 0.0132359
9068.0 0.0292714 0.012733
9070.0 0.028906 0.0117869
9072.0 0.0290197 0.0106639
9074.0 0.0300132 0.00945262
9076.0 0.0293965 0.00974246
9078.0 0.0266653 0.0111053
9080.0 0.0257686 0.0129936
9082.0 0.0271608 0.0158816
9084.0 0.0271904 0.0173384
9086.0 0.0266814 0.0174165
9088.0 0.0264183 0.0166496
9090.0 0.0258908 0.0152657
9092.0 0.0249627 0.0128369
9094.0 0.0252619 0.0114168
9096.0 0.0246906 0.0108668
9098.0 0.0202384 0.0109983
9100.0 0.0169208 0.0120534
9102.0 0.0196067 0.012685
9104.0 0.0255571 0.0125758
9106.0 0.0342641 0.0120263
9108.0 0.0329645 0.0116574
9110.0 0.0207009 0.0111345
9112.0 0.0135049 0.0124159
9114.0 0.0142005 0.0155254
9116.0 0.0217038 0.0174937
9118.0 0.0250837 0.0184448
9120.0 0.0250915 0.0185171
9122.0 0.0237052 0.0176056
9124.0 0.0215704 0.0155526
9126.0 0.0197671 0.0136128
9128.0 0.0165382 0.0111088
9130.0 0.0136864 0.00934951
9132.0 0.0133013 0.0087059
9134.0 0.0169627 0.00879607
9136.0 0.0232056 0.00973329
9138.0 0.031768 0.0111077
9140.0 0.0328595 0.0118734
9142.0 0.024308 0.0124047
9144.0 0.0253198 0.0125898
9146.0 0.0306518 0.0121545
9148.0 0.0310352 0.0123736
9150.0 0.0333274 0.0135307
9152.0 0.039501 0.014994
9154.0 0.0455459 0.016259
9156.0 0.0512965 0.0174016
9158.0 0.052314 0.017506
9160.0 0.0555272 0.0168234
9162.0 0.0511388 0.0156245
9164.0 0.0287384 0.0132183
9166.0 0.00607329 0.0109766
9168.0 0.00919497 0.00949419
9170.0 0.029845 0.00864155
9172.0 0.0362994 0.00814732
9174.0 0.0291324 0.00822993
9176.0 0.0240549 0.00835432
9178.0 0.0278499 0.00858299
9180.0 0.0324139 0.00912041
9182.0 0.0292485 0.0101238
9184.0 0.0217316 0.0111457
9186.0 0.0159588 0.0117912
9188.0 0.0107587 0.0121204
9190.0 0.011524 0.0122317
9192.0 0.0175154 0.0120715
9194.0 0.0160152 0.0122589
9196.0 0.0141055 0.0127916
9198.0 0.0134177 0.0133415
9200.0 0.0142184 0.0140188
9202.0 0.018512 0.0143708
9204.0 0.0233925 0.0137471
9206.0 0.029251 0.0122373
9208.0 0.0298369 0.0109027
9210.0 0.0253867 0.00934177
9212.0 0.0198765 0.00822686
9214.0 0.0191686 0.00782131
9216.0 0.0197226 0.0077193
9218.0 0.0165464 0.00768817
9220.0 0.0105073 0.00782838
9222.0 0.0109039 0.00791405
9224.0 0.0161333 0.0079931
9226.0 0.0218424 0.00812581
9228.0 0.0314978 0.00832392
9230.0 0.0424701 0.00856784
9232.0 0.0488543 0.00887356
9234.0 0.0549497 0.00920172
9236.0 0.0594595 0.00941528
9238.0 0.0620384 0.00954882
9240.0 0.0551692 0.00983769
9242.0 0.0433785 0.0102575
9244.0 0.0369972 0.0106596
9246.0 0.0331263 0.0111504
9248.0 0.0350361 0.0113882
9250.0 0.0318559 0.0112663
9252.0 0.0205148 0.0108704
9254.0 0.0102022 0.0103257
9256.0 0.00755119 0.00950574
9258.0 0.0118098 0.00888246
9260.0 0.0158207 0.00838983
9262.0 0.0240667 0.00810742
9264.0 0.0261062 0.00813379
9266.0 0.0232542 0.00826157
9268.0 0.0226949 0.00823774
9270.0 0.0234993 0.00812227
9272.0 0.025463 0.00794314
9274.0 0.0328858 0.00766151
9276.0 0.036652 0.00750421
9278.0 0.0332981 0.0074648
9280.0 0.0298055 0.0075122
9282.0 0.0367769 0.00760869
9284.0 0.0528317 0.0077384
9286.0 0.0647892 0.00794564
9288.0 0.0737801 0.00822076
9290.0 0.0759354 0.00845787
9292.0 0.0737435 0.00865152
9294.0 0.0744992 0.00893669
9296.0 0.0891034 0.00928028
9298.0 0.116362 0.00964915
9300.0 0.142134 0.0101221
9302.0 0.180931 0.0104598
9304.0 0.178296 0.0102225
9306.0 0.117842 0.00951351
9308.0 0.0568268 0.00891386
9310.0 0.00746744 0.00815596
9312.0 -0.0510404 0.00756599
9314.0 -0.0601649 0.00734781
9316.0 -0.0288941 0.00736752
9318.0 -0.0157897 0.00740886
9320.0 -0.0229553 0.0075167
9322.0 -0.0254699 0.00753172
9324.0 -0.0138994 0.00748968
9326.0 0.0272072 0.00747657
9328.0 0.0486765 0.00746638
9330.0 0.0488445 0.00747143
9332.0 0.0525314 0.00752031
9334.0 0.0627791 0.00761507
9336.0 0.0656327 0.00763118
9338.0 0.0544493 0.00758039
9340.0 0.0388375 0.00761348
9342.0 0.0374226 0.00769664
9344.0 0.0555747 0.00787369
9346.0 0.0462361 0.00818139
9348.0 0.0117241 0.00859259
9350.0 -0.00130474 0.00906689
9352.0 0.0218368 0.00961768
9354.0 0.0388998 0.00994716
9356.0 0.0190412 0.0101514
9358.0 -0.0127175 0.0101665
9360.0 -0.0103498 0.00993752
9362.0 0.0117624 0.00965505
9364.0 0.0401503 0.00942932
9366.0 0.0955348 0.00913075
9368.0 0.0918875 0.00880807
9370.0 -0.0152285 0.00849433
9372.0 -0.102135 0.00823302
9374.0 -0.0759641 0.00793651
9376.0 0.0251982 0.00770249
9378.0 0.0289833 0.00764114
9380.0 -0.0232165 0.00762006
9382.0 -0.0497409 0.00753937
9384.0 -0.0541706 0.00745654
9386.0 -0.0551353 0.00734645
9388.0 -0.0468274 0.00710372
9390.0 -0.0223925 0.00706915
9392.0 0.00242206 0.00746734
9394.0 0.0161323 0.00798085
9396.0 0.0121417 0.00808358
9398.0 -0.00443295 0.00785533
9400.0 3.86245e-05 0.00773238
9402.0 0.0227406 0.00755182
9404.0 0.0237506 0.00750788
9406.0 0.00921917 0.00758467
9408.0 0.00405941 0.00784825
9410.0 -0.00126088 0.00821753
9412.0 -0.0162747 0.00846542
9414.0 -0.026121 0.00869176
9416.0 -0.0280025 0.00890891
9418.0 -0.019385 0.00906959
9420.0 -0.004929 0.00921974
9422.0 0.0111878 0.00939906
9424.0 0.0314505 0.00958677
9426.0 0.0599873 0.00955279
9428.0 0.0984651 0.00936686
9430.0 0.160869 0.00910332
9432.0 0.175725 0.00883602
9434.0 0.113928 0.00854771
9436.0 0.056453 0.00838236
9438.0 0.0464314 0.00830082
9440.0 0.0466938 0.00825685
9442.0 0.0543301 0.00837234
9444.0 0.0811685 0.00855392
9446.0 0.0847563 0.00859609
9448.0 0.0650529 0.00850175
9450.0 0.0455476 0.00839351
9452.0 0.0158422 0.00824797
9454.0 -0.00618692 0.00812345
9456.0 -0.00552292 0.00797923
9458.0 0.000101364 0.00789827
9460.0 0.00908856 0.00784396
9462.0 0.0240493 0.00778572
9464.0 0.0384597 0.00775648
9466.0 0.0537201 0.00776603
9468.0 0.0759926 0.00775436
9470.0 0.0976846 0.00769156
9472.0 0.100726 0.00768639
9474.0 0.0707808 0.00776421
9476.0 0.0102516 0.0079178
9478.0 -0.0194076 0.00816295
9480.0 -0.0250687 0.00853364
9482.0 -0.0098314 0.00899597
9484.0 0.0217586 0.00956994
9486.0 0.0344514 0.0099978
9488.0 0.0230126 0.0102811
9490.0 -0.00881817 0.0105294
9492.0 -0.0372482 0.0106227
9494.0 -0.0690798 0.0109743
9496.0 -0.0778157 0.0120893
9498.0 -0.0634626 0.0136808
9500.0 -0.0539652 0.0165797
9502.0 -0.0328853 0.0201324
9504.0 -0.0100287 0.0236393
9506.0 -0.00790441 0.0276578
9508.0 -0.0113169 0.0309991
9510.0 -0.00967495 0.0331366
9512.0 -0.0081944 0.0342615
9514.0 -0.0111473 0.0345096
9516.0 -0.0157876 0.0338826
9518.0 -0.0227916 0.0331499
9520.0 -0.0240034 0.0320742
9522.0 0.00161496 0.0308499
9524.0 0.0365354 0.02947
9526.0 0.0819562 0.0277921
9528.0 0.0935846 0.0253263
9530.0 0.0724641 0.0221911
9532.0 0.0496582 0.0207918
9534.0 0.030362 0.0211929
9536.0 0.0204242 0.0214751
9538.0 0.0383938 0.0222783
9540.0 0.0890302 0.0223277
9542.0 0.131006 0.0209435
9544.0 0.18038 0.0187872
9546.0 0.197404 0.0175131
9548.0 0.176236 0.0166305
9550.0 0.123632 0.0162007
9552.0 0.0684438 0.0166454
9554.0 0.031749 0.0166315
9556.0 0.0298873 0.0158509
9558.0 0.0601779 0.015073
9560.0 0.0655795 0.0148657
9562.0 0.0387472 0.0150085
9564.0 0.0201537 0.018915
9566.0 0.0493789 0.0242388
9568.0 0.0923258 0.0311722
9570.0 0.0874447 0.0404766
9572.0 0.052185 0.0464127
9574.0 0.0420872 0.0492891
9576.0 0.0498935 0.0495367
9578.0 0.0563246 0.0455712
9580.0 0.0508752 0.0363669
9582.0 0.0447681 0.0288626
9584.0 0.0623976 0.0223165
9586.0 0.0999546 0.0169026
9588.0 0.113107 0.0141008
9590.0 0.115932 0.0132535
9592.0 0.10702 0.0128377
9594.0 0.0785795 0.0135424
9596.0 0.0469048 0.0142506
9598.0 0.0263165 0.0154591
9600.0 0.032208 0.016094
9602.0 0.0506772 0.0163083
9604.0 0.0751686 0.0160715
9606.0 0.0748258 0.0151483
9608.0 0.0538464 0.0141385
9610.0 0.0502763 0.0148888
9612.0 0.0727143 0.0167615
9614.0 0.0920779 0.0184759
9616.0 0.0838855 0.020442
9618.0 0.0508299 0.0217795
9620.0 0.0257123 0.0228032
9622.0 -0.00569966 0.0230255
9624.0 -0.0232926 0.0218703
9626.0 -0.0266151 0.0195576
9628.0 -0.0216529 0.019834
9630.0 -0.0138512 0.0216598
9632.0 -0.000412349 0.0250319
9634.0 0.00659192 0.0303904
9636.0 0.00249726 0.034363
9638.0 0.00665229 0.0369755
9640.0 0.0112282 0.0374512
9642.0 0.022102 0.0343128
9644.0 0.0524304 0.0271298
9646.0 0.08425 0.0226974
9648.0 0.0690608 0.0208237
9650.0 0.0158346 0.0211533
9652.0 0.0084808 0.0243378
9654.0 0.0270586 0.0272824
9656.0 0.0377034 0.0285065
9658.0 0.0447639 0.0285323
9660.0 0.0657524 0.0270378
9662.0 0.103528 0.0233184
9664.0 0.109714 0.0215336
9666.0 0.0921895 0.0215362
9668.0 0.0803996 0.0234333
9670.0 0.0816306 0.0273485
9672.0 0.0936202 0.0315911
9674.0 0.0872248 0.0337091
9676.0 0.0493009 0.0346783
9678.0 0.0164492 0.0333813
9680.0 0.0417643 0.0290249
9682.0 0.108436 0.0249133
9684.0 0.103328 0.0207264
9686.0 0.0575865 0.0174122
9688.0 0.0315097 0.0161072
9690.0 0.00643473 0.0169398
9692.0 -0.0220818 0.0193017
9694.0 -0.0406851 0.0231809
9696.0 -0.0272608 0.0253752
9698.0 0.00722513 0.027083
9700.0 0.0475212 0.0271661
9702.0 0.0713973 0.0249577
9704.0 0.102061 0.021767
9706.0 0.109515 0.0197621
9708.0 0.0778302 0.0180576
9710.0 0.038273 0.0177304
9712.0 0.00494797 0.0191112
9714.0 -0.0287911 0.0207706
9716.0 -0.03924 0.0228648
9718.0 -0.0439203 0.0238789
9720.0 -0.03266 0.0235631
9722.0 0.0101798 0.0221307
9724.0 0.0476118 0.020586
9726.0 0.0539565 0.0183468
9728.0 0.0499696 0.0173163
9730.0 0.060993 0.0178187
9732.0 0.0668313 0.0182991
9734.0 0.0668873 0.01851
9736.0 0.0760358 0.0189538
9738.0 0.0690667 0.0192325
9740.0 0.0256904 0.0190835
9742.0 -0.0144153 0.0202229
9744.0 -0.00764426 0.0226012
9746.0 0.02526 0.0244318
9748.0 0.0292114 0.0258108
9750.0 0.0122052 0.0263877
9752.0 0.0037887 0.0260697
9754.0 0.00504222 0.0251603
9756.0 0.0186746 0.0255618
9758.0 0.0353935 0.0268854
9760.0 0.0317794 0.0290952
9762.0 0.0380312 0.0330044
9764.0 0.0503901 0.0345909
9766.0 0.0463177 0.0335318
9768.0 0.0329453 0.0305946
9770.0 0.0289975 0.0269352
9772.0 0.0276623 0.0219619
9774.0 0.0461643 0.0191234
9776.0 0.0915325 0.0186588
9778.0 0.117811 0.0181717
9780.0 0.0995978 0.0177341
9782.0 0.0502591 0.017201
9784.0 0.0170788 0.017066
9786.0 -0.0354269 0.0172561
9788.0 -0.0560968 0.0170809
9790.0 -0.011912 0.0167751
9792.0 0.0849974 0.0168351
9794.0 0.117421 0.0170479
9796.0 0.0715439 0.0176421
9798.0 0.0526083 0.0190924
9800.0 0.0310196 0.0203714
9802.0 0.0182118 0.0205996
9804.0 0.0192145 0.0202683
9806.0 0.0342886 0.0203479
9808.0 0.0348945 0.0204628
9810.0 0.0137424 0.021016
9812.0 -0.00217761 0.0222541
9814.0 -0.0195361 0.0233959
9816.0 -0.0161477 0.0241257
9818.0 0.00886956 0.0245133
9820.0 0.0199878 0.0240087
9822.0 0.0111085 0.0225321
9824.0 -0.00419999 0.0212677
9826.0 -0.00704074 0.019977
9828.0 0.0222124 0.0190339
9830.0 0.0285975 0.018489
9832.0 -0.0063635 0.0182061
9834.0 -0.0265492 0.0181155
9836.0 -0.021794 0.0182648
9838.0 -0.000848301 0.0183459
9840.0 0.00118628 0.0184698
9842.0 -0.0138817 0.0184927
9844.0 0.000841615 0.0183356
9846.0 0.055388 0.0183062
9848.0 0.0830444 0.018369
9850.0 0.0870468 0.0184547
9852.0 0.0936747 0.0190311
9854.0 0.116717 0.0198433
9856.0 0.143648 0.021215
9858.0 0.163487 0.0234527
9860.0 0.197955 0.0251386
9862.0 0.170134 0.0258747
9864.0 0.0693004 0.0258581
9866.0 0.0438589 0.0257244
9868.0 0.0904271 0.0253725
9870.0 0.112475 0.0258776
9872.0 0.0909449 0.0270289
9874.0 0.0803272 0.0280677
9876.0 0.0844139 0.0292638
9878.0 0.070112 0.0299754
9880.0 0.0758665 0.0298279
9882.0 0.116445 0.0289747
9884.0 0.118745 0.0281056
9886.0 0.0626406 0.0267303
9888.0 0.0130121 0.0268248
9890.0 -0.0469436 0.0284796
9892.0 -0.138642 0.0298461
9894.0 -0.098576 0.0308659
9896.0 0.064194 0.0314478
9898.0 0.144185 0.030735
9900.0 0.190885 0.0284389
9902.0 0.18731 0.0278329
9904.0 0.0922954 0.0279982
9906.0 -0.0167601 0.0290979
9908.0 -0.0453132 0.0314846
9910.0 0.000884324 0.0336942
9912.0 0.0164585 0.035151
9914.0 -0.0374821 0.0361209
9916.0 -0.0181534 0.0363798
9918.0 -0.0508857 0.0361918
9920.0 -0.0565773 0.0351704
9922.0 -0.0505368 0.032491
9924.0 -0.0368072 0.0306703
9926.0 -0.000511268 0.0309137
9928.0 0.0260213 0.0319461
9930.0 0.00258617 0.0327792
9932.0 -0.0563075 0.0340751
9934.0 -0.0837537 0.0343136
9936.0 -0.105784 0.0336891
9938.0 -0.109844 0.033071
9940.0 -0.151841 0.0326294
9942.0 -0.0629111 0.0319909
9944.0 -0.0447197 0.0305312
9946.0 -0.0481031 0.0284663
9948.0 -0.0197736 0.0271995
9950.0 0.0537553 0.0263063
9952.0 0.10107 0.0259944
9954.0 0.12187 0.0266214
9956.0 0.163694 0.0269237
9958.0 0.139804 0.0264214
9960.0 0.0423263 0.0257353
9962.0 0.0329601 0.0258559
9964.0 0.082183 0.0267253
9966.0 0.100598 0.0270646
9968.0 0.087028 0.0268846
9970.0 0.0906023 0.0273484
9972.0 0.0798754 0.027876
9974.0 0.0494219 0.0297089
9976.0 0.0635902 0.033407
9978.0 0.117822 0.0381701
9980.0 0.115556 0.0430035
9982.0 0.0486295 0.0489075
9984.0 -0.00682012 0.0519692
9986.0 -0.0335054 0.0535509
9988.0 -0.0390981 0.0537507
9990.0 -0.0117293 0.0522038
9992.0 0.0685963 0.0499601
9994.0 0.127907 0.0479112
9996.0 0.190289 0.0453239
9998.0 0.189316 0.04304
10000.0 0.102094 0.0406694
