                MJD               R_low               R_med              R_high               T_low               T_med              T_high                   L_low                   L_med                  L_high 
            55738.6                 0.0                 0.0                 0.0                 nan                 nan                 nan  1.2334563558531916e+30  2.2483548967017682e+30   5.004238375232844e+30 
    55741.564160401                 0.0                 0.0                 0.0                 nan                 nan                 nan  1.2334563558531916e+30  2.2483548967017682e+30   5.004238375232844e+30 
 55744.528320802005                 0.0                 0.0                 0.0                 nan                 nan                 nan  1.2334563558531916e+30  2.2483548967017682e+30   5.004238375232844e+30 
  55747.49248120301                 0.0                 0.0                 0.0                 nan                 nan                 nan  1.2334563558531916e+30  2.2483548967017682e+30   5.004238375232844e+30 
  55750.45664160401                 0.0                 0.0                 0.0                 nan                 nan                 nan  1.2334563558531916e+30  2.2483548967017682e+30   5.004238375232844e+30 
 55753.420802005014                 0.0                 0.0                 0.0                 nan                 nan                 nan  1.2334563558531916e+30  2.2483548967017682e+30   5.004238375232844e+30 
  55756.38496240602                 0.0                 0.0                 0.0                 nan                 nan                 nan  1.2334563558531916e+30  2.2483548967017682e+30   5.004238375232844e+30 
  55759.34912280702                 0.0                 0.0                 0.0                 nan                 nan                 nan  1.2334563558531916e+30  2.2483548967017682e+30   5.004238375232844e+30 
 55762.313283208015                 0.0                 0.0                 0.0                 nan                 nan                 nan  1.2334563558531916e+30  2.2483548967017682e+30   5.004238375232844e+30 
  55765.27744360902                 0.0                 0.0                 0.0                 nan                 nan                 nan  1.2334563558531916e+30  2.2483548967017682e+30   5.004238375232844e+30 
  55768.24160401002                 0.0                 0.0                 0.0                 nan                 nan                 nan  1.2334563558531916e+30  2.2483548967017682e+30   5.004238375232844e+30 
 55771.205764411025                 0.0                 0.0                 0.0                 nan                 nan                 nan  1.2334563558531916e+30  2.2483548967017682e+30   5.004238375232844e+30 
  55774.16992481203                 0.0                 0.0                 0.0                 nan                 nan                 nan  1.2334563558531916e+30  2.2483548967017682e+30   5.004238375232844e+30 
  55777.13408521303                 0.0                 0.0                 0.0                 nan                 nan                 nan  1.2334563558531916e+30  2.2483548967017682e+30   5.004238375232844e+30 
 55780.098245614034                 0.0                 0.0                 0.0                 nan                 nan                 nan  1.2334563558531916e+30  2.2483548967017682e+30   5.004238375232844e+30 
  55783.06240601504                 0.0                 0.0                 0.0                 nan                 nan                 nan  1.2334563558531916e+30  2.2483548967017682e+30   5.004238375232844e+30 
  55786.02656641604                 0.0                 0.0                 0.0                 nan                 nan                 nan  1.2334563558531916e+30  2.2483548967017682e+30   5.004238375232844e+30 
  55788.99072681704                 0.0                 0.0                 0.0                 nan                 nan                 nan  1.2334563558531916e+30  2.2483548967017682e+30   5.004238375232844e+30 
 55791.954887218046                 0.0                 0.0                 0.0                 nan                 nan                 nan  1.2334563558531916e+30  2.2483548967017682e+30   5.004238375232844e+30 
  55794.91904761905                 0.0                 0.0                 0.0                 nan                 nan                 nan  1.2334563558531916e+30  2.2483548967017682e+30   5.004238375232844e+30 
  55797.88320802005                 0.0                 0.0                 0.0                 nan                 nan                 nan  1.2334563558531916e+30  2.2483548967017682e+30   5.004238375232844e+30 
 55800.847368421055                 0.0                 0.0                 0.0                 nan                 nan                 nan  1.2334563558531916e+30  2.2483548967017682e+30   5.004238375232844e+30 
  55803.81152882205                 0.0                 0.0                 0.0                 nan                 nan                 nan  1.2334563558531916e+30  2.2483548967017682e+30   5.004238375232844e+30 
  55806.77568922305                 0.0                 0.0                 0.0                 nan                 nan                 nan  1.2334563558531916e+30  2.2483548967017682e+30   5.004238375232844e+30 
  55809.73984962406                 0.0                 0.0                 0.0                 nan                 nan                 nan  1.2334563558531916e+30  2.2483548967017682e+30   5.004238375232844e+30 
  55812.70401002506                 0.0                 0.0                 0.0                 nan                 nan                 nan  1.2334563558531916e+30  2.2483548967017682e+30   5.004238375232844e+30 
  55815.66817042606                 0.0                 0.0                 0.0                 nan                 nan                 nan  1.2334563558531916e+30  2.2483548967017682e+30   5.004238375232844e+30 
 55818.632330827066                 0.0                 0.0                 0.0                 nan                 nan                 nan  1.2334563558531916e+30  2.2483548967017682e+30   5.004238375232844e+30 
  55821.59649122807                 0.0                 0.0                 0.0                 nan                 nan                 nan  1.2334563558531916e+30  2.2483548967017682e+30   5.004238375232844e+30 
  55824.56065162907                 0.0                 0.0                 0.0                 nan                 nan                 nan  1.2334563558531916e+30  2.2483548967017682e+30   5.004238375232844e+30 
 55827.524812030075                 0.0                 0.0                 0.0                 nan                 nan                 nan  1.2334563558531916e+30  2.2483548967017682e+30   5.004238375232844e+30 
  55830.48897243108                 0.0                 0.0                 0.0                 nan                 nan                 nan  1.2334563558531916e+30  2.2483548967017682e+30   5.004238375232844e+30 
  55833.45313283208                 0.0                 0.0                 0.0                 nan                 nan                 nan  1.2334563558531916e+30  2.2483548967017682e+30   5.004238375232844e+30 
 55836.417293233084                 0.0                 0.0                 0.0                 nan                 nan                 nan  1.2334563558531916e+30  2.2483548967017682e+30   5.004238375232844e+30 
  55839.38145363409                 0.0                 0.0                 0.0                 nan                 nan                 nan  1.2334563558531916e+30  2.2483548967017682e+30   5.004238375232844e+30 
  55842.34561403509                 0.0                 0.0                 0.0                 nan                 nan                 nan  1.2334563558531916e+30  2.2483548967017682e+30   5.004238375232844e+30 
 55845.309774436086                 0.0                 0.0                 0.0                 nan                 nan                 nan  1.2334563558531916e+30  2.2483548967017682e+30   5.004238375232844e+30 
  55848.27393483709                 0.0                 0.0                 0.0                 nan                 nan                 nan  1.2334563558531916e+30  2.2483548967017682e+30   5.004238375232844e+30 
  55851.23809523809                 0.0                 0.0                 0.0                 nan                 nan                 nan  1.2334563558531916e+30  2.2483548967017682e+30   5.004238375232844e+30 
 55854.202255639095                 0.0                 0.0                 0.0                 nan                 nan                 nan  1.2334563558531916e+30  2.2483548967017682e+30   5.004238375232844e+30 
   55857.1664160401                 0.0                 0.0                 0.0                 nan                 nan                 nan  1.2334563558531916e+30  2.2483548967017682e+30   5.004238375232844e+30 
   55860.1305764411                 0.0                 0.0                 0.0                 nan                 nan                 nan  1.2334563558531916e+30  2.2483548967017682e+30   5.004238375232844e+30 
 55863.094736842104                 0.0                 0.0                 0.0                 nan                 nan                 nan  1.2334563558531916e+30  2.2483548967017682e+30   5.004238375232844e+30 
  55866.05889724311                 0.0                 0.0                 0.0                 nan                 nan                 nan  1.2334563558531916e+30  2.2483548967017682e+30   5.004238375232844e+30 
  55869.02305764411                 0.0                 0.0                 0.0                 nan                 nan                 nan  1.2334563558531916e+30  2.2483548967017682e+30   5.004238375232844e+30 
  55871.98721804511                 0.0                 0.0                 0.0                 nan                 nan                 nan  1.2334563558531916e+30  2.2483548967017682e+30   5.004238375232844e+30 
 55874.951378446116                 0.0                 0.0                 0.0                 nan                 nan                 nan  1.2334563558531916e+30  2.2483548967017682e+30   5.004238375232844e+30 
  55877.91553884712                 0.0                 0.0                 0.0                 nan                 nan                 nan  1.2334563558531916e+30  2.2483548967017682e+30   5.004238375232844e+30 
  55880.87969924812                 0.0                 0.0                 0.0                 nan                 nan                 nan  1.2334563558531916e+30  2.2483548967017682e+30   5.004238375232844e+30 
 55883.843859649125                 0.0                 0.0                 0.0                 nan                 nan                 nan  1.2334563558531916e+30  2.2483548967017682e+30   5.004238375232844e+30 
  55886.80802005012                 0.0                 0.0                 0.0                 nan                 nan                 nan  1.2334563558531916e+30  2.2483548967017682e+30   5.004238375232844e+30 
 55889.772180451124                 0.0                 0.0                 0.0                 nan                 nan                 nan  1.2334563558531916e+30  2.2483548967017682e+30   5.004238375232844e+30 
  55892.73634085213                 0.0                 0.0                 0.0                 nan                 nan                 nan  1.2334563558531916e+30  2.2483548967017682e+30   5.004238375232844e+30 
  55895.70050125313                 0.0                 0.0                 0.0                 nan                 nan                 nan  1.2334563558531916e+30  2.2483548967017682e+30   5.004238375232844e+30 
  55898.66466165413                 0.0                 0.0                 0.0                 nan                 nan                 nan  1.2334563558531916e+30  2.2483548967017682e+30   5.004238375232844e+30 
 55901.628822055136                 0.0                 0.0                 0.0                 nan                 nan                 nan  1.2334563558531916e+30  2.2483548967017682e+30   5.004238375232844e+30 
  55904.59298245614                 0.0                 0.0                 0.0                 nan                 nan                 nan  1.2334563558531916e+30  2.2483548967017682e+30   5.004238375232844e+30 
  55907.55714285714                 0.0                 0.0                 0.0                 nan                 nan                 nan  1.2334563558531916e+30  2.2483548967017682e+30   5.004238375232844e+30 
 55910.521303258145                 0.0                 0.0                 0.0                 nan                 nan                 nan  1.2334563558531916e+30  2.2483548967017682e+30   5.004238375232844e+30 
  55913.48546365915                 0.0                 0.0                 0.0                 nan                 nan                 nan  1.2334563558531916e+30  2.2483548967017682e+30   5.004238375232844e+30 
  55916.44962406015                 0.0                 0.0                 0.0                 nan                 nan                 nan  1.2334563558531916e+30  2.2483548967017682e+30   5.004238375232844e+30 
 55919.413784461154                 0.0                 0.0                 0.0                 nan                 nan                 nan  1.2334563558531916e+30  2.2483548967017682e+30   5.004238375232844e+30 
  55922.37794486216                 0.0                 0.0                 0.0                 nan                 nan                 nan  1.2334563558531916e+30  2.2483548967017682e+30   5.004238375232844e+30 
  55925.34210526316                 0.0                 0.0                 0.0                 nan                 nan                 nan  1.2334563558531916e+30  2.2483548967017682e+30   5.004238375232844e+30 
  55928.30626566416                 0.0                 0.0                 0.0                 nan                 nan                 nan  1.2334563558531916e+30  2.2483548967017682e+30   5.004238375232844e+30 
  55931.27042606516                 0.0                 0.0                 0.0                 nan                 nan                 nan  1.2334563558531916e+30  2.2483548967017682e+30   5.004238375232844e+30 
  55934.23458646616                 0.0                 0.0                 0.0                 nan                 nan                 nan  1.2334563558531916e+30  2.2483548967017682e+30   5.004238375232844e+30 
 55937.198746867165                 0.0                 0.0                 0.0                 nan                 nan                 nan  1.2334563558531916e+30  2.2483548967017682e+30   5.004238375232844e+30 
  55940.16290726817                 0.0                 0.0                 0.0                 nan                 nan                 nan  1.2334563558531916e+30  2.2483548967017682e+30   5.004238375232844e+30 
  55943.12706766917                 0.0                 0.0                 0.0                 nan                 nan                 nan  1.2334563558531916e+30  2.2483548967017682e+30   5.004238375232844e+30 
 55946.091228070174                 0.0                 0.0                 0.0                 nan                 nan                 nan  1.2334563558531916e+30  2.2483548967017682e+30   5.004238375232844e+30 
  55949.05538847118                 0.0                 0.0                 0.0                 nan                 nan                 nan  1.2334563558531916e+30  2.2483548967017682e+30   5.004238375232844e+30 
  55952.01954887218                 0.0                 0.0                 0.0                 nan                 nan                 nan  1.2334563558531916e+30  2.2483548967017682e+30   5.004238375232844e+30 
  55954.98370927318                 0.0                 0.0                 0.0                 nan                 nan                 nan  1.2334563558531916e+30  2.2483548967017682e+30   5.004238375232844e+30 
 55957.947869674186                 0.0                 0.0                 0.0                 nan                 nan                 nan  1.2334563558531916e+30  2.2483548967017682e+30   5.004238375232844e+30 
  55960.91203007519                 0.0                 0.0                 0.0                 nan                 nan                 nan  1.2334563558531916e+30  2.2483548967017682e+30   5.004238375232844e+30 
  55963.87619047619                 0.0                 0.0                 0.0                 nan                 nan                 nan  1.2334563558531916e+30  2.2483548967017682e+30   5.004238375232844e+30 
 55966.840350877195                 0.0                 0.0                 0.0                 nan                 nan                 nan  1.2334563558531916e+30  2.2483548967017682e+30   5.004238375232844e+30 
   55969.8045112782                 0.0                 0.0                 0.0                 nan                 nan                 nan  1.2334563558531916e+30  2.2483548967017682e+30   5.004238375232844e+30 
 55972.768671679194                 0.0                 0.0                 0.0                 nan                 nan                 nan  1.2334563558531916e+30  2.2483548967017682e+30   5.004238375232844e+30 
   55975.7328320802                 0.0                 0.0                 0.0                 nan                 nan                 nan  1.2334563558531916e+30  2.2483548967017682e+30   5.004238375232844e+30 
   55978.6969924812                 0.0                 0.0                 0.0                 nan                 nan                 nan  1.2334563558531916e+30  2.2483548967017682e+30   5.004238375232844e+30 
   55981.6611528822                 0.0                 0.0                 0.0                 nan                 nan                 nan  1.2334563558531916e+30  2.2483548967017682e+30   5.004238375232844e+30 
 55984.625313283206                 0.0                 0.0                 0.0                 nan                 nan                 nan  1.2334563558531916e+30  2.2483548967017682e+30   5.004238375232844e+30 
  55987.58947368421                 0.0                 0.0                 0.0                 nan                 nan                 nan  1.2334563558531916e+30  2.2483548967017682e+30   5.004238375232844e+30 
  55990.55363408521                 0.0                 0.0                 0.0                 nan                 nan                 nan  1.2334563558531916e+30  2.2483548967017682e+30   5.004238375232844e+30 
 55993.517794486215                 0.0                 0.0                 0.0                 nan                 nan                 nan  1.2334563558531916e+30  2.2483548967017682e+30   5.004238375232844e+30 
  55996.48195488722                 0.0                 0.0                 0.0                 nan                 nan                 nan  1.2334563558531916e+30  2.2483548967017682e+30   5.004238375232844e+30 
  55999.44611528822                 0.0                 0.0                 0.0                 nan                 nan                 nan  1.2334563558531916e+30  2.2483548967017682e+30   5.004238375232844e+30 
 56002.410275689224                 0.0                 0.0                 0.0                 nan                 nan                 nan  1.2334563558531916e+30  2.2483548967017682e+30   5.004238375232844e+30 
  56005.37443609023                 0.0                 0.0                 0.0                 nan                 nan                 nan  1.2334563558531916e+30  2.2483548967017682e+30   5.004238375232844e+30 
  56008.33859649123                 0.0                 0.0                 0.0                 nan                 nan                 nan  1.2334563558531916e+30  2.2483548967017682e+30   5.004238375232844e+30 
  56011.30275689223                 0.0                 0.0                 0.0                 nan                 nan                 nan  1.2334563558531916e+30  2.2483548967017682e+30   5.004238375232844e+30 
  56014.26691729323                 0.0                 0.0                 0.0                 nan                 nan                 nan  1.2334563558531916e+30  2.2483548967017682e+30   5.004238375232844e+30 
  56017.23107769423                 0.0                 0.0                 0.0                 nan                 nan                 nan  1.2334563558531916e+30  2.2483548967017682e+30   5.004238375232844e+30 
 56020.195238095235                 0.0                 0.0                 0.0                 nan                 nan                 nan  1.2334563558531916e+30  2.2483548967017682e+30   5.004238375232844e+30 
  56023.15939849624                 0.0                 0.0                 0.0                 nan                 nan                 nan  1.2334563558531916e+30  2.2483548967017682e+30   5.004238375232844e+30 
  56026.12355889724                 0.0                 0.0                 0.0                 nan                 nan                 nan  1.2334563558531916e+30  2.2483548967017682e+30   5.004238375232844e+30 
 56029.087719298244                 0.0                 0.0                 0.0                 nan                 nan                 nan  1.2334563558531916e+30  2.2483548967017682e+30   5.004238375232844e+30 
  56032.05187969925                 0.0                 0.0                 0.0                 nan                 nan                 nan  1.2334563558531916e+30  2.2483548967017682e+30   5.004238375232844e+30 
  56035.01604010025                 0.0                 0.0                 0.0                 nan                 nan                 nan  1.2334563558531916e+30  2.2483548967017682e+30   5.004238375232844e+30 
  56037.98020050125                 0.0                 0.0                 0.0                 nan                 nan                 nan  1.2334563558531916e+30  2.2483548967017682e+30   5.004238375232844e+30 
  56040.94436090226                 0.0                 0.0                 0.0                 nan                 nan                 nan  1.2334563558531916e+30  2.2483548967017682e+30   5.004238375232844e+30 
  56043.90852130326                 0.0                 0.0                 0.0                 nan                 nan                 nan  1.2334563558531916e+30  2.2483548967017682e+30   5.004238375232844e+30 
  56046.87268170426                 0.0                 0.0                 0.0                 nan                 nan                 nan  1.2334563558531916e+30  2.2483548967017682e+30   5.004238375232844e+30 
 56049.836842105266                 0.0                 0.0                 0.0                 nan                 nan                 nan  1.2334563558531916e+30  2.2483548967017682e+30   5.004238375232844e+30 
  56052.80100250627                 0.0                 0.0                 0.0                 nan                 nan                 nan  1.2334563558531916e+30  2.2483548967017682e+30   5.004238375232844e+30 
 56055.765162907264                 0.0                 0.0                 0.0                 nan                 nan                 nan  1.2334563558531916e+30  2.2483548967017682e+30   5.004238375232844e+30 
  56058.72932330827                 0.0                 0.0                 0.0                 nan                 nan                 nan  1.2334563558531916e+30  2.2483548967017682e+30   5.004238375232844e+30 
  56061.69348370927                 0.0                 0.0                 0.0                 nan                 nan                 nan  1.2334563558531916e+30  2.2483548967017682e+30   5.004238375232844e+30 
  56064.65764411027                 0.0                 0.0                 0.0                 nan                 nan                 nan  1.2334563558531916e+30  2.2483548967017682e+30   5.004238375232844e+30 
  56067.62180451128                 0.0                 0.0                 0.0                 nan                 nan                 nan  1.2334563558531916e+30  2.2483548967017682e+30   5.004238375232844e+30 
  56070.58596491228                 0.0                 0.0                 0.0                 nan                 nan                 nan  1.2334563558531916e+30  2.2483548967017682e+30   5.004238375232844e+30 
  56073.55012531328                 0.0                 0.0                 0.0                 nan                 nan                 nan  1.2334563558531916e+30  2.2483548967017682e+30   5.004238375232844e+30 
 56076.514285714286                 0.0                 0.0                 0.0                 nan                 nan                 nan  1.2334563558531916e+30  2.2483548967017682e+30   5.004238375232844e+30 
  56079.47844611529                 0.0                 0.0                 0.0                 nan                 nan                 nan  1.2334563558531916e+30  2.2483548967017682e+30   5.004238375232844e+30 
  56082.44260651629                 0.0                 0.0                 0.0                 nan                 nan                 nan  1.2334563558531916e+30  2.2483548967017682e+30   5.004238375232844e+30 
 56085.406766917295                 0.0                 0.0                 0.0                 nan                 nan                 nan  1.2334563558531916e+30  2.2483548967017682e+30   5.004238375232844e+30 
   56088.3709273183                 0.0                 0.0                 0.0                 nan                 nan                 nan  1.2334563558531916e+30  2.2483548967017682e+30   5.004238375232844e+30 
   56091.3350877193                 0.0                 0.0                 0.0                 nan                 nan                 nan  1.2334563558531916e+30  2.2483548967017682e+30   5.004238375232844e+30 
 56094.299248120304                 0.0                 0.0                 0.0                 nan                 nan                 nan  1.2334563558531916e+30  2.2483548967017682e+30   5.004238375232844e+30 
  56097.26340852131                 0.0                 0.0                 0.0                 nan                 nan                 nan  1.2334563558531916e+30  2.2483548967017682e+30   5.004238375232844e+30 
   56100.2275689223                 0.0                 0.0                 0.0                 nan                 nan                 nan  1.2334563558531916e+30  2.2483548967017682e+30   5.004238375232844e+30 
 56103.191729323305                 0.0                 0.0                 0.0                 nan                 nan                 nan  1.2334563558531916e+30  2.2483548967017682e+30   5.004238375232844e+30 
  56106.15588972431                 0.0                 0.0                 0.0                 nan                 nan                 nan  1.2334563558531916e+30  2.2483548967017682e+30   5.004238375232844e+30 
  56109.12005012531                 0.0                 0.0                 0.0                 nan                 nan                 nan  1.2334563558531916e+30  2.2483548967017682e+30   5.004238375232844e+30 
 56112.084210526315                 0.0                 0.0                 0.0                 nan                 nan                 nan  1.2334563558531916e+30  2.2483548967017682e+30   5.004238375232844e+30 
  56115.04837092732                 0.0                 0.0                 0.0                 nan                 nan                 nan  1.2334563558531916e+30  2.2483548967017682e+30   5.004238375232844e+30 
  56118.01253132832                 0.0                 0.0                 0.0                 nan                 nan                 nan  1.2334563558531916e+30  2.2483548967017682e+30   5.004238375232844e+30 
 56120.976691729324                 0.0                 0.0                 0.0                 nan                 nan                 nan  1.2334563558531916e+30  2.2483548967017682e+30   5.004238375232844e+30 
  56123.94085213033                 0.0                 0.0                 0.0                 nan                 nan                 nan  1.2334563558531916e+30  2.2483548967017682e+30   5.004238375232844e+30 
  56126.90501253133                 0.0                 0.0                 0.0                 nan                 nan                 nan  1.2334563558531916e+30  2.2483548967017682e+30   5.004238375232844e+30 
  56129.86917293233                 0.0                 0.0                 0.0                 nan                 nan                 nan  1.2334563558531916e+30  2.2483548967017682e+30   5.004238375232844e+30 
 56132.833333333336                 0.0                 0.0                 0.0                 nan                 nan                 nan  1.2334563558531916e+30  2.2483548967017682e+30   5.004238375232844e+30 
  56135.79749373434                 0.0                 0.0                 0.0                 nan                 nan                 nan  1.2334563558531916e+30  2.2483548967017682e+30   5.004238375232844e+30 
  56138.76165413534                 0.0                 0.0                 0.0                 nan                 nan                 nan  1.2334563558531916e+30  2.2483548967017682e+30   5.004238375232844e+30 
  56141.72581453634                 0.0                 0.0                 0.0                 nan                 nan                 nan  1.2334563558531916e+30  2.2483548967017682e+30   5.004238375232844e+30 
  56144.68997493734                 0.0                 0.0                 0.0                 nan                 nan                 nan  1.2334563558531916e+30  2.2483548967017682e+30   5.004238375232844e+30 
  56147.65413533834                 0.0                 0.0                 0.0                 nan                 nan                 nan  1.2334563558531916e+30  2.2483548967017682e+30   5.004238375232844e+30 
  56150.61829573935                 0.0                 0.0                 0.0                 nan                 nan                 nan  1.2334563558531916e+30  2.2483548967017682e+30   5.004238375232844e+30 
  56153.58245614035                 0.0                 0.0                 0.0                 nan                 nan                 nan  1.2334563558531916e+30  2.2483548967017682e+30   5.004238375232844e+30 
  56156.54661654135                 0.0                 0.0                 0.0                 nan                 nan                 nan  1.2334563558531916e+30  2.2483548967017682e+30   5.004238375232844e+30 
 56159.510776942356                 0.0                 0.0                 0.0                 nan                 nan                 nan  1.2334563558531916e+30  2.2483548967017682e+30   5.004238375232844e+30 
  56162.47493734336                 0.0                 0.0                 0.0                 nan                 nan                 nan  1.2334563558531916e+30  2.2483548967017682e+30   5.004238375232844e+30 
  56165.43909774436                 0.0                 0.0                 0.0                 nan                 nan                 nan  1.2334563558531916e+30  2.2483548967017682e+30   5.004238375232844e+30 
 56168.403258145365                 0.0                 0.0                 0.0                 nan                 nan                 nan  1.2334563558531916e+30  2.2483548967017682e+30   5.004238375232844e+30 
  56171.36741854637                 0.0                 0.0                 0.0                 nan                 nan                 nan  1.2334563558531916e+30  2.2483548967017682e+30   5.004238375232844e+30 
  56174.33157894737                 0.0                 0.0                 0.0                 nan                 nan                 nan  1.2334563558531916e+30  2.2483548967017682e+30   5.004238375232844e+30 
 56177.295739348374                 0.0                 0.0                 0.0                 nan                 nan                 nan  1.2334563558531916e+30  2.2483548967017682e+30   5.004238375232844e+30 
  56180.25989974938                 0.0                 0.0                 0.0                 nan                 nan                 nan  1.2334563558531916e+30  2.2483548967017682e+30   5.004238375232844e+30 
  56183.22406015037                 0.0                 0.0                 0.0                 nan                 nan                 nan  1.2334563558531916e+30  2.2483548967017682e+30   5.004238375232844e+30 
 56186.188220551376                 0.0                 0.0                 0.0                 nan                 nan                 nan  1.2334563558531916e+30  2.2483548967017682e+30   5.004238375232844e+30 
  56189.15238095238                 0.0                 0.0                 0.0                 nan                 nan                 nan  1.2334563558531916e+30  2.2483548967017682e+30   5.004238375232844e+30 
  56192.11654135338                 0.0                 0.0                 0.0                 nan                 nan                 nan  1.2334563558531916e+30  2.2483548967017682e+30   5.004238375232844e+30 
 56195.080701754385                 0.0                 0.0                 0.0                 nan                 nan                 nan  1.2334563558531916e+30  2.2483548967017682e+30   5.004238375232844e+30 
  56198.04486215539                 0.0                 0.0                 0.0                 nan                 nan                 nan  1.2334563558531916e+30  2.2483548967017682e+30   5.004238375232844e+30 
  56201.00902255639                 0.0                 0.0                 0.0                 nan                 nan                 nan  1.2334563558531916e+30  2.2483548967017682e+30   5.004238375232844e+30 
 56203.973182957394                 0.0                 0.0                 0.0                 nan                 nan                 nan  1.2334563558531916e+30  2.2483548967017682e+30   5.004238375232844e+30 
   56206.9373433584                 0.0                 0.0                 0.0                 nan                 nan                 nan  1.2334563558531916e+30  2.2483548967017682e+30   5.004238375232844e+30 
   56209.9015037594                 0.0                 0.0                 0.0                 nan                 nan                 nan  1.2334563558531916e+30  2.2483548967017682e+30   5.004238375232844e+30 
   56212.8656641604                 0.0                 0.0                 0.0                 nan                 nan                 nan  1.2334563558531916e+30  2.2483548967017682e+30   5.004238375232844e+30 
 56215.829824561406                 0.0                 0.0                 0.0                 nan                 nan                 nan  1.2334563558531916e+30  2.2483548967017682e+30   5.004238375232844e+30 
  56218.79398496241                 0.0                 0.0                 0.0                 nan                 nan                 nan  1.2334563558531916e+30  2.2483548967017682e+30   5.004238375232844e+30 
  56221.75814536341                 0.0                 0.0                 0.0                 nan                 nan                 nan  1.2334563558531916e+30  2.2483548967017682e+30   5.004238375232844e+30 
  56224.72230576441                 0.0                 0.0                 0.0                 nan                 nan                 nan  1.2334563558531916e+30  2.2483548967017682e+30   5.004238375232844e+30 
  56227.68646616541                 0.0                 0.0                 0.0                 nan                 nan                 nan  1.2334563558531916e+30  2.2483548967017682e+30   5.004238375232844e+30 
 56230.650626566414                 0.0                 0.0                 0.0                 nan                 nan                 nan  1.2334563558531916e+30  2.2483548967017682e+30   5.004238375232844e+30 
  56233.61478696742                 0.0                 0.0                 0.0                 nan                 nan                 nan  1.2334563558531916e+30  2.2483548967017682e+30   5.004238375232844e+30 
  56236.57894736842                 0.0                 0.0                 0.0                 nan                 nan                 nan  1.2334563558531916e+30  2.2483548967017682e+30   5.004238375232844e+30 
            56238.6                 0.0                 0.0                 0.0                 nan                 nan                 nan  1.2334563558531916e+30  2.2483548967017682e+30   5.004238375232844e+30 
  56239.54310776942                 0.0                 0.0                 0.0                 nan                 nan                 nan  1.2334563558531916e+30  2.2483548967017682e+30   5.004238375232844e+30 
            56239.6                 0.0                 0.0                 0.0                 nan                 nan                 nan  1.2334563558531916e+30  2.2483548967017682e+30   5.004238375232844e+30 
 56242.507268170426                 0.0                 0.0                 0.0                 nan                 nan                 nan  1.2334563558531916e+30  2.2483548967017682e+30   5.004238375232844e+30 
            56242.6                 0.0                 0.0                 0.0                 nan                 nan                 nan  1.2334563558531916e+30  2.2483548967017682e+30   5.004238375232844e+30 
            56243.6                 0.0                 0.0                 0.0                 nan                 nan                 nan  1.2334563558531916e+30  2.2483548967017682e+30   5.004238375232844e+30 
  56245.47142857143                 0.0                 0.0                 0.0                 nan                 nan                 nan  1.2334563558531916e+30  2.2483548967017682e+30   5.004238375232844e+30 
  56248.43558897243                 0.0                 0.0                 0.0                 nan                 nan                 nan  1.2334563558531916e+30  2.2483548967017682e+30   5.004238375232844e+30 
            56250.6                 0.0                 0.0                 0.0                 nan                 nan                 nan  1.2334563558531916e+30  2.2483548967017682e+30   5.004238375232844e+30 
 56251.399749373435                 0.0                 0.0                 0.0                 nan                 nan                 nan  1.2334563558531916e+30  2.2483548967017682e+30   5.004238375232844e+30 
            56253.6                 0.0                 0.0                 0.0                 nan                 nan                 nan  1.2334563558531916e+30  2.2483548967017682e+30   5.004238375232844e+30 
  56254.36390977444                 0.0                 0.0                 0.0                 nan                 nan                 nan  1.2334563558531916e+30  2.2483548967017682e+30   5.004238375232844e+30 
            56255.6                 0.0                 0.0                 0.0                 nan                 nan                 nan  1.2334563558531916e+30  2.2483548967017682e+30   5.004238375232844e+30 
  56257.32807017544                 0.0                 0.0                 0.0                 nan                 nan                 nan  1.2334563558531916e+30  2.2483548967017682e+30   5.004238375232844e+30 
            56259.6                 0.0                 0.0                 0.0                 nan                 nan                 nan  1.2334563558531916e+30  2.2483548967017682e+30   5.004238375232844e+30 
 56260.292230576444                 0.0                 0.0                 0.0                 nan                 nan                 nan  1.2334563558531916e+30  2.2483548967017682e+30   5.004238375232844e+30 
            56260.6                 0.0                 0.0                 0.0                 nan                 nan                 nan  1.2410251045502309e+30   2.252358147586061e+30   5.069238135049634e+30 
            56261.6                 0.0                 0.0                 0.0                 nan                 nan                 nan  1.2670121864386835e+30  2.4526651886270502e+30   6.266723292335754e+30 
  56263.25639097745                 0.0  24420803958345.055  62200906472045.914  25188.264866066776  29302.644110209178                 nan   5.331965342060837e+30  2.7426552458812184e+41   1.543344275610494e+42 
  56266.22055137844  134027705740590.42  171060659473689.12  210039063001469.44  23820.426629315385  26794.221799896484   31508.61851138876   7.151288819988274e+42  1.1108035170066357e+43  1.6313064094896045e+43 
            56267.6   203373853736577.0   240672116476990.4  278554608446478.62  23294.523204358025  25993.726593294043  29845.069481560764  1.3192751903831886e+43   1.961637785631898e+43  2.8086595830820512e+43 
            56268.6  252046172837084.16  290516735721780.75  327950298212188.06  22914.946582304827   25490.37728704854   28765.48201449598  1.8149334718618495e+43  2.6447306440133256e+43  3.7399222666672864e+43 
 56269.184711779446   280676234560984.5   320209310368633.0  357603440511855.94   22717.90619291616  25202.450235953205   28175.20695428852   2.096162933924184e+43   3.034485814390625e+43  4.2864513383042307e+43 
            56269.5   296212256214724.3   335759154426307.4   373527747299506.2   22605.42871641259  25032.794070702406  27864.839770797753  2.2484590390765443e+43   3.250771869243474e+43   4.581569029710058e+43 
            56270.5   345487873383161.0  386379062088507.75  423158719623612.06  22236.290553844574  24568.310306359264   27075.45874415607   2.749444909582775e+43  3.9421103011639466e+43   5.511848665858997e+43 
            56271.6   401031537844750.2  442367993263055.75   479443040282772.0  21886.033291546606  24054.748429365005  26249.200102648385   3.354685279068074e+43   4.703664432358922e+43   6.484272638711409e+43 
  56272.14887218045  428582178846007.56   470392034776212.1  506303922202375.25  21707.072342918516   23792.75477891104   25935.62069597484   3.664911263463091e+43   5.083714706777196e+43    6.94176372304227e+43 
            56273.6  500746974601684.94   543762728141258.1   578282719974930.1   21223.48720469285   23203.95360426473  25133.824123018454   4.518223962361978e+43   6.075329193683047e+43   7.982652086555202e+43 
            56274.5   546274731468518.9   587567708630266.9   623576099575129.6   20957.65905817982  22845.000949319034  24700.592968726232   5.011593207016097e+43    6.67499864554411e+43   8.634877410146155e+43 
  56275.11303258145   577155415226045.4   617153155491702.2   654639934209463.6  20781.413077799887  22576.400110110626  24408.217133696187   5.354206199107336e+43   7.068355865775705e+43     9.0831962832645e+43 
 56278.077192982455   725368574108957.0   766803065020620.8   804675672325869.1   19742.08035901514  21342.509330383717   22965.83279677728   6.934872589289848e+43   8.786014106665208e+43   1.103831232483829e+44 
  56281.04135338346   869608075375114.6   914819329677938.1   954651793507654.6  18846.885631305133   20260.32882633061  21667.808265570748   8.126728374493721e+43   1.008385027894083e+44  1.2624842695797964e+44 
            56282.6   947364228098784.8   994332847179773.6  1034022571999312.5  18386.230010442163  19721.573234847172   20995.35566248639   8.666877658118816e+43  1.0645067846984331e+44  1.3203141531893834e+44 
  56284.00551378446  1017313280093563.2  1064456573921274.2  1105852748888678.6  18036.480453944474  19246.542994908777  20399.855740665735   9.069300458891856e+43  1.1066058247144155e+44  1.3526071383066902e+44 
            56285.6  1095890558546557.4  1144477856280458.8  1187118720019234.5  17642.228135729267  18712.213100504632  19749.671510936936   9.472923681702502e+43  1.1452090681332677e+44   1.380662661053997e+44 
 56286.969674185464  1163335293529007.2  1214000041713995.5  1257881704474306.0   17273.41679975218  18247.628806569235   19246.61984395543   9.733516537302877e+43  1.1697789801394915e+44   1.395091223088403e+44 
            56287.4  1184733351997482.5  1235693776854657.5  1280199025278954.8  17160.703531478885  18115.086104845926  19095.881331819433   9.792984954302747e+43   1.175229094868708e+44  1.3944756761088284e+44 
            56288.5  1239849533980731.5  1290821079672439.8  1337169296602123.8   16879.43601542118  17764.105054695574  18699.416100616687   9.952464526850923e+43   1.185514531515638e+44  1.3892360566831698e+44 
            56289.5  1288901921081255.0  1340535876478697.5  1388714611618574.0  16603.154240520187  17471.225439169684    18323.9285988726  1.0044248840936511e+44   1.190455140151289e+44  1.3801098788778357e+44 
  56289.93383458647  1310278958975579.0  1362278986546563.8  1411238983554065.8  16484.651953019365   17342.13434384494  18161.989695352495  1.0078866233450677e+44  1.1903183615168225e+44    1.37735175588468e+44 
  56292.89799498747  1457242117515115.0  1511471359289283.5  1564951250791460.8  15649.867352705853  16442.708967590726   17161.24059815675  1.0151651302609724e+44    1.18159056861908e+44   1.336187611061388e+44 
            56293.4  1482062433974280.8  1535816421184923.5  1591089277253398.8  15516.674567687165   16292.10763656058   17000.53018975759  1.0139400242156122e+44  1.1747928485911504e+44  1.3241563551159982e+44 
            56293.5  1486899550695855.5  1540665986684783.5  1596296003443195.2   15491.10867204967  16261.031151147023  16965.559098377435   1.013692028340787e+44  1.1731594931029315e+44  1.3216893930282225e+44 
            56295.5  1583376182913130.0  1639448313511267.8  1699215292271744.2  14951.631572106406  15647.352763736766  16280.799524144917  1.0026468743275386e+44   1.151173500843558e+44   1.278460080351531e+44 
  56295.86215538847  1600726982628249.8  1657704759907623.2  1718027313388556.0  14860.190540777177   15540.59486969161  16159.098036338904    9.99420985764907e+43  1.1453225238833096e+44  1.2691477565273046e+44 
 56298.826315789476  1744684732422947.0  1806403118197793.0  1871999475151421.0   14114.85003141544  14676.045411729927  15199.766583942737   9.598763836747124e+43  1.0842810062003776e+44  1.1902395168806693e+44 
            56300.6  1831067854763942.2  1895497829088404.0  1962340649124064.5  13673.975847565094  14169.220194489437  14664.646507438252   9.281487905564593e+43  1.0414502092184306e+44   1.134132142300646e+44 
  56301.79047619048  1888929201565142.5  1954583406950496.5  2023901901612489.8  13391.418616060615  13843.916570301812  14311.621838121284   9.033457414131362e+43  1.0072257314824622e+44  1.0896136659042572e+44 
            56302.4  1918554211127167.2  1985275557729187.0  2055421262886361.8  13239.704448223554   13681.70420452768  14129.889046012713   8.886115753551843e+43   9.888217740937962e+43  1.0707251182656338e+44 
            56303.5  1972128602988791.0  2040588309251983.0  2112303860185376.2  12971.618675406336  13387.957643993643   13805.88627887882   8.619332979994792e+43   9.569597316350715e+43   1.034932559493948e+44 
  56304.75463659148  2032883379492760.0  2104115170661865.5  2177969398743847.2  12657.341697405336  13056.848588655017  13453.286380880641   8.323755745623469e+43   9.208253593666148e+43   9.900425194535701e+43 
 56307.718796992485  2176762418541552.0  2253382266376830.0  2330463978740060.0  11943.570318323511  12290.044207535033   12615.42631026542   7.596146395341437e+43   8.280938894727547e+43    8.80064170089244e+43 
            56308.6  2220346770144572.5  2297961717784127.0  2376032265844717.0   11738.59458795847  12066.409037948153  12385.752024233187   7.388361031639101e+43   8.008323868293373e+43   8.488630501250142e+43 
            56309.6  2269806827851383.5  2348015874224754.0  2427743717934798.5  11503.270949115085   11825.20385226743  12129.679748473804   7.148880731236793e+43   7.694910071677982e+43   8.141630721955788e+43 
            56310.3  2304428868246366.5  2382873125735802.0  2463941734398081.5  11346.136581516315  11656.980962861604  11953.129305900224   6.972633851277438e+43   7.477595895914548e+43   7.900921509388154e+43 
  56310.68295739348  2323369963027045.0  2402418554032164.5  2483745017303468.5  11260.521021134964  11564.378544797313  11855.828225304482   6.877683758139627e+43   7.357201409289603e+43   7.769054342781809e+43 
            56313.4  2457142442726135.5  2539665504710389.5  2624541653673608.0  10655.935263707346   10927.09453741916  11194.402671947182   6.211305428508679e+43   6.543702866681998e+43   6.857039280507694e+43 
 56313.647117794484  2469249063975572.5  2551974759965767.0  2637401655619664.0  10602.031621375892   10870.94186488335  11137.025744647226   6.150408225936309e+43   6.471394616900591e+43   6.779183292018065e+43 
            56314.4  2506133739669295.0  2589476791190784.0  2676581620981425.0  10439.643207687865  10704.264417474187  10962.922248076475   5.966555152948911e+43   6.252653132971955e+43   6.540762384671888e+43 
            56314.5  2511032869363539.5  2594457919838751.0  2681785617712131.5  10418.774360103813    10682.7126522968   10939.80357565762   5.942329145618911e+43    6.22506323293623e+43   6.509814893381186e+43 
            56315.4  2555125036612453.5  2639288077671179.0  2728621588289242.0  10232.403135795432   10485.31936185942  10734.546569796894   5.726439927125526e+43   5.982407173550926e+43   6.241879292851916e+43 
            56316.4  2604116333555612.5  2689099364151573.0  2780661555597059.0  10029.342338217011  10268.470172016674  10512.226166387814  5.4938191903896765e+43   5.711751923256954e+43   5.964110899513955e+43 
  56316.61127819549  2614467126368264.5  2699623402873970.0  2791656465982986.5   9987.082559363185  10223.448512008426  10465.753748914582   5.446058755636427e+43   5.657699249169506e+43   5.906157987880898e+43 
  56319.57543859649  2759318053833988.0  2849277157162936.0  2945221856494388.5    9402.42167495381   9614.585089659606   9841.506218481472   4.792254024085425e+43   4.936177560902466e+43   5.105022991922215e+43 
  56322.53959899749  2903745997726973.5  3000297805048369.0  3097934285310492.0   8875.997498412797   9054.059304484397   9248.498946717726  4.1905683243543905e+43  4.2874799707554124e+43   4.412032548888311e+43 
            56323.5  2950541286557459.5  3048619578770379.5  3147991752595515.5   8709.717623705305   8879.706827326696   9067.212414427398  4.0121215284993023e+43   4.097655571924459e+43  4.2119968385617823e+43 
            56324.4  2994393552264778.0  3094277716891242.5  3194901033655197.5   8555.001139110007    8724.08641647831   8904.423340106763  3.8470100941094255e+43  3.9227591384828736e+43  4.0413750142147785e+43 
            56324.5  2999266026232179.0  3099400776967219.0  3200113175995078.0   8538.902210290053    8707.25058286174   8886.586761433344   3.827337809788479e+43   3.903956963895019e+43   4.023121458371348e+43 
            56325.3  3038314412709846.5  3140385257575777.0  3241770480673848.5   8410.867026643362   8571.325831373404   8745.411710848617   3.685147182528082e+43   3.758597058703842e+43  3.8677811789718256e+43 
            56325.5  3048088713421281.5  3150631377727730.0  3252122667606221.0    8379.38219848776   8537.358099843143   8710.558104858119  3.6521304499067944e+43   3.722421347949044e+43  3.8290777038498657e+43 
 56325.503759398496  3048272440878263.5  3150823973971188.0  3252318397425859.0    8378.79169587926   8536.748186815843   8709.905067234682   3.651494676102954e+43  3.7217411964874675e+43  3.8283543674270194e+43 
            56326.4  3092073066623449.5  3196738918412265.0  3298980386428276.0   8233.981427003655   8392.523702349432   8556.229415921933    3.50055388944862e+43  3.5626448286132726e+43  3.6665144074178516e+43 
            56327.3  3136057419825617.0  3242846459096799.5  3345786906227669.0   8096.104600921127    8243.09993984085   8405.993465012007  3.3494608866761864e+43  3.4174581225806604e+43  3.5173722614880025e+43 
            56328.4  3189796862192680.0  3298299171735722.0  3402829042923475.0   7930.117155054885   8066.403098099032   8224.965048473354  3.1759047072453675e+43  3.2423849224858993e+43  3.3394723915639867e+43 
   56328.4679197995  3193065554256118.0  3301692658454067.5  3406380381912596.0   7919.552450930495    8055.29844683362   8213.734415641497    3.16492824481361e+43   3.232609430702412e+43  3.3274607478227064e+43 
            56329.4  3237922623570203.5  3340125236989449.0  3455116284867387.5   7786.754277182753   7911.709151516854   8061.657184076894  3.0346798203730403e+43   3.102515796836464e+43  3.1831354462328457e+43 
   56331.4320802005  3295567459284746.0  3438029228842884.0  3557997270419255.0  7494.4570555600285   7611.555081352689  7796.4143323085855  2.7458296306258315e+43   2.825753738774243e+43   2.910839395438347e+43 
            56331.5  3298838196308754.5  3439886478781473.0  3561490692786286.0    7484.51674948336  7601.3208787009935   7786.338675802669  2.7370115017667264e+43   2.816690954178728e+43  2.9023939106434927e+43 
            56332.3  3336818304583598.0  3461732538131811.0  3603044327597381.0   7367.970188788439   7503.901067648585   7694.485537458643   2.632140633301007e+43   2.713717184330452e+43   2.797058880144444e+43 
            56332.5  3346304148802382.5  3471764218925352.5  3613477831531512.0   7339.056620335065    7474.81290523142       7665.69632176  2.6075256356542653e+43   2.691013674061557e+43  2.7732842026094297e+43 
 56334.396240601505  3359770987579353.5  3557492485893096.0  3711914348713397.0   7076.369796598217   7221.668349658176   7483.608444382933  2.3778398058859493e+43   2.474147487405304e+43   2.557714800237834e+43 
  56337.36040100251  3212941492088749.5  3690072477400639.5  3859624468520540.0   6732.317864283858   6882.734012330345   7343.734287340249  2.0603451640858135e+43  2.1643588631422548e+43   2.264007063175592e+43 
  56340.32456140351  3008754302432744.0  3804536431922073.0  4005533859482928.5   6398.424921829067  6557.8896409021445   7343.734287340249  1.7952765256905073e+43  1.9004340746647218e+43   2.011792800260882e+43 
 56343.288721804514  2825666295969954.0  3941787327598932.0  4138876466351690.5   6094.325797880276   6256.937039608541   7343.734287340249  1.5644838362726204e+43    1.67573847481131e+43   1.791177158942396e+43 
  56346.25288220552  2656989147131356.0  4050237700680272.0  4281358697102182.5   5818.107633144153   5983.756856202828   7343.734287340249  1.3676935837152127e+43  1.4860336910881566e+43   1.600911522436222e+43 
  56349.21704260652  2511497208754506.0  4085882776209548.0  4408382860673121.0   5564.776743995151   5770.627464545059   7343.734287340249  1.2034616502246646e+43   1.323509506548713e+43  1.4356368837756778e+43 
 56352.181203007516  2376112843619172.5  4044976822012896.5  4557286449121420.0    5331.53803386966   5607.410005548003   7343.734287340249  1.0620495034092436e+43  1.1801203104609597e+43   1.289277709741623e+43 
  56355.14536340852  2248741693040716.8  3830355485802270.0  4706796640589568.0   5116.883732691897   5607.163650725742   7343.734287340249    9.39182223352256e+42  1.0603435945539317e+43  1.1609007559098577e+43 
  56358.10952380952  2130401828709371.0  3615117787644643.5  4857941367358487.0  4916.7729184454465   5607.163650725742   7343.734287340249   8.359829395247765e+42   9.556480419416308e+42  1.0479699877387625e+43 
 56361.073684210525  2024307334608379.2  3429036878769657.0  4946694449017169.0   4721.396487745106   5607.163650725742   7343.734287340249   7.466885772986066e+42   8.636988567132203e+42   9.468212272970661e+42 
  56364.03784461153  1926027845783846.0  3257140181781526.0  5089335032331502.0   4543.433881146212   5607.163650725742   7343.734287340249   6.697118321650242e+42   7.826356801149563e+42   8.581439438309943e+42 
  56367.00200501253  1833022990324282.8  3099521148411175.0  5238009111780166.0   4394.232475113864   5607.163650725742   7343.734287340249    6.02837755186101e+42   7.109248591589993e+42   7.818401446427169e+42 
            56369.2  1768648240023582.8  2994239799535082.5  5307386660849125.0   4292.314541451254   5607.163650725742   7343.734287340249   5.576351410594986e+42   6.629674815125784e+42   7.313374602394418e+42 
 56369.966165413534  1747314506002007.0  2958746272166216.5  5335948792180800.0   4269.041169944672   5607.163650725742   7343.734287340249   5.428387133151439e+42    6.47218720645582e+42   7.143585779430719e+42 
  56372.93032581454  1665884006882778.5  2827293915227417.5  5409564318661056.0   4146.727036487071   5607.163650725742   7343.734287340249  4.9019519088932246e+42   5.902996359412165e+42   6.524499851129098e+42 
  56375.89448621554  1589619605112591.2  2704148890354419.0  5529572847194836.0   4034.309622156039   5607.163650725742   7343.734287340249  4.4389204040967475e+42   5.389869742128948e+42   5.971147640909585e+42 
  56378.85864661654  1518419893546052.8  2588653730814452.0  5612378351063848.0  3917.5641708471867   5607.163650725742   7343.734287340249   4.034958848182198e+42   4.926903877853983e+42   5.474486007397905e+42 
  56381.82280701755  1451824756684054.8  2480197544699008.0  5465394652834161.0    3847.42569778454   5607.163650725742   7343.734287340249  3.6776928186733083e+42  4.5155773619128423e+42   5.027814008732989e+42 
            56384.2  1396348573845012.0  2397881639846489.0  5272639354041423.0  3840.3634608421335   5607.163650725742   7343.734287340249   3.419507085084061e+42   4.213015800001182e+42  4.7015154903644216e+42 
  56384.78696741855  1383094966635896.0  2378151002262784.0  5226610104507055.0  3840.3634608421335   5607.163650725742   7343.734287340249  3.3592009857087344e+42   4.142118475962668e+42   4.624964917147724e+42 
  56387.75112781955  1320268712200891.2  2282232573508370.0  5016800963987495.0  3840.3634608421335   5607.163650725742   7343.734287340249   3.074834214200187e+42   3.807750536047969e+42  4.2616917368893986e+42 
            56388.2  1311303223395042.0  2268177505578450.0  4992321758937026.0  3840.3634608421335   5607.163650725742   7343.734287340249   3.034374753711557e+42    3.76072755136542e+42   4.209661238752807e+42 
            56390.3  1272333441077364.5  2204113430397515.5  4877382025838893.0  3840.3634608421335   5607.163650725742   7343.734287340249   2.853819381874447e+42   3.549238802556365e+42  3.9765778285296425e+42 
 56390.715288220556  1264874446934181.2  2191751022022068.5  4853123256434041.0  3840.3634608421335   5607.163650725742   7343.734287340249    2.81974973383492e+42   3.508686141788298e+42  3.9322230649916176e+42 
  56393.67944862155  1213491733186971.2  2107432817795493.0  4680801467728448.0  3840.3634608421335   5607.163650725742   7343.734287340249   2.590677511426344e+42   3.235208482568865e+42  3.6348854110932414e+42 
 56396.643609022554  1165172808229036.0  2028698178599114.5  4502735266972158.5  3840.3634608421335   5607.163650725742   7343.734287340249  2.3860451485836235e+42  2.9875091179977535e+42   3.367061400753216e+42 
            56398.3  1139387724313410.5  1986521460467862.5  4407435344308529.5  3840.3634608421335   5607.163650725742   7343.734287340249   2.282273419752859e+42   2.859049778583665e+42   3.227607908481574e+42 
  56399.60776942356  1119616061801425.9  1954121050841770.0  4334262709447930.0  3840.3634608421335   5607.163650725742   7343.734287340249  2.2043345379667824e+42  2.7621915389031803e+42    3.12089584031259e+42 
            56402.2  1082044717981192.9  1892229283177737.5  4194600708287924.0  3840.3634608421335   5607.163650725742   7343.734287340249   2.059563146773124e+42   2.582128902082369e+42  2.9251656957025486e+42 
  56402.57192982456  1076819829116246.4  1883571039551408.5  4175067932462961.0  3840.3634608421335   5607.163650725742   7343.734287340249  2.0395469943621628e+42   2.557447866172116e+42    2.89835928006173e+42 
            56404.3  1053039717513635.8  1844128228113852.5  4086169848039162.5  3840.3634608421335   5607.163650725742   7343.734287340249  1.9481731790921465e+42   2.446676005831375e+42    2.77786069985287e+42 
            56405.3  1039626258713240.6  1821847811551324.0  4035961557932371.5  3840.3634608421335   5607.163650725742   7343.734287340249  1.8976051197568832e+42  2.3852353447242503e+42   2.710866122444753e+42 
  56405.53609022556  1036500410410913.8  1816647959331546.5  4024243024504566.5  3840.3634608421335   5607.163650725742   7343.734287340249    1.88592212601829e+42  2.3710170686103316e+42  2.6953297419952016e+42 
  56408.50025062657   998419521911496.4  1753242382285276.0  3881482875270611.0  3840.3634608421335   5607.163650725742   7343.734287340249  1.7466096092338373e+42   2.201742158417625e+42  2.5096831117767064e+42 
            56411.2   965490605242796.8  1698231825057310.8  3762474014879257.5  3840.3634608421335   5607.163650725742   7343.734287340249   1.631224185549606e+42    2.06130575521827e+42  2.3541011259930764e+42 
            56411.3   964300312872672.4  1696239227266313.5  3758370784771885.0  3840.3634608421335   5607.163650725742   7343.734287340249  1.6271467495931808e+42    2.05640931730877e+42  2.3485606236168466e+42 
  56411.46441102757   962347502644663.9  1692970193342257.0  3751633536997315.5  3840.3634608421335   5607.163650725742   7343.734287340249  1.6204689755656347e+42  2.0483872686055223e+42   2.339487113643565e+42 
  56414.42857142857   928184928647974.6  1635715165482132.8  3633313722024570.5  3840.3634608421335   5607.163650725742   7343.734287340249  1.5059230418349464e+42  1.9092812629698302e+42  2.1840386610659416e+42 
 56417.392731829575   895782603337360.0  1581242071175476.0  3520204587242160.5  3840.3634608421335   5607.163650725742   7343.734287340249  1.4012921541637297e+42  1.7800489018296583e+42  2.0414450002699065e+42 
  56420.35689223058   865023626139870.2  1529383172548232.0  3411973504268966.5  3840.3634608421335   5607.163650725742   7343.734287340249  1.3062240419868516e+42  1.6615635532549722e+42  1.9101810164864605e+42 
            56421.3   855554253589682.1  1513380617904584.2  3378206874397444.5  3840.3634608421335   5607.163650725742   7343.734287340249  1.2776798379427531e+42  1.6258892134887274e+42  1.8705571190252578e+42 
  56423.32105263158   835773131453912.8  1479925346620030.2  3307039005437528.0  3840.3634608421335   5607.163650725742   7343.734287340249  1.2190883248452281e+42   1.552613479738316e+42  1.7890811019563766e+42 
 56426.285213032585   808003725275348.5  1432861781159676.5  3200597133178605.0  3840.3634608421335   5607.163650725742   7343.734287340249  1.1391636535630371e+42   1.452566266702382e+42  1.6775227473287463e+42 
  56429.24937343359   781897942981600.2  1387939258494384.2  3098783888872354.5  3840.3634608421335   5607.163650725742   7343.734287340249  1.0656604431471069e+42  1.3603727354661997e+42    1.57297744042678e+42 
  56432.21353383459   757184260124733.1  1345047095662585.5  3001682916883720.5  3840.3634608421335   5607.163650725742   7343.734287340249   9.979679180211599e+41  1.2753344190684944e+42  1.4773192382699174e+42 
 56435.177694235594   733602929355783.1  1304067562723117.0  2909011411521968.0  3840.3634608421335   5607.163650725742   7343.734287340249   9.355411444628774e+41  1.1968047469419101e+42  1.3881024079937978e+42 
  56438.14185463659   711088162717366.2  1263985170351572.2  2820509550210166.0  3840.3634608421335   5607.163650725742   7343.734287340249   8.785235380872782e+41  1.1241982926072836e+42  1.3053326119116364e+42 
  56441.10601503759   689670205210489.6  1225483655204875.0  2735932947380293.0  3840.3634608421335   5607.163650725742   7343.734287340249   8.259440017910364e+41  1.0569913326367598e+42  1.2289022781537997e+42 
 56444.070175438595   669270886180104.1  1188690848879758.5  2655054569377064.0  3840.3634608421335   5607.163650725742   7343.734287340249    7.77223017121225e+41   9.947118210052312e+41   1.158168575027013e+42 
   56447.0343358396   648842655970188.0  1153508025897115.5  2577662004222062.0  3840.3634608421335   5607.163650725742   7343.734287340249   7.320182371854144e+41    9.36933628868206e+41  1.0924276577957861e+42 
   56449.9984962406   629476831109271.8  1119845028824221.4  2503558716522447.5  3840.3634608421335   5607.163650725742   7343.734287340249   6.900301230033954e+41    8.83274262403259e+41  1.0312651774916827e+42 
 56452.962656641605   611011622553991.8  1087615744408588.0  2432563428807912.5  3840.3634608421335   5607.163650725742   7343.734287340249   6.509871549978031e+41    8.33388358126984e+41   9.743040554589963e+41 
  56455.92681704261   593285810231388.4  1056740365151153.2  2364503860628617.5  3840.3634608421335   5607.163650725742   7343.734287340249   6.142693825941906e+41    7.86962511870443e+41   9.212038514360145e+41 
  56458.89097744361   575967623831362.2  1027123936792063.4  2299174874538941.5  3840.3634608421335   5607.163650725742   7343.734287340249   5.800066744580648e+41   7.436880284595533e+41    8.71612592008778e+41 
  56461.85513784461   559595385355967.9   998755147712716.8  2236122523064162.8  3840.3634608421335   5607.163650725742   7343.734287340249  5.4813732732103955e+41   7.033775911942377e+41   8.253725366092583e+41 
  56464.81929824562   544002135587071.7   971520670811986.8  2175446414593551.5  3840.3634608421335   5607.163650725742   7343.734287340249   5.186484041928816e+41   6.657412612841629e+41   7.821123681551585e+41 
  56467.78345864662   529170039392980.8   945369702923770.8  2117164790253927.2  3840.3634608421335   5607.163650725742   7343.734287340249   4.910968605782574e+41   6.305778554945479e+41    7.41134182289349e+41 
  56470.74761904762   514930591513944.5   920247773409906.5  2061161368283546.8  3840.3634608421335   5607.163650725742   7343.734287340249   4.653316347786798e+41   5.976975886064906e+41   7.027584949334536e+41 
 56473.711779448626  501252942003270.94   896102305045499.9  2007320288165756.5  3840.3634608421335   5607.163650725742   7343.734287340249   4.412061601103911e+41   5.669256501299474e+41  6.6681431204766175e+41 
  56476.67593984963  488133112401949.06   872883817035465.9  1955533682322695.0  3840.3634608421335   5607.163650725742   7343.734287340249   4.184411628996374e+41   5.381028148807769e+41   6.331205818381243e+41 
 56479.640100250625  475656628949847.56   850545923513673.1  1905699482855300.0  3840.3634608421335   5607.163650725742   7343.734287340249   3.971134735956362e+41  5.1108311599572916e+41   6.015114117868126e+41 
  56482.60426065163   463679619921876.1   829045004784781.0  1857721165544713.5  3840.3634608421335   5607.163650725742   7343.734287340249  3.7711620749479444e+41   4.857080997608371e+41   5.718351803493001e+41 
  56485.56842105263   452171450088536.2   808340120262549.4  1811508282965884.0  3840.3634608421335   5607.163650725742   7343.734287340249   3.583508233231698e+41   4.618379724174501e+41   5.439523561184514e+41 
  56488.53258145363   441077984783413.9   788392758515981.4  1766976046372058.8  3840.3634608421335   5607.163650725742   7343.734287340249  3.4072756372250102e+41   4.394081344184558e+41   5.177351969792784e+41 
  56491.49674185464   430379614941507.5   769166982095928.5  1724044742064173.0  3840.3634608421335   5607.163650725742   7343.734287340249   3.241641468165637e+41   4.183159422461422e+41   4.930665034833094e+41 
  56494.46090225564  420057932523511.44   750628435035737.2  1682638703567270.2  3840.3634608421335   5607.163650725742   7343.734287340249  3.0858526652106114e+41   3.984673740054988e+41  4.6983838613986505e+41 
  56497.42506265664   410095500251800.5   732744951490010.2  1642687109731726.0  3840.3634608421335   5607.163650725742   7343.734287340249  2.9392172034045955e+41   3.797756818690812e+41  4.4795163461016154e+41 
 56500.389223057646   400475902721877.3   715486197944259.5  1604122660956514.5  3840.3634608421335   5607.163650725742   7343.734287340249  2.8010996990892557e+41   3.621610034431318e+41    4.27315059156254e+41 
  56503.35338345865  391162283871608.25   698809820304551.0  1566868055197405.0  3840.3634608421335   5607.163650725742   7343.734287340249  2.6708587817033983e+41  3.4553777172842803e+41   4.078295669105289e+41 
  56506.31754385965   382143022522917.7   682727695067057.2  1530901106480103.2  3840.3634608421335   5607.163650725742   7343.734287340249     2.5481107474686e+41  3.2987222856205046e+41   3.894590733407723e+41 
 56509.281704260655   373423252926542.8   667180133225143.2  1496137358673937.5  3840.3634608421335   5607.163650725742   7343.734287340249  2.4322336106887464e+41  3.1507310015008514e+41   3.720945145156434e+41 
  56512.24586466166  364992176560014.75   652150644212188.8  1462525765221624.2  3840.3634608421335   5607.163650725742   7343.734287340249  2.3227878276684326e+41  3.0108832713677744e+41  3.5567834201008694e+41 
  56515.21002506266  356837802845789.94   637617822836807.2  1430018193711823.0  3840.3634608421335   5607.163650725742   7343.734287340249   2.219355604374755e+41  2.8784055384062076e+41  3.4015046660097746e+41 
 56518.174185463664   348948237816357.8   623560354746078.5  1398567629496561.5  3840.3634608421335   5607.163650725742   7343.734287340249   2.121548550829366e+41  2.7528547865686453e+41   3.254541255020951e+41 
  56521.13834586466   341312288863563.8   609957931192093.8  1368129026895732.5  3840.3634608421335   5607.163650725742   7343.734287340249  2.0290054476657385e+41  2.6340376901192797e+41   3.114941385678631e+41 
  56524.10250626566   333919312854614.0   596791212444000.0  1338659718993036.2  3840.3634608421335   5607.163650725742   7343.734287340249   1.941391712233861e+41   2.521527678931994e+41  2.9826601115690662e+41 
 56527.066666666666   326759149179268.6   584041898935853.2  1310119389104692.2  3840.3634608421335   5607.163650725742   7343.734287340249  1.8583976175147466e+41  2.4149284286008707e+41    2.85724500800788e+41 
  56530.03082706767   319822185994352.5   571692642977726.0  1282428921726971.2  3840.3634608421335   5607.163650725742   7343.734287340249  1.7797361043606258e+41  2.3138733481997167e+41   2.738275959437633e+41 
  56532.99498746867  313099302273433.94   559726982022566.6  1255470979848546.8  3840.3634608421335   5607.163650725742   7343.734287340249  1.7051389443274204e+41  2.2180208835402984e+41  2.6253630385657116e+41 
 56535.959147869675  306581861421895.94   548129286884873.4  1229336448849069.8  3840.3634608421335   5607.163650725742   7343.734287340249  1.6343584716732093e+41   2.127054234067472e+41   2.518141695718078e+41 
  56538.92330827068  300261661349624.75   536884712756430.6  1203992481324634.0  3840.3634608421335   5607.163650725742   7343.734287340249  1.5671636222336166e+41   2.040678804853628e+41    2.41627353587597e+41 
  56541.88746867168   294130815484435.1  525979210383175.94  1179407705536874.5  3840.3634608421335   5607.163650725742   7343.734287340249  1.5033398735792564e+41  1.9586204449964947e+41   2.319443318546642e+41 
 56544.851629072684   288181891448249.1   515399315446126.1  1155552126893762.5  3840.3634608421335   5607.163650725742   7343.734287340249  1.4426875375893636e+41   1.880624131678933e+41  2.2273571502206235e+41 
  56547.81578947369   282407825641120.7   505132269589808.0  1132397421433408.8  3840.3634608421335   5607.163650725742   7343.734287340249  1.3850205401941863e+41   1.806451713624758e+41   2.139740854786344e+41 
  56550.77994987469  276801862134534.06   495165921822035.9  1109916566282520.5  3840.3634608421335   5607.163650725742   7343.734287340249  1.3301654129596453e+41   1.735881320842018e+41   2.056338492926419e+41 
  56553.74411027569  271357585826256.12   485488698744651.0  1088083820780073.2  3840.3634608421335   5607.163650725742   7343.734287340249  1.2779604255496178e+41  1.6687058432217211e+41    1.97691128303263e+41 
 56556.708270676696  266066556105211.62   476083273576585.5  1066869783118715.8  3840.3634608421335   5607.163650725742   7343.734287340249  1.2282404791686992e+41  1.6046928530020563e+41   1.901189222233403e+41 
   56559.6724310777  260929414967795.84   466911111909454.5  1046261766635466.8  3840.3634608421335   5607.163650725742   7343.734287340249  1.1809033724888473e+41  1.5437726520789585e+41  1.8290957786778686e+41 
 56562.636591478695  255935037359286.53   457956358941088.5  1026234039187906.8  3840.3634608421335   5607.163650725742   7343.734287340249  1.1357836700888672e+41  1.4856764180312652e+41   1.760314115717025e+41 
   56565.6007518797   251079288326492.8   449253944702670.8  1006760617601883.4  3840.3634608421335   5607.163650725742   7343.734287340249  1.0927642960924811e+41  1.4302697787379289e+41  1.6946911374849697e+41 
   56568.5649122807   246357287722323.5   440794938440311.0   987823114240146.9  3840.3634608421335   5607.163650725742   7343.734287340249   1.051731288277467e+41  1.3774085946404385e+41  1.6320594426682411e+41 
 56571.529072681704   241764280510786.3  432570517814595.44   969402628031529.9  3840.3634608421335   5607.163650725742   7343.734287340249   1.012576571870771e+41  1.3269546384842375e+41  1.5722585104004266e+41 
  56574.49323308271   237295646091147.2   424572121463764.3   951480750877727.0  3840.3634608421335   5607.163650725742   7343.734287340249   9.751988267700258e+40  1.2787782151278568e+41  1.5151374684252838e+41 
  56577.45739348371   232947574743086.3   416791596553913.5   934039770051923.1  3840.3634608421335   5607.163650725742   7343.734287340249   9.395029592040311e+40  1.2327575360668647e+41  1.4605546252867931e+41 
  56580.42155388471  228741458487122.16   409221109049205.9   917062784737079.5  3840.3634608421335   5607.163650725742   7343.734287340249   9.053997218829237e+40  1.1887784156240836e+41    1.40837689980219e+41 
 56583.385714285716  224647292281924.72  401853198088072.44   900533629054093.2  3840.3634608421335   5607.163650725742   7343.734287340249   8.728053304813787e+40  1.1467334661015694e+41  1.3584792436356398e+41 
  56586.34987468672  220661159871492.25   394680730168303.6   884436863672109.9  3840.3634608421335   5607.163650725742   7343.734287340249   8.416412821306547e+40   1.106407705004705e+41  1.3107440945920047e+41 
  56589.31403508772  216761943394822.44   387733430491703.4   868757643956836.8  3840.3634608421335   5607.163650725742   7343.734287340249   8.117366504387228e+40  1.0677522840922693e+41  1.2650130653998717e+41 
 56592.278195488725   212962600529382.8   380975208130144.2   853481789966336.2  3840.3634608421335   5607.163650725742   7343.734287340249   7.829174132656395e+40  1.0307546371079425e+41  1.2216889999102637e+41 
  56595.24235588973  209261801487850.53   374390699640348.1   838552681934970.0  3840.3634608421335   5607.163650725742   7343.734287340249   7.553289779519314e+40   9.953306690110243e+40  1.1801937140634335e+41 
  56598.20651629073  205656179345541.56  367974037196235.25   823832324767595.0  3840.3634608421335   5607.163650725742   7343.734287340249   7.289097722117034e+40    9.61401223687898e+40  1.1404357093169755e+41 
 56601.170676691734  202142511552700.75  361719592028567.25   809478704022157.6  3840.3634608421335   5607.163650725742   7343.734287340249   7.036894168025151e+40    9.28891734890266e+40  1.1023287906565304e+41 
  56604.13483709273   198717710293405.7  355621951206692.06   795479880838164.8  3840.3634608421335   5607.163650725742   7343.734287340249   6.797306096651418e+40    8.97731925248433e+40  1.0657916960118676e+41 
  56607.09899749373   195378818763616.3   349675940289866.4   781824455888260.2  3840.3634608421335   5607.163650725742   7343.734287340249   6.567651666495154e+40   8.678555272904476e+40   1.030747778868901e+41 
 56610.063157894736  192122997247534.94   343876605673939.6   768501490239845.0  3840.3634608421335   5607.163650725742   7343.734287340249   6.346657339646922e+40   8.392000246607851e+40    9.97124781220438e+40 
  56613.02731829574   188947521523041.8  338219173309320.94   755500477909819.0  3840.3634608421335   5607.163650725742   7343.734287340249   6.132029905297377e+40   8.117064317305016e+40   9.648543239686155e+40 
  56615.99147869674  185849779738179.44  332699072589313.25   742811325403299.1  3840.3634608421335   5607.163650725742   7343.734287340249     5.9261078969389e+40   7.853190430456136e+40   9.338719084193053e+40 
 56618.955639097745  182827264950296.97  327311915123525.25   730424332280240.8  3840.3634608421335   5607.163650725742   7343.734287340249   5.728479439570915e+40   7.599851875829173e+40   9.041165963301456e+40 
  56621.91979949875  179877110352669.47   322052983420458.0   718329426278729.8  3840.3634608421335   5607.163650725742   7343.734287340249   5.538755213055584e+40   7.356517140268146e+40    8.75522762513351e+40 
  56624.88395989975  176997862938384.56   316919679810393.4   706516992746533.1  3840.3634608421335   5607.163650725742   7343.734287340249   5.356543441735816e+40   7.122814402949485e+40   8.480591739071188e+40 
 56627.848120300754  174187386843024.66   311906764058152.9   694984359982138.8  3840.3634608421335   5607.163650725742   7343.734287340249   5.181556690713974e+40   6.898206127745873e+40   8.216523368431434e+40 
  56630.81228070176   171442741412446.3   307010857311975.1   683716635437888.9  3840.3634608421335   5607.163650725742   7343.734287340249   5.013412532739053e+40   6.682296802061601e+40   7.962595221167778e+40 
  56633.77644110276  168762124953911.38   302228391022177.8   672707530981291.2  3840.3634608421335   5607.163650725742   7343.734287340249   4.851807149175215e+40   6.474689700299205e+40    7.71931491929461e+40 
  56636.74060150376  166143616683436.84  297555911498699.75   661949610863433.8  3840.3634608421335   5607.163650725742   7343.734287340249   4.696446263941942e+40   6.275634591196553e+40   7.485998506129928e+40 
 56639.704761904766  163585333746100.38  292990100802130.25   651435541585472.2  3840.3634608421335   5607.163650725742   7343.734287340249  4.5485106015003695e+40   6.084957556036707e+40   7.261412441338466e+40 
  56642.66892230577   161085451476340.6  288527740951918.75   641158179567188.8  3840.3634608421335   5607.163650725742   7343.734287340249   4.407887122798642e+40   5.901422373807947e+40   7.045168411183329e+40 
  56645.63308270677  158642212215222.97   284165746043845.1   631110629525616.6  3840.3634608421335   5607.163650725742   7343.734287340249  4.2725636012090744e+40   5.724711925797536e+40   6.832125737267066e+40 
  56648.59724310777  156253923520232.88   279901144193087.7   621286258389014.8  3840.3634608421335   5607.163650725742   7343.734287340249  4.1423049517334397e+40   5.554525350299025e+40   6.627821207484709e+40 
  56651.56140350877  153918958619126.53  275731074922588.25   611678670264408.1  3840.3634608421335   5607.163650725742   7343.734287340249   4.016888086456302e+40   5.390577101635609e+40   6.433235148276602e+40 
 56654.525563909774  151635743884097.22  271652781957262.22   602281696106966.2  3840.3634608421335   5607.163650725742   7343.734287340249   3.896101296234633e+40    5.23259606729494e+40   6.245703079566103e+40 
  56657.48972431078   149408373775286.5   267663600692824.8   593089384179250.5  3840.3634608421335   5607.163650725742   7343.734287340249   3.779743672275257e+40   5.080324808133997e+40   6.064921286418039e+40 
  56660.45388471178   147240877957068.8   263760967592584.0   584095990850357.2  3840.3634608421335   5607.163650725742   7343.734287340249   3.667623882492116e+40   4.933518750677703e+40   5.890601467198995e+40 
  56663.41804511278  145122966080951.25   259942410453765.5   575295971862095.6  3840.3634608421335   5607.163650725742   7343.734287340249  3.5595602317034654e+40   4.791945202378543e+40   5.722469540773221e+40 
 56666.382205513786  143014679380512.06   256205544532016.2   566683974034403.2  3840.3634608421335   5607.163650725742   7343.734287340249  3.4553800854208135e+40   4.655383065328517e+40   5.560264938319228e+40 
  56669.34636591479  140974078505086.34   252548068857902.6   558254830780321.4  3840.3634608421335   5607.163650725742   7343.734287340249  3.3549192839739527e+40   4.523621867207151e+40   5.403739651610505e+40 
  56672.31052631579  138976671050563.67  248967763993642.16   550003548261424.3  3840.3634608421335   5607.163650725742   7343.734287340249   3.258358073901435e+40   4.396461465506569e+40   5.252657619695885e+40 
 56675.274686716795  137021250730726.92  245462487842646.56   541925307267767.2  3840.3634608421335   5607.163650725742   7343.734287340249   3.165995802698932e+40  4.2737113536882663e+40   5.106794180895296e+40 
   56678.2388471178  135106652964024.08  242030166804233.44  534015432625958.06  3840.3634608421335   5607.163650725742   7343.734287340249  3.0768515577709057e+40   4.155190135609419e+40   4.965935384719882e+40 
   56681.2030075188  133231753159382.84  238668801689367.38   526269413346455.7  3840.3634608421335   5607.163650725742   7343.734287340249   2.991576340481692e+40   4.040725031942863e+40   4.829877413498636e+40 
 56684.167167919804  131395465889085.86   235376461159759.4   518813928784873.2  3840.3634608421335   5607.163650725742   7343.734287340249  2.9096434263451086e+40   3.930151416443599e+40   4.698426038838898e+40 
  56687.13132832081  129596741381855.05   232151280503612.9  511543484338351.44  3840.3634608421335   5607.163650725742   7343.734287340249  2.8304924752718746e+40   3.820564324605434e+40   4.571396187667402e+40 
   56690.0954887218  127834564835846.27  228991454401294.88   504420137265591.8  3840.3634608421335   5607.163650725742   7343.734287340249  2.7540110457215693e+40   3.713507994264183e+40   4.448611225154782e+40 
 56693.059649122806  126100050280949.86   225895238918105.0   497393541187747.8  3840.3634608421335   5607.163650725742   7343.734287340249   2.680091956978454e+40   3.610081710589532e+40  4.3299027346037476e+40 
  56696.02380952381   124395746303727.5   222860947971967.2   490422566122488.3  3840.3634608421335   5607.163650725742   7343.734287340249  2.6086330100987074e+40  3.5101416805045055e+40   4.215110030766229e+40 
  56698.98796992481  122725558366290.78   219886950831932.3   483590257503532.0  3840.3634608421335   5607.163650725742   7343.734287340249   2.539536725233918e+40   3.414274336976438e+40  4.1040797540192684e+40 
 56701.952130325815  121088586389389.73  216971669952692.47  476893082333489.75  3840.3634608421335   5607.163650725742   7343.734287340249   2.472058837399124e+40   3.324626051419099e+40  3.9966627648796063e+40 
  56704.91629072682  119483709364027.33  214113175757425.75   470370125166594.9  3840.3634608421335   5607.163650725742   7343.734287340249   2.405431870754851e+40  3.2378790716036464e+40  3.8927192081340975e+40 
  56707.88045112782  117910806564389.47  211311164408687.25  464064914462930.06  3840.3634608421335   5607.163650725742   7343.734287340249   2.341032805005932e+40   3.153939250967269e+40   3.792131247500565e+40 
 56710.844611528824  116368397841001.86  208566115358141.56   457880937964310.4  3840.3634608421335   5607.163650725742   7343.734287340249  2.2787552799298324e+40   3.072682607697578e+40   3.694751085769366e+40 
  56713.80877192983  114855865481294.88  205913467279467.38   451816594339312.2  3840.3634608421335   5607.163650725742   7343.734287340249  2.2190744302647423e+40  2.9940120560224867e+40  3.6004633339496624e+40 
  56716.77293233083  113372463378670.78   203242177230666.0  445869000521236.25  3840.3634608421335   5607.163650725742   7343.734287340249  2.1594921885249635e+40   2.917830184657738e+40  3.5063596973240626e+40 
  56719.73709273183  111917455309947.03  200606194352142.16   440035254749139.1  3840.3634608421335   5607.163650725742   7343.734287340249   2.101845235886362e+40   2.844043583039804e+40    3.40935688230285e+40 
  56722.70125313284  110490125100324.66  198019690721205.44  434312534679771.56  3840.3634608421335   5607.163650725742   7343.734287340249    2.04670429096082e+40   2.772562879440835e+40  3.3192396763705407e+40 
  56725.66541353384  109089780518373.62  195481465204917.34  428698097143558.25  3840.3634608421335   5607.163650725742   7343.734287340249  1.9942907069015982e+40   2.703302553673745e+40  3.2370066792530105e+40 
  56728.62957393484  107715747511074.33   192990352582303.0  423189277222300.25  3840.3634608421335   5607.163650725742   7343.734287340249  1.9435976388248187e+40   2.636180750127575e+40   3.157297414483279e+40 
  56731.59373433584  106367373805883.44   190545222244514.8   417783496219995.8  3840.3634608421335   5607.163650725742   7343.734287340249  1.8945841880946084e+40  2.5711190996651343e+40   3.080019765592194e+40 
  56734.55789473684  105044027651563.42  188144976966436.25   412478252974400.9  3840.3634608421335   5607.163650725742   7343.734287340249  1.8470918311588777e+40  2.5080425512221535e+40   3.005085504301517e+40 
 56737.522055137844  103745096568358.55   185788551729979.8   407271121068620.1  3840.3634608421335   5607.163650725742   7343.734287340249  1.8010647604793498e+40  2.4444821446805624e+40   2.932272420255005e+40 
  56740.48621553885  102469986647705.61   183474912595587.0   402159746167404.6  3840.3634608421335   5607.163650725742   7343.734287340249  1.7564495278531797e+40   2.382410202178593e+40   2.861405912719085e+40 
  56743.45037593985  101218121881180.39   181203055619653.0   397141845353858.1  3840.3634608421335   5607.163650725742   7343.734287340249  1.7131949315268277e+40  2.3224200544566606e+40  2.7926567011216616e+40 
  56746.41453634085   99988943517440.17  179001597742072.75   392215199959061.4  3840.3634608421335   5607.163650725742   7343.734287340249   1.671783042819865e+40   2.266554639743113e+40   2.725949713614699e+40 
  56749.37869674186   98781909771932.88  176875036818092.56  387377655771923.25  3840.3634608421335   5607.163650725742   7343.734287340249  1.6318548547516768e+40  2.2105798163448325e+40   2.661212953059403e+40 
  56752.34285714286   97596494524044.28  174786062701095.38  382627122298031.06  3840.3634608421335   5607.163650725742   7343.734287340249  1.5931089470478878e+40   2.155654893912262e+40   2.598377354326666e+40 
  56755.30701754386   96432186886727.34  172733796949247.53  377878818951722.56  3840.3634608421335   5607.163650725742   7343.734287340249  1.5555036568508625e+40  2.1023882925760725e+40  2.5373766489941765e+40 
 56758.271177944865   95288491191039.39   170717386594904.7  373214354520410.94  3840.3634608421335   5607.163650725742   7343.734287340249  1.5189990260947527e+40   2.052542313526089e+40   2.478147237014571e+40 
  56761.23533834587   94164926229395.11  168736003263922.84  368633050322236.25  3840.3634608421335   5607.163650725742   7343.734287340249  1.4835566945693194e+40   2.003654028773811e+40  2.4206280649630227e+40 
  56764.19949874687   93061024713157.53   166788842734563.7   364133002154660.1  3840.3634608421335   5607.163650725742   7343.734287340249  1.4491398652888106e+40  1.9561971431176954e+40   2.364436195369467e+40 
 56767.163659147875   91976333017944.33  164875123162262.66  359712360041598.44  3840.3634608421335   5607.163650725742   7343.734287340249  1.4157132181408292e+40  1.9101222138541013e+40  2.3097616628730204e+40 
  56770.12781954888   90910410209648.77  162994084663966.88   355369322425031.5  3840.3634608421335   5607.163650725742   7343.734287340249  1.3832428414491333e+40  1.8653817618506857e+40  2.2566474373765215e+40 
  56773.09197994988   89862827730844.27   161144989125010.3   351102139524535.5  3840.3634608421335   5607.163650725742   7343.734287340249  1.3516961682376644e+40  1.8219301834481597e+40  2.2050408007134826e+40 
  56776.05614035088   88833169364433.12  159327119117955.16   346909109878053.7  3840.3634608421335   5607.163650725742   7343.734287340249  1.3210419157199396e+40  1.7797236667686945e+40  2.1548910879275978e+40 
  56779.02030075188    87821030595615.6   157539777211210.6  342788578678400.75  3840.3634608421335   5607.163650725742   7343.734287340249   1.290616258389934e+40   1.738720112188229e+40  2.1061495967825416e+40 
  56781.98446115288   86822713558193.52   155782285304467.8   338738936248885.5  3840.3634608421335   5607.163650725742   7343.734287340249  1.2609147902481934e+40  1.6988790567438653e+40    2.05637277040807e+40 
 56784.948621553885   85840310192253.03  154053984158603.94   334758616577098.2  3840.3634608421335   5607.163650725742   7343.734287340249  1.2320543248593956e+40  1.6601616022613686e+40   2.004861930320328e+40 
  56787.91278195489   84874343778084.36   152354232455332.7   330846095919246.2  3840.3634608421335   5607.163650725742   7343.734287340249  1.2040067630322665e+40  1.6233516345443044e+40  1.9572942825863263e+40 
  56790.87694235589   83924621064943.66  150682406127926.84   326999891463158.9  3840.3634608421335   5607.163650725742   7343.734287340249  1.1767450848202286e+40  1.5876420340356556e+40  1.9142253375804234e+40 
 56793.841102756895   82993462654838.05  149034258332648.12   323218561653935.4  3840.3634608421335   5607.163650725742   7343.734287340249  1.1502433027024144e+40  1.5529062761117567e+40  1.8723297389445023e+40 
   56796.8052631579   82077632997427.66  147398989269546.12  319500701131645.94  3840.3634608421335   5607.163650725742   7343.734287340249  1.1247284996293342e+40  1.5191127667045042e+40  1.8315695250511454e+40 
   56799.7694235589    81176799717992.7   145790365129539.1  315844940477799.56  3840.3634608421335   5607.163650725742   7343.734287340249  1.1000213862393914e+40   1.486231099379483e+40   1.791908153172053e+40 
   56802.7335839599   80290345288471.89  144207329395401.66  312248472441554.94  3840.3634608421335   5607.163650725742   7343.734287340249  1.0759770390806048e+40  1.4542235555745024e+40  1.7533022166457924e+40 
  56805.69774436091    79418818411296.7  142650753672531.88  308714315120324.44  3840.3634608421335   5607.163650725742   7343.734287340249  1.0526984668300991e+40  1.4230869605231627e+40  1.7157424145760686e+40 
  56808.66190476191   78561365046061.58  141118714416233.75   305237103020628.1  3840.3634608421335   5607.163650725742   7343.734287340249  1.0303479031634262e+40  1.3925122932649835e+40  1.6791717029650927e+40 
  56811.62606516291    77720619350653.9  139611099247000.31   301816774619945.7  3840.3634608421335   5607.163650725742   7343.734287340249  1.0085866704454616e+40   1.361957259138841e+40   1.643566605921702e+40 
 56814.590225563916   76893251446309.33  138127414054140.64   298452216849106.9  3840.3634608421335   5607.163650725742   7343.734287340249    9.87396647342845e+39   1.332226317047368e+40  1.6070564156299013e+40 
  56817.55438596491    76078981144491.8  136667159369016.81   295142268449941.7  3840.3634608421335   5607.163650725742   7343.734287340249   9.667599877260354e+39  1.3032933166471633e+40  1.5700290390411918e+40 
 56820.518546365915   75277534840706.05  135229847447690.12   291885791726847.5  3840.3634608421335   5607.163650725742   7343.734287340249   9.466594534070206e+39  1.2751330518033096e+40  1.5338473972283383e+40 
  56823.48270676692   74488645977651.94   133815003514342.5   288681677634972.3  3840.3634608421335   5607.163650725742   7343.734287340249   9.270784257761931e+39  1.2477212287475747e+40  1.4991474206091223e+40 
  56826.44686716792   73712360269763.16  132422164494835.25  285528846907871.25  3840.3634608421335   5607.163650725742   7343.734287340249   9.080008835685059e+39   1.221034429079402e+40   1.468071249994365e+40 
  56829.41102756892   72950406315867.83  131050878637418.11  282426242469407.94  3840.3634608421335   5607.163650725742   7343.734287340249   8.894113787107659e+39  1.1950500742354508e+40    1.43779334369739e+40 
  56832.37518796993   72200179809542.88  129700706159910.14  279372836424496.34  3840.3634608421335   5607.163650725742   7343.734287340249    8.71295013021388e+39  1.1697463915630214e+40  1.4084884766632116e+40 
  56835.33934837093   71461442602730.58  128371218387554.47  276367626463366.12  3840.3634608421335   5607.163650725742   7343.734287340249   8.536374159652596e+39  1.1459305686341781e+40   1.379937901201233e+40 
  56838.30350877193   70733079298523.83  127061997418591.36  273409635106384.75  3840.3634608421335   5607.163650725742   7343.734287340249   8.364247234132799e+39  1.1227453168862855e+40  1.3521053219951903e+40 
 56841.267669172936    70013388448605.8  125772635801673.08  270497908974813.53  3840.3634608421335   5607.163650725742   7343.734287340249   8.196435573582412e+39  1.1001424702784358e+40   1.324969261987487e+40 
  56844.23182957394   69304601199469.85   124470499532867.4   267631518086454.7  3840.3634608421335   5607.163650725742   7343.734287340249   8.020166138811826e+39  1.0781046039185946e+40  1.2985089870522995e+40 
  56847.19598997494   68606499147086.71   123089520293296.0  264809555675532.06  3840.3634608421335   5607.163650725742   7343.734287340249    7.84985501373965e+39  1.0566148966240501e+40  1.2727044768594088e+40 
 56850.160150375945   67918869312670.75   121730261772904.1  262031136184949.97  3840.3634608421335   5607.163650725742   7343.734287340249   7.686085489285352e+39  1.0356571127471663e+40  1.2475363970139579e+40 
  56853.12431077695   67241503982041.75  120392297932942.78  259295395669638.75  3840.3634608421335   5607.163650725742   7343.734287340249   7.526516873406347e+39  1.0150006118369522e+40  1.2229860724116044e+40 
  56856.08847117795   66574200634075.42   119075212756301.1  256601491084108.28  3840.3634608421335   5607.163650725742   7343.734287340249   7.376457482090321e+39   9.947449650357672e+39  1.1990354617495515e+40 
  56859.05263157895   65916761626394.39  117778599968053.53   253948599678867.2  3840.3634608421335   5607.163650725742   7343.734287340249   7.232626123962462e+39   9.749898608964833e+39  1.1756671331384098e+40 
  56862.01679197995   65268994035687.02  116502062765112.84   251335918346560.1  3840.3634608421335   5607.163650725742   7343.734287340249   7.092282128497918e+39   9.557206402225912e+39  1.1528642407626454e+40 
  56864.98095238095   64630709691683.72  115337270822256.34  248762663067280.06  3840.3634608421335   5607.163650725742   7343.734287340249   6.955324577676447e+39   9.354714665216696e+39  1.1306105025395829e+40 
 56867.945112781956   64001724981540.19  114212391565818.12  246228068372036.56  3840.3634608421335   5607.163650725742   7343.734287340249   6.818789629084803e+39   9.170463691228416e+39   1.108890178729585e+40 
  56870.90927318296   63381860701649.22  113103840236914.28  243731386823807.34  3840.3634608421335   5607.163650725742   7343.734287340249   6.685252934324166e+39    8.99070560962326e+39  1.0876880514532395e+40 
  56873.87343358396   62770941931428.57  112011304276124.12   241271888515469.3  3840.3634608421335   5607.163650725742   7343.734287340249   6.553162011158856e+39   8.815480351326563e+39  1.0669894050724822e+40 
 56876.837593984965   62168797911298.99  110934478613564.31  238848860771764.66  3840.3634608421335   5607.163650725742   7343.734287340249   6.422474696633186e+39   8.648058211735944e+39  1.0467019305309316e+40 
  56879.80175438597  61575261942285.516  109873065184460.47   236461607205597.0  3840.3634608421335   5607.163650725742   7343.734287340249   6.295001684935754e+39   8.482633880268474e+39  1.0267914064820765e+40 
  56882.76591478697   60990171228514.13   108826773010780.2  234109447516400.44  3840.3634608421335   5607.163650725742   7343.734287340249    6.17064993457611e+39   8.319574056378888e+39  1.0073508671878957e+40 
 56885.730075187974   60413366787446.86  107795317923635.97  231791717216340.44  3840.3634608421335   5607.163650725742   7343.734287340249   6.049329484482607e+39    8.16009159917404e+39    9.88367134205873e+39 
  56888.69423558898  59844693362130.945  106778422382093.69  229507767068926.97  3840.3634608421335   5607.163650725742   7343.734287340249   5.930953339113822e+39   8.004395746436141e+39   9.697201879725133e+39 
  56891.65839598998   59283999304013.73   105775815193165.5  227256962675961.28  3840.3634608421335   5607.163650725742   7343.734287340249   5.816407071623807e+39     7.8523799570594e+39   9.513278576677294e+39 
  56894.62255639098   58731136472976.07  104787231457391.17  225038684077478.34  3840.3634608421335   5607.163650725742   7343.734287340249   5.706005089527013e+39   7.703941141327539e+39   9.333677875442459e+39 
 56897.586716791986   58185960140574.23  103812412350728.25  222852325364203.25  3840.3634608421335   5607.163650725742   7343.734287340249   5.598200658191943e+39   7.558979534660038e+39   9.158279508495893e+39 
  56900.55087719299   57648328896373.96  102851104958679.94   220697294302129.4  3840.3634608421335   5607.163650725742   7343.734287340249    5.49292136244163e+39   7.417398576499061e+39   8.986967054977875e+39 
 56903.515037593985   57116350536900.49  101903062115669.72  218573011969898.25  3840.3634608421335   5607.163650725742   7343.734287340249  5.3919689264268883e+39   7.279104794113537e+39   8.820187622514949e+39 
  56906.47919799499   56578620973746.82  100968042249479.69   216478912406704.4  3840.3634608421335   5607.163650725742   7343.734287340249   5.294003025817958e+39   7.144007691122004e+39   8.658732700509048e+39 
  56909.44335839599   56048402920851.75   100045809230580.0  214414442466281.03  3840.3634608421335   5607.163650725742   7343.734287340249   5.198250668613107e+39    7.01201964206713e+39   8.499945354111495e+39 
 56912.407518796994  55525559656712.625   99136132226160.03   212379061602830.2  3840.3634608421335   5607.163650725742   7343.734287340249  5.1046521832154434e+39   6.876674515617337e+39   8.344240752715359e+39 
    56915.371679198  55010510744573.484   98238785558708.27  210372239938242.44  3840.3634608421335   5607.163650725742   7343.734287340249   5.013149763595184e+39    6.73565593618798e+39   8.192611565893971e+39 
    56918.335839599   54507653008995.86   97353548568969.75  208393460032800.44  3840.3634608421335   5607.163650725742   7343.734287340249   4.923374446439327e+39   6.598148850432197e+39   8.045217688578783e+39 
            56921.3  54011636805616.984    96480205483129.5  206442215798256.75  3840.3634608421335   5607.163650725742   7343.734287340249   4.834209380595592e+39    6.47344566108312e+39   7.903073437542204e+39 
