 texplosion  fnickel    Pspin  log(Bfield)      Mns  thetaPB   mejecta    kappa  kappagamma      vejecta  temperature    alpha  cutoff_wavelength  log(nhhost)      A_V         MJD0   kenergy  mnickel         TSD   log(L0)  Peak_mag     Peak_MJD  log(E_rad)  log(Peak_lum)  Rise_Time    E_fold  tau_1  delta_m15     r_peak     frac 
    -2.8998  0.47182   0.8248     14.88213  1.50407  1.54657   8.70009  0.15483     0.01288  19949.61409   5320.36661  1.28897         2173.86579     16.73103    3e-05   58555.3802  20.65474  4.10485  1634.98103  49.39991  18.32934     58584.17    50.53411       43.95695   17.84688  26.68715   25.0    0.67828  -20.75467  0.99929 
   -2.90992  0.46957  0.77515     14.96686  1.52293  1.17694   9.46217  0.13257     0.01156  20013.42737   5504.75446  1.80588         2045.03698     16.08656    1e-05  58555.37008  22.60793  4.44319   989.81651   49.6772  18.32879     58584.17    50.51971       43.95833   17.85197  25.44802   25.5    0.67385   -20.7771  0.99952 
   -2.36803  0.45145  0.80027     14.90668  1.41894  1.45112   9.03858  0.10618     0.01089  18441.30462   5691.59214  1.19178         2226.30387     16.52226    2e-05  58555.91197  18.33625  4.08051   1296.8563  49.50144  18.27942  58582.71358    50.54748       43.98494   16.82814  26.85169   25.0    0.67161  -20.76202  0.99943 
   -2.29714  0.47827  0.98169     14.78626  1.58759  1.38603   6.43213  0.28056     0.01644  20085.32935   5340.94397  1.53611         2223.56753     17.61157  0.00023  58555.98286   15.4789  3.07627  3801.81655  48.90564  18.38862     58584.17    50.51249       43.94049   17.84688  26.68715   23.5    0.63993  -20.79549  0.99829 
    -2.4333  0.44279  0.84431     14.71995  1.24106  1.37935   8.32811  0.17147     0.01395  19636.24631   5457.78975  0.80232         2276.72635     16.64259    2e-05   58555.8467  19.15537   3.6876  2983.35855  49.03493  18.31191  58582.71358    50.52703        43.9754   17.54085  25.83296   25.0    0.67065  -20.74397  0.99847 
   -1.86558  0.49179  0.75431     14.86233  1.22558  1.47261   9.03743  0.11412     0.01269  20509.19177   5226.02798  3.84806         2070.76116     17.19875    9e-05  58556.41442  22.67614  4.44451  1220.66759   49.5155  18.35466  58582.71358    50.52316       43.96317   17.84688  25.81561   24.0    0.74774  -20.83125   0.9994 
   -1.80836    0.491  0.71976     14.96676  1.36876   1.2639   8.98107  0.11013     0.01115  18881.19737   5604.17957  4.23179         2167.06218     18.14349  0.00077  58556.47164  19.09917  4.40975   767.36904   49.8058   18.3313  58582.71358    50.54234       43.96005   16.96535  27.56869   25.0     0.6596  -20.77927  0.99967 
   -2.75873  0.49765  0.70381      14.9377  1.06133  1.27152   9.82166  0.08721     0.01024  18996.12141   4449.35437  2.31848         2477.50329     18.37954  0.00133  58555.52127  21.14179  4.88773   650.40037  49.78661  18.37219     58584.17    50.51555       43.93642   19.08601  26.34577   23.5    0.68326  -20.82354  0.99962 
   -2.25364  0.48753   0.7576     14.91443  1.29265  1.39019   9.09158  0.10321     0.01152  19516.41916   5603.97959  2.84402         2239.46667       17.574  0.00021  58556.02636  20.65698  4.43242  1021.66851  49.61214  18.36167  58582.71358    50.51056       43.95116   18.77999  24.59382   24.5    0.69878  -20.83566  0.99951 
   -1.98092  0.46654  1.09532     15.03992  1.62811  1.44128   8.26634  0.10533     0.01474  18920.03244   5502.53642  3.24833         2199.15076     18.67681  0.00264  58556.29908   17.6516  3.85656  1509.16728  49.22271  18.34314     58584.17    50.51915       43.94224   18.31736  27.10329   23.0     0.5258   -22.1018  0.99898 
   -2.88466  0.48916  0.75672     14.96208  1.52271  1.46889   9.03941  0.13854     0.01141  19361.13823   5396.27552  2.28613         2364.89825     17.53722  0.00019  58555.39534  20.21291  4.42175   964.14627  49.70944  18.33894  58582.71358    50.53133       43.97083   17.84688  25.81561   25.5    0.63971  -20.73622  0.99962 
   -1.86883  0.45789  0.83767     14.95711  1.48031  1.43169   9.45367  0.11517     0.01071  19218.94999   5659.55201   4.0077           2063.026     18.00592  0.00056  58556.41117  20.82989  4.32874   1175.1469  49.52296  18.37181  58582.71358    50.51029       43.93479   19.08601  26.34577   25.0    0.66453  -20.76694  0.99942 
   -3.31967  0.47124  1.16507      14.7249  1.48987   1.1612   6.49295  0.27407     0.01447  18526.30044   4525.50653  0.89571         2238.24419     18.07299  0.00066  58554.96033  13.29373  3.05974  6665.95877  48.48542  18.36083     58584.17    50.52619       43.95438   17.84688  26.68715   23.0    0.63416  -20.65419  0.99497 
    -1.2588  0.48113  0.92432      15.0688  1.44605  1.40393   8.61662  0.08377     0.01217  18347.04225   4758.09236   4.0718          2534.3266     19.07271  0.00657   58557.0212    17.302  4.14575    835.6688  49.57535  18.31879  58582.71358    50.54841       43.98595   15.94349  27.71899   24.0    0.68173  -20.80356  0.99951 
   -1.53669  0.47972  0.92902     15.01475   1.5549  1.47599   8.47707  0.10787     0.01338  19167.84709   5583.10544  4.19505         2155.21425     18.73569  0.00302  58556.74331  18.57889  4.06666  1164.28724  49.45844  18.33623     58584.17    50.53495       43.96059   17.84688  26.68715   23.0    0.66442  -21.09149  0.99938 
   -2.89569  0.47526  0.90077     14.95305  1.21311  0.47561    6.0047  0.22421     0.01584  18075.48081   5449.20553  0.66018         2458.40841      17.0399    6e-05  58555.38431  11.70303  2.85376  1134.60679  49.38867  18.34511     58584.17    50.53508       43.96431   17.54085  26.68715   23.5    0.66271  -20.71048   0.9976 
   -2.49956  0.48845  1.04667      14.8531  1.63742  1.49375   7.13494  0.21879     0.01544   20112.1357   5568.44888  1.76404         2151.23281     17.59679  0.00022  58555.78044  17.21607  3.48506  3276.44145  48.92798  18.32322  58582.71358    50.55203       43.97187   15.11088  29.42315   22.0    0.58721  -21.56137  0.99821 
   -2.25644  0.48359  0.72104     15.05808   1.2655  1.34424   9.47255  0.07697      0.0105  18367.31711   4499.88484  2.74249           2775.966     18.40133   0.0014  58556.02356  19.06275  4.58083   467.56444  49.98535  18.37639  58582.71358    50.51063       43.94158   16.96535  27.56869   24.0    0.68076  -20.83752  0.99978 
   -2.48328   0.4871  0.70214     14.98257  1.14775  1.42449   9.63335  0.08503     0.01152   19459.0382   3926.69165  3.74463         2421.74021     18.40067   0.0014  58555.79672  21.75941  4.69239    569.3434  49.88047  18.31656     58584.17    50.53266       43.96461   18.77999  26.34577   21.5     0.6562  -22.05098  0.99972 
   -2.07228  0.49236  1.05144     14.85516  1.68249  1.08491   6.33989  0.31118     0.01807  20538.60722   5465.23925  1.85049          2063.0631     16.74724    3e-05  58556.20772  15.95331  3.12149  3365.27703  48.92421  18.33905     58584.17    50.53456       43.95128   17.84688  27.58491   22.0     0.7105  -21.07963  0.99795 
   -3.28364  0.47486  0.98156     14.90083  1.51378  0.93017   8.23312  0.16996     0.01027  17899.10983   5682.89983  0.29659         2706.18893     17.55905   0.0002  58554.99636  15.73455  3.90961  2138.21716  49.13502  18.32909  58582.71358    50.48571        43.9464   16.96535  23.76121   26.0    0.61934   -20.6496  0.99807 
   -2.15672  0.48594  0.85431     14.90641  1.55277  1.54237   8.86559  0.15899     0.01241  20516.19209   5546.87422  3.55162         2084.31128     18.27089  0.00104  58556.12328  22.26017  4.30817  1619.35424  49.38738  18.35999     58584.17    50.51616         43.949   17.54085  26.68715   24.0    0.65189  -20.89469  0.99923 
   -3.40106   0.4844  0.78372     14.93873  1.34369  1.25783   9.34649  0.11742     0.01253  19734.18624   4370.32464  0.88265         2399.76773     17.07985    7e-05  58554.87894  21.71272  4.52742  1016.18417  49.60185  18.35716  58582.71358    50.51305       43.95113   18.77999  25.44802   23.5    0.67626  -20.75525  0.99946 
   -2.92082  0.47717  0.79542     15.00346  1.52908  1.52933    9.8299  0.11323     0.01061  19417.66601   5330.05434  3.22576         2257.43658     17.72498  0.00029  58555.35918  22.10906  4.69049   884.14784  49.70555  18.33911  58582.71358    50.52533       43.97311   16.55681  25.98439   25.0    0.64792  -20.78475   0.9996 
   -3.12152  0.48762  0.78051     14.96903   1.4487  1.22677   9.27973  0.11162     0.01053  18965.59074   5241.15289  1.48705         2085.28586     18.06634  0.00065  58555.15848   19.9111  4.52499   945.12192  49.66958  18.34431     58584.17    50.52244       43.94802   17.84688  27.60225   25.0    0.67006  -20.74982  0.99952 
   -3.42973  0.49252  1.05152     14.71763   1.4474  1.32673   5.91539  0.29776     0.02181  20281.52605   5247.62044  0.13784         2740.23448     16.94424    5e-05  58554.85027  14.51482  2.91345    5454.875  48.64901   18.3303  58582.71358    50.53928       43.97309   16.96535  26.71449   24.5    0.63839  -20.66157  0.99702 
   -1.26133   0.4411  0.83007     15.07296  1.40347  1.36225   9.62055  0.06874     0.01129  18004.31063   4489.33609  4.76216          2095.7341     18.41894  0.00146  58557.01867  18.60288  4.24367   641.69386  49.77049  18.32886     58584.17    50.53368       43.95182   17.54085  27.60225   24.5    0.68353  -20.78374  0.99967 
   -3.22245  0.46491  0.93984     14.93595  1.54988  1.49254   9.15465  0.12153     0.01073  18761.47748   5369.77067  1.38458         2239.05097     17.74535  0.00031  58555.05755   19.2222  4.25605  1707.31715  49.28072  18.32211     58584.17    50.54265       43.95694   17.84688  27.60225   25.5    0.66284  -20.71992  0.99902 
   -2.40175  0.46333  1.30982     14.83963  1.79053  1.35039   6.42003  0.25782     0.01506  18900.66722   5189.41706  1.25999         2102.17439     18.28104  0.00106  58555.87825  13.68103  2.97456  5969.87919  48.51143  18.33038     58584.17    50.51777       43.94386   18.77999  26.36312   22.5    0.66348  -20.77129   0.9959 
   -3.28641  0.49312  1.13831     14.86693  1.77191   1.1796   6.52995  0.30001     0.01723    19822.535    5619.4443  0.28894         3254.57334     16.95086    5e-05  58554.99359  15.30579  3.22004  3934.75931  48.80985  18.32095     58584.17    50.54162       43.96879   17.84688  26.68715   26.0    0.63663  -20.65032  0.99749 
   -1.63351  0.49627  0.83615     15.00257  1.33513   0.6519    7.0735  0.18778     0.01557  20110.62613    5580.2073  4.09833         2301.86964     17.96502  0.00051  58556.64649  17.06525  3.51037   856.56315  49.61704  18.29332  58582.71358    50.53973       43.96428   16.96535  28.46644   23.0    0.68942   -20.8947    0.999 
   -3.33055  0.49456   1.0421     14.79536  1.40582  0.79481   5.34634  0.33235     0.02253  19471.67436    4956.3666  0.14774         2679.04744     18.41378  0.00144  58554.94945  12.09179  2.64408  3637.74149  48.82013  18.33807     58584.17    50.53623       43.97923   16.82814  26.83435   23.5    0.61578  -20.67841  0.99665 
   -2.59442  0.48708  0.74799     15.01674  1.33953  1.15111   9.35035  0.09086     0.01021  18667.58176   5245.60511  2.62483          2451.6171     17.52844  0.00019  58555.68558  19.43708  4.55434   644.28347  49.83892  18.34305     58584.17    50.51143       43.94149   17.85197  26.36312   24.0    0.68967  -20.89122  0.99966 
   -2.69963  0.49296  0.70519     14.87821  1.22315  1.34435    9.3736  0.10775     0.01112  19346.91593    5464.4578  2.80658         2041.44127     18.28905  0.00108  58555.58037  20.92941  4.62083   989.64528  49.66423  18.29478  58582.71358     50.5481       43.96737   16.86284  28.56895   24.5    0.65255  -20.83162  0.99954 
   -2.93374  0.49867  1.26856     14.92034  1.65985  0.89864   5.25227  0.29731     0.02875  19332.22497   5351.22806  0.59649         2891.99218     16.88761    4e-05  58555.34626  11.70948  2.61917   3579.4731  48.72847  18.35993     58584.17    50.53057        43.9377   17.84688  28.80782   25.0    0.56009  -20.72546  0.99658 
   -2.27482  0.47841  1.05672     14.75921  1.54633  1.33867   6.24852  0.28507      0.0172   20157.9861    5577.1899  2.33532         2073.14276     17.75358  0.00032  58556.00518  15.14603  2.98935  4859.82809  48.72361  18.31389  58582.71358    50.52106       43.96636   16.65932  26.71449   23.5    0.65046  -20.83422  0.99744 
   -2.62763  0.46154  1.06886     14.84903  1.63912  1.40497    7.4976  0.21105     0.01404  19254.75214   5863.61735   2.6906         2149.33922     18.48661   0.0017  58555.65237  16.58156  3.46042  3484.97192  48.88341  18.31311  58582.71358    50.55121       43.99163   16.82814  26.01908   23.5     0.6486  -20.88274  0.99799 
   -2.32319  0.49616   0.8439     14.98425  1.64689  1.42505   9.28186  0.14659      0.0107  19809.28709   5206.22329  2.81946         2268.31494     17.38685  0.00014  58555.95681  21.72701  4.60529  1171.02386  49.56436  18.32147     58584.17    50.53037       43.95632   18.77999  26.36312   24.5    0.65211  -20.78975  0.99944 
   -1.88784  0.46865  0.70529     15.04457   1.4055  1.07007   8.60565  0.09514     0.01223  18551.33005   5572.54967   2.9238          2199.7214     16.78599    3e-05  58556.39216  17.66692  4.03302   528.73676  49.99669  18.36419  58582.71358    50.52097       43.95989   17.85197  25.44802   25.0    0.66347    -20.743  0.99977 
   -2.46482  0.49769  0.80459      14.6976  1.34267  1.11602   5.98709  0.30696     0.01858  19627.88264   5468.39785  1.34553         2031.74634     17.06969    7e-05  58555.81518  13.75911  2.97975  3248.92645  49.07393  18.32336  58582.71358    50.51427       43.95411   18.77999  25.44802   24.5    0.59072  -20.74088  0.99865 
   -3.13273  0.48269  0.93092     14.86992  1.35815  0.79023    7.0915  0.21284     0.01311  18539.21044   5634.70817  1.01634         2868.75836     17.38806  0.00014  58555.14727  14.53945  3.42303  1989.47548  49.16523  18.29224  58582.71358     50.5601       43.99602   16.82814  26.83435   25.5     0.6266  -20.65054    0.998 
   -2.56009    0.465  0.87755     14.88573  1.55523  1.35593   8.84779  0.17742     0.01262  19939.12262   5355.14438  2.66735         2012.53528     16.78266    3e-05  58555.71991  20.98331  4.11425  1882.33347  49.29939  18.34582  58582.71358    50.53194       43.98366   16.82814  26.01908   24.5    0.56985  -21.02803  0.99906 
   -2.12557  0.49817  0.80254      14.8446  1.49591  1.16599   8.13379  0.21819     0.01245  20207.04528   5381.63634  2.98461         2094.75939     17.15142    8e-05  58556.15443  19.81188  4.05201   1829.9917  49.37237  18.33893     58584.22    50.51866       43.94002   18.31736  27.10329   24.0    0.59754  -20.90809  0.99912 
   -2.89154  0.45543  0.88055     14.94196  1.40118  1.45112   9.16594  0.10035     0.01086   18307.4659   5240.18634  2.20134         2146.88971     17.97951  0.00053  58555.38846   18.3257  4.17443  1317.97865  49.40592   18.3483  58582.71358    50.52147       43.96573   16.52212  26.83435   25.0    0.67134  -20.73406  0.99928 
   -2.30057   0.4507  1.04966     14.71768   1.3966  1.22294   6.56653  0.23537     0.01527  18596.58623   5610.50057  2.15495         2031.47199     17.94174  0.00049  58555.97943  13.54658  2.95956  5243.55288   48.6522  18.32676  58582.71358    50.51974       43.96738   16.55681  26.79965   24.0    0.60352    -20.787   0.9968 
   -3.29419  0.49912   1.0059     14.70034  1.42717  1.38228    6.9149  0.26625     0.01376   19236.0912   5325.51734  0.73542         2471.11626     18.09714  0.00069  58554.98581  15.26324  3.45136  5329.98056  48.69149  18.36178     58584.17     50.5383       43.96728   17.84688  26.68715   25.0    0.61773   -20.6512  0.99688 
   -2.39955  0.48503  1.06469      14.8138   1.4472  0.93525   6.10767  0.25963     0.01696  19175.77411   5516.46872  1.60932         2246.81126     18.35733  0.00126  58555.88045  13.39702  2.96243  3590.84418  48.81973  18.31579  58582.71358    50.53616       43.99164    15.5941   25.2553   23.5    0.68585  -20.75696  0.99703 
   -2.29287  0.49621  0.71825     14.99255  1.22484  1.48609   9.10503  0.08934     0.01207  19243.54463   4751.75919  4.21313         2160.54394      18.9386  0.00482  58555.98713  20.11309  4.51803   607.20663  49.86104  18.33056  58582.71358    50.54997       43.98718   16.82814  26.01908   23.5    0.68699  -20.80464  0.99973 
   -2.36741  0.49343  1.12776     14.79092   1.5597  1.29196   5.65878  0.29863     0.02137  19888.99382   5500.84352  1.35381         2692.61242     17.22766    9e-05  58555.91259   13.3529  2.79223  4824.59546  48.67399  18.36966     58584.17    50.52237       43.95264   19.08601  25.44802   23.5    0.66154  -20.77228  0.99725 
   -2.11123  0.48103  0.90529     14.95967   1.5923  1.29184   8.47601  0.14826     0.01067  17962.14976   5351.22309  2.36504         2948.93228     18.48251  0.00169  58556.16877  16.31305  4.07718  1459.09246  49.39322  18.32251     58584.17    50.51045       43.94717   17.85197  26.34577   25.0    0.59083     -20.89  0.99922 
   -2.45832  0.49085  0.86829      14.9085  1.32375  1.44693   8.59116  0.12097     0.01237   19018.5598   5263.84385  2.68493         2564.58536     18.74356  0.00308  58555.82168  18.53678  4.21694  1412.38638  49.36337  18.34264     58584.17    50.52968       43.96104   19.08601  25.44802   25.0    0.66037  -20.75815  0.99919 
    -2.1245  0.47028   0.7755      15.0019  1.44265   1.4014   9.13014  0.09551     0.01168  18962.56287   5842.16898  2.38657         2270.24091     17.95974  0.00051   58556.1555  19.58387  4.29374   798.62735   49.7465  18.34836     58584.17    50.52139       43.94918   16.65932  28.46644   24.5    0.66364  -20.86641  0.99965 
   -1.70536  0.47309  0.84895     14.92544  1.17418  0.84236   8.00673  0.11173      0.0153   19282.9739   5209.61684  2.04358         2200.50334     16.47136    2e-05  58556.57464  17.75948  3.78792  1107.74061  49.43638   18.3634  58582.71358    50.53123       43.97683   16.82814  26.01908   23.5    0.67352  -20.82553  0.99892 
   -2.52912  0.48767  0.96013     14.94219  1.49709  0.75403   6.67001  0.22845     0.01579  19109.86528   5598.07516  1.00085         2712.10012     18.08834  0.00068  58555.75088  14.53011  3.25275  1672.39419  49.25609  18.32377     58584.17     50.5378       43.94719   19.08601  27.56869   22.5    0.60226  -21.24404  0.99833 
   -2.19928  0.45811  1.05631     14.80709  1.52523  1.49311   7.42314  0.18225     0.01218  17787.47761   5947.71386  1.53671         2415.36984     16.95704    5e-05  58556.08072  14.01017  3.40063  3841.96805  48.82004   18.3557     58584.17    50.51538       43.94445   18.77999  26.34577   24.0    0.61896  -20.79834  0.99776 
   -3.26021  0.47666  0.80232     14.97146  1.32675   0.9716   9.58153  0.10104     0.01048  19235.26549   5891.39177  0.33481         2490.34255     18.69348  0.00274  58555.01979  21.14746  4.56709    904.4388  49.62656  18.31461  58582.71358     50.5236       43.96565   17.54085  26.68715   25.0    0.71449  -20.77785  0.99931 
   -3.31563   0.4629  1.03601       14.874  1.56846  1.28439    8.1344  0.16687     0.01332  19029.92536   5525.60184  0.35836         2343.76681     16.85102    4e-05  58554.96437  17.57222  3.76541  2792.59837  48.98758  18.32825     58584.17    50.51996       43.94616   16.61284  27.60225   25.5    0.63422   -20.6803  0.99817 
   -2.81593  0.46201  0.93752     15.05946  1.54017  1.01434   9.27716  0.11816     0.01166  19271.80613   5129.65629  2.06491          2498.9807     17.65899  0.00025  58555.46407  20.55356  4.28613   955.92125  49.53203  18.27203  58582.71358    50.54571       43.99919   16.82814  25.58522   24.5    0.63673  -20.77093  0.99924 
   -2.00803  0.48289  1.26987      14.8493  1.56788  0.96566   5.68043  0.28311     0.02148  19580.42439   5789.81843  2.33302         2082.34193     17.42308  0.00015  58556.27197   12.9913  2.74304  4699.54892  48.58458  18.36573     58584.17    50.53461       43.94978   16.96535  28.46644   22.0    0.61948  -21.29597  0.99551 
    -1.8713  0.47291  0.80245     14.98105  1.39801  1.18506   9.31051  0.13444     0.01325  20417.05247   5361.72228  3.18095          2543.4873      16.0116    1e-05   58556.4087  23.15191  4.40303   912.12859  49.64546  18.30939  58582.71358    50.52445       43.94635   17.85197  26.36312   25.5     0.6331  -20.78365  0.99949 
   -2.00361  0.49778  1.18648     14.77031  1.53118  1.21566   5.28333  0.32603     0.02428  20455.40577   5239.13638  1.38071          2190.8628     17.32308  0.00012  58556.27639  13.18716  2.62995  5764.37494   48.5446  18.30729     58584.17    50.50073       43.93758   18.04156  25.89773   21.5    0.64248  -21.38771  0.99636 
   -3.24881  0.45695  0.87184     14.73494   1.2566  1.30014   8.70324  0.15765     0.01245  19071.59705   5407.44715  0.70331         2019.76985     18.67323  0.00262  58555.03119  18.88349  3.97694  3006.17687  49.00915  18.32318  58582.71358    50.54748       43.97148   16.96535  28.46644   25.5    0.60506  -20.70345  0.99818 
   -2.91028  0.46061  1.04462     14.95193  1.61013  0.87289   7.14897  0.22517     0.01942  19749.81474   5734.96122  0.62859         2491.82571     16.58867    2e-05  58555.36972    16.634  3.29286  2035.78405  49.12905  18.31758     58584.17    50.55875       43.99458   16.82814  26.85169   26.0    0.59611  -20.72955   0.9982 
    -2.2183   0.4886   1.1678     14.81596   1.6106  1.34284   6.25704  0.27816     0.02101  19908.28135   5422.29781  2.20185         2135.86106     17.48555  0.00017   58556.0617  14.79326  3.05722  4760.22734  48.66346  18.34554     58584.17    50.52864       43.94565   17.54085  27.60225   24.0    0.59943  -20.83467    0.997 
   -2.10004  0.47325  0.89984     14.81456  1.45273   1.1208   7.95165  0.22111     0.01263  19403.22721   5578.63772  1.98778         2524.79155     16.51366    2e-05  58556.17996  17.85799   3.7631  2565.69935  49.11349  18.36132  58582.71358    50.52493        43.9614   17.84688  25.83296   25.0    0.54171  -20.94843  0.99845 
   -3.28696  0.49682  0.75949     14.77834  1.50075  1.38626   5.98454  0.29665     0.02184  19762.10466   5306.03786  0.01042         2783.24688     17.51145  0.00018  58554.99304  13.94198  2.97325  2230.93866  49.33562  18.35373     58584.17    50.52005       43.94641   16.96535  27.56869   26.0    0.62898  -20.59013  0.99938 
   -2.00898  0.46783  1.03815     14.90418  1.61013  1.43929   8.29793   0.1566     0.01171  19200.28006   5840.71648   3.8366         2133.99559     16.88106    4e-05  58556.27102  18.24787  3.88201  2505.17533  49.04435  18.34902     58584.17    50.50822       43.95004   16.61284  26.68715   23.5    0.55731  -21.40681  0.99845 
   -2.04088  0.48576  0.76118     14.98773  1.18636  1.51247   9.57776  0.07311     0.01011      18091.1   4580.63096  3.78935         2399.85944     19.27036  0.01035  58556.23912  18.69912  4.65249   675.38732  49.75053  18.33403     58584.17    50.52108       43.93634    19.5514  27.10329   24.0    0.68334   -20.9765  0.99964 
   -1.61695  0.49924  0.99309     14.83269  1.55475  1.13955   6.37764  0.28998     0.01759  20371.16222   5580.66689  2.16398         2628.54417     18.45139  0.00157  58556.66305  15.78769    3.184  3076.53118  48.97847  18.35041     58584.17     50.5388       43.95905   17.84688  27.58491   23.5    0.59776  -20.94908  0.99825 
   -2.39868  0.47986  1.01723      14.7791  1.50765  1.50847   6.67074  0.23635     0.01708  19760.11769   5271.84029  2.24869         2227.09446     17.67536  0.00026  58555.88132  15.53747    3.201   4006.3045  48.82957  18.38607     58584.17    50.50271       43.92986   17.85197  26.36312   23.0    0.67229  -20.76249  0.99794 
   -1.87632  0.44355  0.82267     15.00195  1.40757  1.12846   9.33835  0.09945     0.01255  19164.62747     5270.386   3.1061           2158.926     16.84124    4e-05  58556.40368  20.45963  4.14204   876.66491  49.64403    18.341     58584.17    50.52192       43.95929   17.85197  25.44802   25.0    0.69828  -20.77992   0.9995 
   -2.64061  0.49059  1.17717     14.77048    1.562  1.26267   7.00221  0.24878      0.0137  18507.51872   5466.22259  1.48073          2308.0843     19.16538  0.00813  58555.63939  14.30733  3.43521  5783.88448  48.55863  18.32813     58584.17    50.52719       43.94049   17.84688  28.80782   24.5    0.61115   -20.8847  0.99554 
   -1.94723  0.47426   0.7647     14.97214  1.39787  1.48893   9.72808  0.09098        0.01  19119.86328   5449.33856   4.2478          2061.5084     18.24251  0.00097  58556.33277  21.21405  4.61364   862.93271  49.71135  18.37723     58584.17    50.51738       43.96888   16.61284  25.00035   24.0    0.72113  -20.81274  0.99961 
   -3.75479  0.48242  0.99149     14.96836  1.53036  0.63572   6.83256  0.24302     0.01314  17707.57642   5712.91109  0.26035         3196.12487     16.02347    1e-05  58554.52521  12.77995  3.29615   1616.0937  49.25259  18.34711     58584.17    50.54106       43.95785   17.84688  27.58491   26.5    0.60553  -20.56662  0.99775 
   -3.04002  0.47019  0.75698     14.95151  1.31975  1.28971    9.4296  0.09914     0.01067  18821.74932   5504.08434  1.99158         2093.36434     17.84216  0.00039  58555.23998  19.92692  4.43372   877.94019   49.6877  18.36771  58582.71358    50.52043       43.95023   17.84688  26.68715   25.5    0.67577  -20.74375  0.99957 
   -3.16329  0.43681  0.75133     14.96023  1.42248  0.98751   9.62283  0.12245     0.01131   18985.0066    5744.4768  0.99138          2183.5884     16.42452    1e-05  58555.11671  20.68957  4.20337   895.50689  49.71815  18.36388     58584.17    50.54141       43.96852   16.82814  27.70589   26.0    0.64382  -20.71556   0.9995 
   -2.21774  0.48034  0.91561     14.96835  1.40746  1.31311    8.8362  0.10909     0.01218  19127.12438   5435.08926  3.09325         2242.39951     18.01321  0.00057  58556.06226  19.28377   4.2444  1267.55879   49.3909  18.36891     58584.17    50.53848       43.97035   16.96535  26.71449   24.5    0.65513  -20.81318   0.9992 
   -3.07522  0.47019  0.80472     14.80409  1.41159  1.44528   8.30456  0.17694     0.01323  19447.26074   5421.87619  0.87557         2544.99585     17.34854  0.00012  58555.20478   18.7353  3.90472  2092.29657  49.28665  18.31072     58584.17    50.52775       43.95591   18.77999  26.34577   25.5     0.6347  -20.70093  0.99911 
    -0.6333  0.48349  0.84527     15.08362  1.51727  0.74295   7.88252  0.15064     0.01111  19576.01018   5985.86515  3.16602         2665.63861     17.99353  0.00055   58557.6467  18.01942  3.81111   684.89474   49.7603  18.33715     58584.17    50.53033        43.9446   19.08601  26.36312   23.0    0.65426  -20.87799  0.99937 
    -2.2163   0.4694  1.12628     14.82365  1.60332  1.48351   6.90489  0.22287     0.01531    19123.709    5561.5593  1.55786         2425.28118     16.96277    5e-05   58556.0637  15.06358  3.24114  4254.40185  48.74174  18.32761     58584.17    50.52732       43.94675   19.08601  26.36312   24.0    0.65996  -20.81883  0.99745 
   -2.17362   0.4796  0.85582     14.99119  1.40316  1.41762   8.89143  0.09703     0.01153  18882.12401   5084.54372  3.40531         2225.31785     18.08587  0.00068  58556.10638  18.91038  4.26435   993.81913  49.55388  18.33808  58582.71358    50.53585       43.96814   17.84688  25.83296   23.5    0.65808  -20.82162  0.99947 
   -2.19841  0.49776  0.95337     14.98361  1.27698  0.53755   6.47181  0.20365     0.01596  18922.96066   5783.63673  2.42874         2247.66781     17.66877  0.00026  58556.08159  13.82392  3.22144  1162.24208   49.3512  18.31025  58582.71358    50.54005       43.97174   15.94349  27.73634   23.5    0.59598  -20.84306  0.99764 
   -2.47497   0.4949   1.1908     14.87994  1.62052  0.88452   5.97324    0.322     0.02038  20153.35844   5283.69964  0.95021         2173.19255     16.56524    2e-05  58555.80503  14.47211  2.95618  3709.06039  48.75756   18.3735     58584.22    50.52776       43.96054   17.85197  26.34577   21.5    0.64435  -21.74923  0.99631 
   -3.08944  0.49233  0.82612     14.96062  1.33423  0.62741   7.57553  0.19034     0.01296  18987.48192    5697.2527  1.95783         2158.34278     17.44567  0.00016  58555.19056  16.29201  3.72964  1013.64638   49.5541  18.34405  58582.71358    50.53496       43.96538   17.84688  25.83296   25.0    0.64404  -20.69536  0.99869 
   -2.26093  0.49244  0.70299     15.05089  1.39508  0.69613   7.90698  0.16194     0.01629  20284.45279   5525.90821  1.78783         2135.33493     17.14547    8e-05  58556.01907  19.40726  3.89373   506.43527  50.01503  18.33885     58584.17    50.53151       43.98047   16.65932  26.69714   25.0    0.62367  -20.80579   0.9996 
    -2.7423  0.42621  0.98767      15.0187  1.67167  1.13129   9.40436   0.1286     0.01382  20027.34755   5385.62254  1.73582         2088.85833     16.12753    1e-05   58555.5377  22.50108  4.00827  1389.24262     49.36   18.3336  58582.71358    50.52958       43.95062   16.96535  28.46644   25.0    0.62855   -20.8203  0.99907 
   -2.23236  0.48613  0.74329     14.86686  1.34068  1.44382   9.20646  0.13736     0.01124   19913.1589   5370.48075  2.85223         2308.41078     17.83003  0.00038  58556.04764   21.7771  4.47557   1269.8079  49.55012  18.33881  58582.71358    50.50478       43.94682   16.61284  25.83296   24.5    0.60824  -20.82326  0.99944 
   -2.88275  0.45982  1.00029     14.92257  1.75723  1.47583    9.1344  0.17055     0.01107  19844.67113   5155.03571  0.30431         2066.91707     16.12639    1e-05  58555.39725   21.4583  4.20021  2332.19017  49.14566  18.30063     58584.17    50.55353       43.99148   15.91748  27.74501   24.0    0.63229  -20.76499  0.99868 
   -2.96217  0.49707  0.95529      14.7519  1.50725  1.27682   6.61954  0.30825     0.01958  21381.45422   5309.49128  0.54418         2031.53078     16.89656    4e-05  58555.31783  18.05216  3.29038  4003.72938  48.88429  18.32676  58582.71358    50.52113       43.95991   19.08601  24.59382   25.0    0.65069  -20.75654  0.99798 
   -2.92113  0.46292  1.24296     14.79752  1.70556  1.32338   6.68367  0.26486     0.01408  18897.57696   5152.31967  1.26949         2021.52575      18.3948  0.00138  58555.35887  14.23817  3.09401  6216.64323  48.51824  18.33009     58584.17    50.53231       43.96014   19.08601  25.44802   23.5    0.62842  -20.73778  0.99575 
   -1.58451  0.48926  0.89467     14.84016  1.72847  1.46664   7.41957  0.29535       0.014  21025.74709   5136.10504  3.21493         2000.69073     17.43045  0.00015  58556.69549   19.5663  3.63006   2682.1041  49.17471  18.34741     58584.17    50.53631        43.9503   15.94349  29.50564   22.0    0.74474  -21.02575  0.99893 
   -3.39141  0.49773  0.77601     14.82047  1.46024  0.99534   6.78592  0.28067     0.01973   21079.9059   5485.02068  0.08084         2071.44462       16.908    4e-05  58554.88859   17.9876  3.37755  1866.52368   49.3825  18.32376     58584.17    50.52393       43.95821   16.61284  27.58491   26.0    0.64776  -20.65803  0.99914 
   -2.17896  0.47029  1.02081     14.96368  1.70341  1.47238   9.27735  0.14194     0.01092  19768.08537    5398.2664  2.25218          2115.1938     17.83256  0.00038  58556.10104   21.6262  4.36306  1948.34459  49.19261  18.31516  58582.71358    50.52471       43.97375   16.65932  26.69714   24.0    0.66188  -20.87358  0.99877 
    -2.7147  0.48298  0.90941     14.87545  1.22166   0.6656   6.73351  0.21878     0.01605  19219.72146   5200.60672  1.33837         2425.58334     17.75696  0.00032   58555.5653  14.83757  3.25216  1664.93211  49.21688  18.32803  58582.71358    50.50704       43.93705    19.5514  25.89773   24.0    0.61906  -20.77724  0.99776 
   -3.52309  0.49877  0.83426     14.76048  1.43266  1.30205   5.47594  0.28474     0.02953  20122.34975   5214.78929  0.23949         2522.04792     18.73032  0.00299  58554.75691  13.22645  2.73122  2789.93345  49.13679   18.3307  58582.71358    50.52341       43.96057   17.84688  25.83296   25.5    0.61438  -20.61353  0.99907 
   -2.86801  0.48798  0.77581      14.9208  1.47419  1.46887   8.62307  0.14379      0.0121  19432.18756     5327.083  2.57008         2067.31759     17.39256  0.00014  58555.41199  19.42373  4.20787  1186.52341  49.58361  18.31674     58584.17     50.5377       43.96143   17.84688  26.68715   25.5    0.66549  -20.72644  0.99952 
   -1.94459  0.47622  0.83924     15.01142  1.49074  1.50025    9.2147  0.10359     0.01192   19881.4083   5436.18163  4.06491         2067.37888     18.63767  0.00241  58556.33541  21.72715  4.38818   925.04583  49.62831  18.34965     58584.17     50.5378       43.97805   17.54085  25.81561   24.0    0.68849  -20.79826  0.99955 
   -3.22481  0.49478  1.11701     14.87319  1.65992  0.89153   6.25404  0.31226     0.01816  20335.56371   5322.22712  0.63012         2441.05885     18.03457   0.0006  58555.05519  15.42768  3.09435    3448.479  48.85519  18.33135  58582.71358    50.51959       43.96414   16.65932  26.71449   24.5    0.66154  -20.71237  0.99694 
   -2.67056  0.47768  0.76355     14.88648  1.35026  1.09305   8.65356  0.14268     0.01053  18615.18554   5552.27536  2.18686         2209.22905     18.37423  0.00132  58555.60944  17.88779  4.13367  1232.96292  49.54264  18.35515     58584.22    50.52642       43.94702   17.54085  27.60225   25.0    0.62305  -20.77714  0.99935 
   -2.22405  0.49738  0.92164     14.72555  1.34461  0.99994   7.00673  0.26922     0.01318  19924.26778    5815.2327  3.74982          2021.1229     17.01795    6e-05  58556.05595  16.59233  3.48501  3753.44332  48.89389  18.30323     58584.17    50.52449       43.96261   17.85197  25.44802   23.5    0.68327  -20.86205   0.9973 
   -2.73617  0.48944  0.90038     15.04073  1.36548  1.08827   9.28623  0.08696     0.01017   18406.1625    5367.5272  2.96347         2154.57717     18.82153  0.00368  58555.54383  18.76693  4.54507    852.1008  49.56479  18.35471     58584.17    50.51754       43.94628   18.31736  25.89773   24.5    0.68717  -20.80229  0.99931 
   -3.42909  0.45727  0.75272      14.8276  1.39416  1.39961   8.32874  0.16026     0.01505  19891.81026   5491.16426  0.63707         2143.35985     16.25391    1e-05  58554.85091  19.65872  3.80852  1622.49509  49.44971  18.34606     58584.17    50.50624       43.93483    19.5514  27.10329   26.0    0.64463   -20.6817  0.99939 
   -2.16997  0.46212  0.83409     15.06673  1.39599  1.19431   9.21445   0.0784     0.01036  17904.00022    5322.3002  3.09967         2476.27607     17.90436  0.00045  58556.11003  17.61963  4.25821   663.23243  49.74963  18.31389  58582.71358    50.52684       43.96712   18.77999  24.59382   25.0    0.66534  -20.80834  0.99962 
   -2.28031  0.46037  0.93585     14.84454  1.44241   1.5646   8.44861  0.14231     0.01255  18945.95749   5525.06144  2.01322         2108.77277     18.20632  0.00089  58555.99969  18.09029  3.88951  2400.09822  49.10529  18.36626     58584.17    50.52389       43.95181   16.61284  26.68715   24.5    0.61547  -20.79628  0.99867 
   -2.04042  0.48314  0.71904      14.9663  1.40847  1.52555   9.22665  0.11518     0.01215  19746.92837    5779.7392  4.96096         2055.09341     18.63043  0.00237  58556.23958  21.46202  4.45777   789.72181  49.80661  18.36213     58584.17    50.51503       43.92997   19.08601  27.56869   24.0    0.61813   -21.0639   0.9997 
   -2.49917  0.47834  0.75694     15.00651  1.31391  0.87636    8.7732  0.10431     0.01158  18791.50414    5518.5794  2.21873         2224.03046     16.53946    2e-05  58555.78083  18.48027  4.19661   678.40003   49.7978  18.35525     58584.17    50.51747       43.94741   17.85197  26.34577   21.5    0.64259  -21.53631  0.99951 
   -2.59062   0.4861  0.83278     14.95172  1.45411  1.13979   8.49611  0.13887      0.0117  18981.72351   5555.43585  2.25582         2396.48075     17.37162  0.00013  58555.68938  18.26074  4.12994  1169.59209  49.52234  18.34337     58584.17    50.53809       43.97573   16.82814  26.85169   24.0    0.61405  -20.89195  0.99935 
   -2.78071  0.48242  0.73596     15.03078  1.40366  0.93208   9.02477  0.11133     0.01083  18628.65442   5744.63916  2.11869         2194.76368     16.41633    1e-05  58555.49929  18.68212  4.35376   612.67335  49.89517  18.35075  58582.71358    50.50774       43.94466   17.85197  25.44802   25.5    0.67205  -20.76343  0.99963 
   -3.46317  0.48918  0.83558     14.81273  1.24212  0.65023    6.3254  0.28018     0.01674  19348.05701   4990.65626  0.03984          2604.8666      18.4693  0.00164  58554.81683  14.12504  3.09426  1907.63442  49.23854  18.34606     58584.17    50.52461       43.95643   17.85197  25.44802   24.0    0.65624  -20.63549   0.9979 
   -3.03103  0.46519   1.1023     14.87646  1.74079  1.50562   7.86898  0.20857     0.01358   19646.5538   5656.96936  1.35846         2012.91587      16.4697    2e-05  58555.24897  18.11835  3.66056  3469.29545  48.88475  18.35018  58582.71358    50.53839       43.99429   15.11088  26.97256   25.5    0.63207  -20.71204  0.99793 
   -3.26912  0.46072  1.04229     14.86566  1.65324  1.21156   7.97201  0.22924     0.01469   19880.0524    5284.1096  0.13392          2304.9776     17.23537   0.0001  58555.01088  18.79448  3.67284  3096.01824   48.9604     18.32  58582.71358    50.50673       43.94235   19.24538  25.88038   26.0    0.60239  -20.65522  0.99801 
   -2.26232  0.48914  1.08786     14.84605  1.56503  0.99686   6.24496  0.27997     0.01813  20446.73402   5711.76883  1.12296         2420.17478     17.10006    7e-05  58556.01768  15.57415  3.05465  3494.48912  48.84684  18.36521  58582.71358    50.51054       43.92699   19.08601  26.36312   23.5     0.6564  -20.84414  0.99735 
   -3.17025   0.4967  0.75032     14.91891  1.09923  0.51029   7.28033   0.1765     0.01382   18718.0664   5575.71953  1.14421         2394.24259      18.7558  0.00317  58555.10975  15.21599  3.61614   834.77192  49.63787  18.35733     58584.17    50.52315       43.94975   17.84688  27.58491   24.5    0.65784  -20.70736  0.99849 
   -2.39309  0.47367  1.04954     14.97342  1.79753  1.56306   8.97459  0.16307     0.01196  20199.44672   5377.47599  2.24635          2036.3797     17.93472  0.00048  58555.88691  21.84343  4.25099  2078.03484  49.16387  18.37462     58584.17    50.51727       43.95506   16.61284  25.83296   24.5    0.66556  -20.79028  0.99873 
    -2.5397  0.48775  0.79181     15.00806  1.33553  0.52231   7.44524  0.20174     0.01288  19698.20559   5635.30999  0.74247         2811.99016     17.94988   0.0005   58555.7403  17.23294  3.63142   749.20479  49.72265   18.3466     58584.17    50.52122       43.95868    15.7313  27.56869   22.0     0.6775  -21.23532   0.9988 
   -3.54095  0.48755  0.86557     14.70103   1.3159  1.35135   6.91223  0.23329     0.01622  18884.22314   5461.39344   0.3964         2545.36402     17.81296  0.00036  58554.73905  14.70427  3.37009  3627.29298  48.95388  18.35063     58584.22    50.50106       43.90684   19.97264  27.56869   26.0    0.60234  -20.60509   0.9983 
   -1.48327  0.46093  0.91595     15.12558   1.4936  1.02092   8.91848  0.09283     0.01533  19875.14068   5415.69362  4.12295         2478.83929      18.0804  0.00067  58556.79673  21.01545  4.11075   652.58605   49.7047  18.33025     58584.17    50.51735       43.96104    15.7313  27.56869   23.0    0.54584  -22.24542  0.99951 
   -0.82335  0.49832  0.79392     15.00497   1.3849  0.65825   8.39327  0.20727     0.01282  21786.30819   5391.14076  3.92426         2398.83157     18.27076  0.00104  58557.45665  23.76434  4.18251   792.23232  49.71186  18.34441     58584.17    50.54417       43.96237   17.84688  27.58491   24.0    0.70708   -20.8035  0.99906 
   -3.86014  0.49529  0.74097      14.4791  1.04982  1.56828   8.52756  0.23897     0.01004  19049.07994   5223.87581  0.45421         2579.04188      18.4711  0.00164  58554.41986  18.45865  4.22358  5892.81105  48.78004  18.34727     58584.22    50.53956       43.94251   17.84688  28.80782   26.5    0.60395   -20.6188  0.99698 
   -3.42727  0.49028  1.06653     14.76907  1.36767  0.82452   6.54651  0.26291     0.01519  18703.51797   5476.34842  0.47133         2389.47219     19.41124  0.01432  58554.85273  13.66103  3.20964  4184.04794  48.72729  18.36033     58584.22    50.52129       43.93518   17.54085  28.80782   25.5    0.61568  -20.68209  0.99527 
   -2.42822  0.47338  0.92824     14.84111  1.53532  1.47139   7.49498  0.19707     0.01576  19448.13976   5561.56065  1.73643         2397.76244     17.92145  0.00046  58555.85178   16.9104  3.54796  2553.35372  49.11261  18.35851     58584.17    50.51261       43.93136   17.85197  27.56869   25.0    0.62403  -20.73898   0.9988 
   -2.64683  0.45701   1.0751     14.93252  1.67431  1.18223   8.31169   0.1544     0.01016  17859.65546   5829.67288  1.15495         2734.71138     17.75613  0.00032  58555.63317  15.81475  3.79851   2451.9628  49.04027  18.36112     58584.17    50.53466       43.94912   16.82814  28.60364   24.5    0.60891  -20.83287  0.99825 
   -3.00202  0.46369  1.34482     14.87417  1.86897  1.51256   6.22247  0.28984     0.01961  19909.47976   5201.03377  0.25688           2965.079     16.86614    4e-05  58555.27798  14.71328   2.8853   5602.8016  48.53471  18.34694     58584.17    50.51805        43.9566   16.61284  26.68715   24.0    0.62267  -20.70219  0.99639 
   -1.82402  0.49007  0.98259     14.86153  1.55877  1.46016   7.80088  0.19209     0.01309  20362.44734   5637.59546  2.64474          2005.8293     16.91919    5e-05  58556.45598  19.29437  3.82296  2644.17504  49.05459  18.34252     58584.17    50.51929       43.95838   18.31736  24.98263   24.0    0.68838  -20.77469  0.99852 
   -2.79509  0.48009   0.7452     14.96949  1.50656  1.44949  10.03353  0.12956     0.01026  19885.59578   5199.97783  2.54325          2308.9817     17.00092    6e-05  58555.48491   23.6678  4.81704    894.0514  49.75092   18.3473  58582.71358    50.49936       43.92904   16.61284  27.60225   25.0    0.64709  -20.79166  0.99962 
   -2.98303  0.45125   0.7847     15.01155  1.44138  0.95568   9.55804  0.11071     0.01088  18646.24941   4842.57846   1.3978         2215.30772     16.09159    1e-05  58555.29697  19.82344  4.31305   781.45537  49.74531  18.33175  58582.71358    50.52508       43.96046   16.65932  27.56869   24.0    0.65559  -20.74223  0.99949 
    -1.8264  0.48533  1.13916     14.76903  1.44127  1.36107   6.85356  0.21982     0.01422  18479.93242   5559.26545  2.23529         2536.51844     18.07259  0.00066   58556.4536  13.96189  3.32623  5031.23813  48.61275  18.34862     58584.17    50.52718       43.95189   17.85197  26.36312   24.5    0.59707  -20.74695  0.99636 
   -1.65492  0.44688  0.84034     15.00525  1.33007  1.13828   9.27991  0.08731     0.01267  19453.06428   5370.68102  3.86958           2118.389     16.15116    1e-05  58556.62508   20.9482  4.14703   851.31947  49.61372  18.35525     58584.22    50.53666       43.96049   17.84688  27.60225   24.5     0.6541  -20.84973  0.99947 
   -2.58946  0.49885  0.71877     14.75622  1.37586  1.32722   7.10136  0.26151     0.01846  21126.70485    5283.4442  1.11546         2308.54766     16.77472    3e-05  58555.69054  18.90742  3.54253  2028.33957  49.38709   18.3079     58584.17    50.53504       43.98118   17.85197  24.57648   22.5    0.67614    -20.991  0.99933 
   -2.06404  0.48374  0.94099     14.85236  1.61252  1.19854   7.58193  0.25364     0.01533  21116.58993   5199.11048  1.73117         2015.42135     17.34632  0.00012  58556.21596   20.1676  3.66771  2616.80987  49.11141  18.35536  58582.71358    50.51395       43.93281   19.08601  26.36312   22.0    0.73064  -21.09873  0.99858 
   -1.33001  0.47311  0.88888     14.89283  1.27117  1.42555   8.46626  0.09137     0.01085  17947.22936   5418.15555  3.71528         2164.87135     18.62386  0.00234  58556.94999  16.26724  4.00546  1527.75548  49.29131  18.33477     58584.17    50.51942        43.9421   19.24538  27.10329   24.5    0.67446  -20.75311  0.99909 
    -2.3901  0.49453  1.13917      14.8859  1.90412  1.47485   8.37084  0.24564     0.01018  20195.57012   5251.44335  1.87831         2297.52684     17.68222  0.00027   58555.8899  20.36612  4.13959  3880.51376  48.84647  18.34923     58584.17     50.5392       43.96278   16.96535  27.56869   24.0    0.67286  -20.78389  0.99743 
    -3.0868  0.47708   0.7401     14.95518  1.72295  1.24135   9.83664  0.18396     0.01056  20442.66654   5490.11531  0.95015         2157.47271     17.02716    6e-05   58555.1932  24.52161  4.69286  1077.22114  49.73424  18.38123     58584.17    50.52287       43.95791   17.54085  26.68715   27.0    0.61793   -20.7115  0.99958 
   -1.48659  0.45795  0.80481     15.06842  1.33776  1.13921   9.07137  0.07197     0.01163  18002.30401   4977.32347  3.51814         2342.30005     18.21576  0.00091  58556.79341  17.53703  4.15419   587.13473   49.8151  18.31275     58584.17    50.54394       43.97969   16.86284   27.6712   20.5    0.56487  -21.88347  0.99966 
   -2.16136  0.47579  0.85767     15.03378  1.51386  1.25125   9.28563  0.10806     0.01155  20046.80157   5392.06667  3.38639         2197.39498     16.78821    3e-05  58556.11864  22.26017  4.41805   885.07252  49.63532     18.36  58582.71358    50.51554       43.94947   16.96535  26.71449   24.0    0.73798  -20.86388  0.99951 
   -3.85291  0.49437  0.93965      14.6889  1.40978  1.46777   7.48754  0.23321     0.01318  19373.13679   5515.80216  0.01033         2565.03637     16.02481    1e-05  58554.42709  16.76356  3.70158  4842.83206  48.78696  18.35693     58584.22    50.52376       43.93409   19.08601  27.56869   25.5    0.64251  -20.64782  0.99737 
   -3.25607  0.47178  1.00909     14.64463   1.2712   0.9487    6.8444  0.28265     0.01097  18231.66839   5488.23911  1.21843         2309.74593     18.29226  0.00109  58555.02393  13.57111  3.22903  6174.99261  48.57456  18.34502     58584.17     50.5176       43.94233   18.77999  26.36312   24.5    0.61422  -20.64993  0.99452 
   -1.86992  0.48319  0.72779     14.94533  1.29993  1.37506   9.35076  0.10668     0.01183  19426.63806   4641.78674   2.7265         2340.92957     17.69209  0.00027  58556.41008  21.05083  4.51823   822.41083  49.74366  18.38152  58582.71358    50.52199       43.95175   17.84688  25.83296   23.5    0.68131   -20.7981  0.99963 
   -2.27356   0.4816  1.17696     14.81628  1.61762  1.47951   6.11753  0.24057     0.01801  19209.61707   5605.19257  1.52362         2327.92602        18.44  0.00153  58556.00644  13.46607  2.94618  4848.98647  48.65055  18.35359     58584.17    50.52998       43.97333   16.65932  26.71449   23.5    0.65603  -20.80423  0.99714 
   -2.41946   0.4652  1.36733     14.87288  1.78095  1.09987   5.84074  0.29801     0.01903  19767.24256   5235.37214  1.61914         2307.58675     17.28958  0.00011  58555.86054  13.61404  2.71709   5552.2137  48.50328  18.34119  58582.71358    50.52979       43.96285   16.96535  27.56869   23.5    0.58809  -20.77906  0.99545 
   -3.02249  0.49426  0.73949     15.04957  1.28331  0.68555   8.87156   0.1097     0.01003  17700.90622   5832.88078  2.76421         2139.76423     16.23438    1e-05  58555.25751  16.58128  4.38486   518.64503  49.92444  18.34343  58582.71358    50.52359       43.96975   16.52212  26.83435   26.0    0.65941  -20.72343  0.99943 
   -1.87133  0.49037  0.94989     15.07075  1.36066  0.64202   7.43239  0.12287     0.01479  19054.31871   5526.38614  3.65772         2166.40063       18.059  0.00064  58556.40867  16.09691  3.64461   823.02708  49.53184  18.36304     58584.17    50.50687       43.93786   19.24538  25.89773   23.5    0.67761  -20.79127   0.9987 
   -3.50182  0.47459  0.73911     14.74298  1.14672  0.78474   7.55873  0.20357     0.01274   18829.1813    5121.8256  0.12687         2238.71514     18.32093  0.00116  58554.77818  15.98597   3.5873    1899.869  49.31217  18.33656  58582.71358    50.51209       43.94758   16.65932  27.56869   25.0    0.63005   -20.6398  0.99848 
   -2.47229  0.46361  0.84392     15.04951  1.41558  1.22882    9.3765  0.08287      0.0107  18003.78494   4789.04776  2.65808         2305.19387     17.65756  0.00025  58555.80771  18.12991  4.34708   745.31909  49.69483  18.35782     58584.17    50.50332       43.91949   19.24538  27.10329   21.5    0.58132   -23.0867  0.99957 
   -1.18657  0.49998  0.73882     14.96147  1.20755  0.62569   7.63107  0.18475      0.0149  20808.90079   5579.50468  3.37971         2311.54213     18.71146  0.00286  58557.09343   19.7111   3.8154   730.87911  49.74983  18.36165  58582.71358    50.50533       43.92706   18.77999  26.36312   24.0    0.60693  -20.85861  0.99914 
   -2.54327  0.45644  1.00543     15.03524  1.58996  1.48374   9.93367  0.09648     0.01029  19052.59128   4110.69866  2.20091         2037.66127     18.39595  0.00138  58555.73673  21.51022  4.53414  1268.88377  49.36211  18.33875     58584.17    50.52707       43.96265   18.77999  25.44802   22.5    0.67328  -21.02349  0.99914 
   -2.24289   0.4774  1.21746     14.89342  1.60789  0.94945   5.93833  0.26084     0.02094  19241.92057   6008.48987  1.16868          2678.7886     16.76448    3e-05  58556.03711  13.11562  2.83497  3615.34568  48.74604  18.34659     58584.17    50.53036       43.96672   16.61284  25.83296   24.5    0.56555  -20.82372   0.9967 
   -3.02097  0.47752  0.93501     14.61553  1.19891  1.16143    6.7683  0.23904     0.01274  18306.92737   5607.82568  1.39879         2036.09315     18.64519  0.00245  58555.25903  13.53125  3.23201  5717.00035  48.64883  18.33342  58582.71358     50.5285       43.96381   16.96535  26.71449   24.0    0.62246  -20.68417  0.99631 
   -2.86777  0.48533   0.7124     15.03169  1.38249  0.92799   8.85275  0.11858     0.01086   18208.6448   5487.10762   2.4236         2685.96359     16.78092    3e-05  58555.41223  17.50897  4.29648   563.04884  49.95352  18.31213  58582.71358     50.5457       43.98621   17.84688  25.00035   26.0    0.64093  -20.73273  0.99967 
   -1.65629  0.48637  1.11411     14.80133  1.62293  1.21214   5.89288  0.31508     0.01882  20484.94121   5506.62893  2.60329         2107.67831     17.20259    9e-05  58556.62371  14.75109   2.8661  4669.91989  48.71598  18.31936     58584.17    50.51751       43.96605   16.61284  25.83296   22.5    0.68002  -20.92657   0.9973 
