                MJD               R_low               R_med              R_high               T_low               T_med              T_high                   L_low                   L_med                  L_high 
          55887.271                 0.0                 0.0                 0.0                 nan                 nan                 nan   3.946988427336992e+28   5.652557267984306e+28  1.0837340469873361e+29 
 55890.035285714286                 0.0                 0.0                 0.0                 nan                 nan                 nan   3.946988427336992e+28   5.652557267984306e+28  1.0837340469873361e+29 
  55892.79957142857                 0.0                 0.0                 0.0                 nan                 nan                 nan   3.946988427336992e+28   5.652557267984306e+28  1.0837340469873361e+29 
  55895.56385714286                 0.0                 0.0                 0.0                 nan                 nan                 nan   3.946988427336992e+28   5.652557267984306e+28  1.0837340469873361e+29 
  55898.32814285714                 0.0                 0.0                 0.0                 nan                 nan                 nan   3.946988427336992e+28   5.652557267984306e+28  1.0837340469873361e+29 
  55901.09242857143                 0.0                 0.0                 0.0                 nan                 nan                 nan   3.946988427336992e+28   5.652557267984306e+28  1.0837340469873361e+29 
 55903.856714285714                 0.0                 0.0                 0.0                 nan                 nan                 nan   3.946988427336992e+28   5.652557267984306e+28  1.0837340469873361e+29 
          55906.621                 0.0                 0.0                 0.0                 nan                 nan                 nan   3.946988427336992e+28   5.652557267984306e+28  1.0837340469873361e+29 
 55909.385285714285                 0.0                 0.0                 0.0                 nan                 nan                 nan   3.946988427336992e+28   5.652557267984306e+28  1.0837340469873361e+29 
  55912.14957142857                 0.0                 0.0                 0.0                 nan                 nan                 nan   3.946988427336992e+28   5.652557267984306e+28  1.0837340469873361e+29 
 55914.913857142856                 0.0                 0.0                 0.0                 nan                 nan                 nan   3.946988427336992e+28   5.652557267984306e+28  1.0837340469873361e+29 
  55917.67814285714                 0.0                 0.0                 0.0                 nan                 nan                 nan   3.946988427336992e+28   5.652557267984306e+28  1.0837340469873361e+29 
  55920.44242857143                 0.0                 0.0                 0.0                 nan                 nan                 nan   3.946988427336992e+28   5.652557267984306e+28  1.0837340469873361e+29 
  55923.20671428571                 0.0                 0.0                 0.0                 nan                 nan                 nan   3.946988427336992e+28   5.652557267984306e+28  1.0837340469873361e+29 
          55925.971                 0.0                 0.0                 0.0                 nan                 nan                 nan   3.946988427336992e+28   5.652557267984306e+28  1.0837340469873361e+29 
  55928.73528571428                 0.0                 0.0                 0.0                 nan                 nan                 nan   3.946988427336992e+28   5.652557267984306e+28  1.0837340469873361e+29 
  55931.49957142857                 0.0                 0.0                 0.0                 nan                 nan                 nan   3.946988427336992e+28   5.652557267984306e+28  1.0837340469873361e+29 
 55934.263857142854                 0.0                 0.0                 0.0                 nan                 nan                 nan   3.946988427336992e+28   5.652557267984306e+28  1.0837340469873361e+29 
  55937.02814285714                 0.0                 0.0                 0.0                 nan                 nan                 nan   3.946988427336992e+28   5.652557267984306e+28  1.0837340469873361e+29 
  55939.79242857143                 0.0                 0.0                 0.0                 nan                 nan                 nan   3.946988427336992e+28   5.652557267984306e+28  1.0837340469873361e+29 
  55942.55671428572                 0.0                 0.0                 0.0                 nan                 nan                 nan   3.946988427336992e+28   5.652557267984306e+28  1.0837340469873361e+29 
          55945.321                 0.0                 0.0                 0.0                 nan                 nan                 nan   3.946988427336992e+28   5.652557267984306e+28  1.0837340469873361e+29 
  55948.08528571429                 0.0                 0.0                 0.0                 nan                 nan                 nan   3.946988427336992e+28   5.652557267984306e+28  1.0837340469873361e+29 
 55950.849571428575                 0.0                 0.0                 0.0                 nan                 nan                 nan   3.946988427336992e+28   5.652557267984306e+28  1.0837340469873361e+29 
  55953.61385714286                 0.0                 0.0                 0.0                 nan                 nan                 nan   3.946988427336992e+28   5.652557267984306e+28  1.0837340469873361e+29 
 55956.378142857146                 0.0                 0.0                 0.0                 nan                 nan                 nan   3.946988427336992e+28   5.652557267984306e+28  1.0837340469873361e+29 
  55959.14242857143                 0.0                 0.0                 0.0                 nan                 nan                 nan   3.946988427336992e+28   5.652557267984306e+28  1.0837340469873361e+29 
  55961.90671428572                 0.0                 0.0                 0.0                 nan                 nan                 nan   3.946988427336992e+28   5.652557267984306e+28  1.0837340469873361e+29 
          55964.671                 0.0                 0.0                 0.0                 nan                 nan                 nan   3.946988427336992e+28   5.652557267984306e+28  1.0837340469873361e+29 
  55967.43528571429                 0.0                 0.0                 0.0                 nan                 nan                 nan   3.946988427336992e+28   5.652557267984306e+28  1.0837340469873361e+29 
  55970.19957142857                 0.0                 0.0                 0.0                 nan                 nan                 nan   3.946988427336992e+28   5.652557267984306e+28  1.0837340469873361e+29 
  55972.96385714286                 0.0                 0.0                 0.0                 nan                 nan                 nan   3.946988427336992e+28   5.652557267984306e+28  1.0837340469873361e+29 
 55975.728142857144                 0.0                 0.0                 0.0                 nan                 nan                 nan   3.946988427336992e+28   5.652557267984306e+28  1.0837340469873361e+29 
  55978.49242857143                 0.0                 0.0                 0.0                 nan                 nan                 nan   3.946988427336992e+28   5.652557267984306e+28  1.0837340469873361e+29 
 55981.256714285715                 0.0                 0.0                 0.0                 nan                 nan                 nan   3.946988427336992e+28   5.652557267984306e+28  1.0837340469873361e+29 
          55984.021                 0.0                 0.0                 0.0                 nan                 nan                 nan   3.946988427336992e+28   5.652557267984306e+28  1.0837340469873361e+29 
 55986.785285714286                 0.0                 0.0                 0.0                 nan                 nan                 nan   3.946988427336992e+28   5.652557267984306e+28  1.0837340469873361e+29 
  55989.54957142857                 0.0                 0.0                 0.0                 nan                 nan                 nan   3.946988427336992e+28   5.652557267984306e+28  1.0837340469873361e+29 
  55992.31385714286                 0.0                 0.0                 0.0                 nan                 nan                 nan   3.946988427336992e+28   5.652557267984306e+28  1.0837340469873361e+29 
  55995.07814285714                 0.0                 0.0                 0.0                 nan                 nan                 nan   3.946988427336992e+28   5.652557267984306e+28  1.0837340469873361e+29 
  55997.84242857143                 0.0                 0.0                 0.0                 nan                 nan                 nan   3.946988427336992e+28   5.652557267984306e+28  1.0837340469873361e+29 
 56000.606714285714                 0.0                 0.0                 0.0                 nan                 nan                 nan   3.946988427336992e+28   5.652557267984306e+28  1.0837340469873361e+29 
          56003.371                 0.0                 0.0                 0.0                 nan                 nan                 nan   3.946988427336992e+28   5.652557267984306e+28  1.0837340469873361e+29 
 56006.135285714285                 0.0                 0.0                 0.0                 nan                 nan                 nan   3.946988427336992e+28   5.652557267984306e+28  1.0837340469873361e+29 
  56008.89957142857                 0.0                 0.0                 0.0                 nan                 nan                 nan   3.946988427336992e+28   5.652557267984306e+28  1.0837340469873361e+29 
 56011.663857142856                 0.0                 0.0                 0.0                 nan                 nan                 nan   3.946988427336992e+28   5.652557267984306e+28  1.0837340469873361e+29 
  56014.42814285714                 0.0                 0.0                 0.0                 nan                 nan                 nan   3.946988427336992e+28   5.652557267984306e+28  1.0837340469873361e+29 
  56017.19242857143                 0.0                 0.0                 0.0                 nan                 nan                 nan   3.946988427336992e+28   5.652557267984306e+28  1.0837340469873361e+29 
  56019.95671428571                 0.0                 0.0                 0.0                 nan                 nan                 nan   3.946988427336992e+28   5.652557267984306e+28  1.0837340469873361e+29 
          56022.721                 0.0                 0.0                 0.0                 nan                 nan                 nan   3.946988427336992e+28   5.652557267984306e+28  1.0837340469873361e+29 
  56025.48528571428                 0.0                 0.0                 0.0                 nan                 nan                 nan   3.946988427336992e+28   5.652557267984306e+28  1.0837340469873361e+29 
  56028.24957142857                 0.0                 0.0                 0.0                 nan                 nan                 nan   3.946988427336992e+28   5.652557267984306e+28  1.0837340469873361e+29 
 56031.013857142854                 0.0                 0.0                 0.0                 nan                 nan                 nan   3.946988427336992e+28   5.652557267984306e+28  1.0837340469873361e+29 
  56033.77814285714                 0.0                 0.0                 0.0                 nan                 nan                 nan   3.946988427336992e+28   5.652557267984306e+28  1.0837340469873361e+29 
 56036.542428571425                 0.0                 0.0                 0.0                 nan                 nan                 nan   3.946988427336992e+28   5.652557267984306e+28  1.0837340469873361e+29 
  56039.30671428572                 0.0                 0.0                 0.0                 nan                 nan                 nan   3.946988427336992e+28   5.652557267984306e+28  1.0837340469873361e+29 
          56042.071                 0.0                 0.0                 0.0                 nan                 nan                 nan   3.946988427336992e+28   5.652557267984306e+28  1.0837340469873361e+29 
  56044.83528571429                 0.0                 0.0                 0.0                 nan                 nan                 nan   3.946988427336992e+28   5.652557267984306e+28  1.0837340469873361e+29 
 56047.599571428575                 0.0                 0.0                 0.0                 nan                 nan                 nan   3.946988427336992e+28   5.652557267984306e+28  1.0837340469873361e+29 
  56050.36385714286                 0.0                 0.0                 0.0                 nan                 nan                 nan   3.946988427336992e+28   5.652557267984306e+28  1.0837340469873361e+29 
 56053.128142857146                 0.0                 0.0                 0.0                 nan                 nan                 nan   3.946988427336992e+28   5.652557267984306e+28  1.0837340469873361e+29 
  56055.89242857143                 0.0                 0.0                 0.0                 nan                 nan                 nan   3.946988427336992e+28   5.652557267984306e+28  1.0837340469873361e+29 
  56058.65671428572                 0.0                 0.0                 0.0                 nan                 nan                 nan   3.946988427336992e+28   5.652557267984306e+28  1.0837340469873361e+29 
          56061.421                 0.0                 0.0                 0.0                 nan                 nan                 nan   3.946988427336992e+28   5.652557267984306e+28  1.0837340469873361e+29 
  56064.18528571429                 0.0                 0.0                 0.0                 nan                 nan                 nan   3.946988427336992e+28   5.652557267984306e+28  1.0837340469873361e+29 
  56066.94957142857                 0.0                 0.0                 0.0                 nan                 nan                 nan   3.946988427336992e+28   5.652557267984306e+28  1.0837340469873361e+29 
  56069.71385714286                 0.0                 0.0                 0.0                 nan                 nan                 nan   3.946988427336992e+28   5.652557267984306e+28  1.0837340469873361e+29 
 56072.478142857144                 0.0                 0.0                 0.0                 nan                 nan                 nan   3.946988427336992e+28   5.652557267984306e+28  1.0837340469873361e+29 
  56075.24242857143                 0.0                 0.0                 0.0                 nan                 nan                 nan   3.946988427336992e+28   5.652557267984306e+28  1.0837340469873361e+29 
 56078.006714285715                 0.0                 0.0                 0.0                 nan                 nan                 nan   3.946988427336992e+28   5.652557267984306e+28  1.0837340469873361e+29 
          56080.771                 0.0                 0.0                 0.0                 nan                 nan                 nan   3.946988427336992e+28   5.652557267984306e+28  1.0837340469873361e+29 
 56083.535285714286                 0.0                 0.0                 0.0                 nan                 nan                 nan   3.946988427336992e+28   5.652557267984306e+28  1.0837340469873361e+29 
  56086.29957142857                 0.0                 0.0                 0.0                 nan                 nan                 nan   3.946988427336992e+28   5.652557267984306e+28  1.0837340469873361e+29 
  56089.06385714286                 0.0                 0.0                 0.0                 nan                 nan                 nan   3.946988427336992e+28   5.652557267984306e+28  1.0837340469873361e+29 
  56091.82814285714                 0.0                 0.0                 0.0                 nan                 nan                 nan   3.946988427336992e+28   5.652557267984306e+28  1.0837340469873361e+29 
  56094.59242857143                 0.0                 0.0                 0.0                 nan                 nan                 nan   3.946988427336992e+28   5.652557267984306e+28  1.0837340469873361e+29 
 56097.356714285714                 0.0                 0.0                 0.0                 nan                 nan                 nan   3.946988427336992e+28   5.652557267984306e+28  1.0837340469873361e+29 
          56100.121                 0.0                 0.0                 0.0                 nan                 nan                 nan   3.946988427336992e+28   5.652557267984306e+28  1.0837340469873361e+29 
 56102.885285714285                 0.0                 0.0                 0.0                 nan                 nan                 nan   3.946988427336992e+28   5.652557267984306e+28  1.0837340469873361e+29 
  56105.64957142857                 0.0                 0.0                 0.0                 nan                 nan                 nan   3.946988427336992e+28   5.652557267984306e+28  1.0837340469873361e+29 
 56108.413857142856                 0.0                 0.0                 0.0                 nan                 nan                 nan   3.946988427336992e+28   5.652557267984306e+28  1.0837340469873361e+29 
  56111.17814285714                 0.0                 0.0                 0.0                 nan                 nan                 nan   3.946988427336992e+28   5.652557267984306e+28  1.0837340469873361e+29 
  56113.94242857143                 0.0                 0.0                 0.0                 nan                 nan                 nan   3.946988427336992e+28   5.652557267984306e+28  1.0837340469873361e+29 
  56116.70671428571                 0.0                 0.0                 0.0                 nan                 nan                 nan   3.946988427336992e+28   5.652557267984306e+28  1.0837340469873361e+29 
          56119.471                 0.0                 0.0                 0.0                 nan                 nan                 nan   3.946988427336992e+28   5.652557267984306e+28  1.0837340469873361e+29 
  56122.23528571428                 0.0                 0.0                 0.0                 nan                 nan                 nan   3.946988427336992e+28   5.652557267984306e+28  1.0837340469873361e+29 
  56124.99957142857                 0.0                 0.0                 0.0                 nan                 nan                 nan   3.946988427336992e+28   5.652557267984306e+28  1.0837340469873361e+29 
 56127.763857142854                 0.0                 0.0                 0.0                 nan                 nan                 nan   3.946988427336992e+28   5.652557267984306e+28  1.0837340469873361e+29 
  56130.52814285714                 0.0                 0.0                 0.0                 nan                 nan                 nan   3.946988427336992e+28   5.652557267984306e+28  1.0837340469873361e+29 
 56133.292428571425                 0.0                 0.0                 0.0                 nan                 nan                 nan   3.946988427336992e+28   5.652557267984306e+28  1.0837340469873361e+29 
  56136.05671428571                 0.0                 0.0                 0.0                 nan                 nan                 nan   3.946988427336992e+28   5.652557267984306e+28  1.0837340469873361e+29 
          56138.821                 0.0                 0.0                 0.0                 nan                 nan                 nan   3.946988427336992e+28   5.652557267984306e+28  1.0837340469873361e+29 
  56141.58528571429                 0.0                 0.0                 0.0                 nan                 nan                 nan   3.946988427336992e+28   5.652557267984306e+28  1.0837340469873361e+29 
 56144.349571428575                 0.0                 0.0                 0.0                 nan                 nan                 nan   3.946988427336992e+28   5.652557267984306e+28  1.0837340469873361e+29 
  56147.11385714286                 0.0                 0.0                 0.0                 nan                 nan                 nan   3.946988427336992e+28   5.652557267984306e+28  1.0837340469873361e+29 
 56149.878142857146                 0.0                 0.0                 0.0                 nan                 nan                 nan   3.946988427336992e+28   5.652557267984306e+28  1.0837340469873361e+29 
  56152.64242857143                 0.0                 0.0                 0.0                 nan                 nan                 nan   3.946988427336992e+28   5.652557267984306e+28  1.0837340469873361e+29 
  56155.40671428572                 0.0                 0.0                 0.0                 nan                 nan                 nan   3.946988427336992e+28   5.652557267984306e+28  1.0837340469873361e+29 
          56158.171                 0.0                 0.0                 0.0                 nan                 nan                 nan   3.946988427336992e+28   5.652557267984306e+28  1.0837340469873361e+29 
  56160.93528571429                 0.0                 0.0                 0.0                 nan                 nan                 nan   3.946988427336992e+28   5.652557267984306e+28  1.0837340469873361e+29 
  56163.69957142857                 0.0                 0.0                 0.0                 nan                 nan                 nan   3.946988427336992e+28   5.652557267984306e+28  1.0837340469873361e+29 
  56166.46385714286                 0.0                 0.0                 0.0                 nan                 nan                 nan   3.946988427336992e+28   5.652557267984306e+28  1.0837340469873361e+29 
 56169.228142857144                 0.0                 0.0                 0.0                 nan                 nan                 nan   3.946988427336992e+28   5.652557267984306e+28  1.0837340469873361e+29 
  56171.99242857143                 0.0                 0.0                 0.0                 nan                 nan                 nan   3.946988427336992e+28   5.652557267984306e+28  1.0837340469873361e+29 
 56174.756714285715                 0.0                 0.0                 0.0                 nan                 nan                 nan   3.946988427336992e+28   5.652557267984306e+28  1.0837340469873361e+29 
          56177.521                 0.0                 0.0                 0.0                 nan                 nan                 nan   3.946988427336992e+28   5.652557267984306e+28  1.0837340469873361e+29 
 56180.285285714286                 0.0                 0.0                 0.0                 nan                 nan                 nan   3.946988427336992e+28   5.652557267984306e+28  1.0837340469873361e+29 
  56183.04957142857                 0.0                 0.0                 0.0                 nan                 nan                 nan   3.946988427336992e+28   5.652557267984306e+28  1.0837340469873361e+29 
  56185.81385714286                 0.0                 0.0                 0.0                 nan                 nan                 nan   3.946988427336992e+28   5.652557267984306e+28  1.0837340469873361e+29 
  56188.57814285714                 0.0                 0.0                 0.0                 nan                 nan                 nan   3.946988427336992e+28   5.652557267984306e+28  1.0837340469873361e+29 
  56191.34242857143                 0.0                 0.0                 0.0                 nan                 nan                 nan   3.946988427336992e+28   5.652557267984306e+28  1.0837340469873361e+29 
 56194.106714285714                 0.0                 0.0                 0.0                 nan                 nan                 nan   3.946988427336992e+28   5.652557267984306e+28  1.0837340469873361e+29 
          56196.871                 0.0                 0.0                 0.0                 nan                 nan                 nan   3.946988427336992e+28   5.652557267984306e+28  1.0837340469873361e+29 
 56199.635285714285                 0.0                 0.0                 0.0                 nan                 nan                 nan   3.978616813964289e+28   5.796605287303744e+28  1.1302986149920607e+29 
  56202.39957142857                 0.0                 0.0                 0.0                 nan                 nan                 nan   3.986501561751947e+28   5.847674478808319e+28  1.1529462138680848e+29 
 56205.163857142856                 0.0                 0.0                 0.0                 nan                 nan                 nan   3.986501561751947e+28   5.847674478808319e+28  1.1529462138680848e+29 
  56207.92814285714                 0.0                 0.0                 0.0                 nan                 nan                 nan   4.065246119435438e+28   5.907707010630965e+28  1.1686953814590254e+29 
  56210.69242857143                 0.0                 0.0                 0.0                 nan                 nan                 nan   4.065246119435438e+28   5.907707010630965e+28  1.1686953814590254e+29 
  56213.45671428571                 0.0                 0.0                 0.0                 nan                 nan                 nan   4.065246119435438e+28   5.907707010630965e+28  1.1686953814590254e+29 
          56216.221                 0.0                 0.0                 0.0                 nan                 nan                 nan   4.065246119435438e+28   5.907707010630965e+28  1.1686953814590254e+29 
  56218.98528571428                 0.0                 0.0                 0.0                 nan                 nan                 nan   4.065246119435438e+28   5.907707010630965e+28  1.1686953814590254e+29 
  56221.74957142857                 0.0                 0.0                 0.0                 nan                 nan                 nan   4.065246119435438e+28   5.907707010630965e+28  1.1686953814590254e+29 
 56224.513857142854                 0.0                 0.0                 0.0                 nan                 nan                 nan   4.065246119435438e+28   5.907707010630965e+28  1.1686953814590254e+29 
  56227.27814285714                 0.0                 0.0                 0.0                 nan                 nan                 nan   4.162915849828964e+28   6.005921730675413e+28  1.1968317038884968e+29 
 56230.042428571425                 0.0                 0.0                 0.0                 nan                 nan                 nan   4.222042357187324e+28   6.068337209227696e+28  1.2173904675701929e+29 
  56232.80671428571                 0.0                 0.0                 0.0                 nan                 nan                 nan   4.251801023107531e+28   6.100235586667689e+28   1.252555872475984e+29 
 56235.570999999996                 0.0                 0.0                 0.0                 nan                 nan                 nan   4.251801023107531e+28   6.100235586667689e+28  1.3187600269933025e+29 
  56238.33528571429                 0.0                 0.0                 0.0                 nan                 nan                 nan  4.2643501620342025e+28   6.111804243304432e+28   1.327979676914223e+29 
 56241.099571428575                 0.0                 0.0                 0.0                 nan                 nan                 nan   4.280983826957603e+28   6.122102468783901e+28  1.4299936621128414e+29 
  56243.86385714286                 0.0                 0.0                 0.0                 nan                 nan                 nan   4.295597048298527e+28   6.177178036638163e+28  1.8534858122146662e+29 
 56246.628142857146                 0.0                 0.0                 0.0                 nan                 nan                 nan   4.329344239224758e+28   6.328185858857825e+28  3.2140995932573954e+29 
  56249.39242857143                 0.0                 0.0                 0.0                 nan                 nan                 nan   4.497077500217551e+28   7.015033531767573e+28  4.0169742874533314e+30 
  56252.15671428572                 0.0                 0.0  10826113599804.852   20340.11273328854                 nan                 nan   4.591319571620698e+28   7.267928627803666e+28   7.531430998953589e+39 
          56254.921                 0.0                 0.0   61922662071507.39  18851.624578428222                 nan                 nan   4.641579050238421e+28   7.325133016612599e+28    1.76522789543023e+41 
  56257.68528571429                 0.0                 0.0   109487445152820.7  17086.867861891955                 nan                 nan  4.8142273853952745e+28   7.987953667364029e+28   5.253520958845579e+41 
  56260.44957142857                 0.0                 0.0  149814223163054.28   15670.33833274606                 nan                 nan   4.931783272996652e+28   8.291465909145032e+28   9.946665316143692e+41 
  56263.21385714286                 0.0                 0.0  190688473996237.97  15247.041327827057                 nan                 nan   4.945201387085576e+28   8.502046536204663e+28  1.5428340393946166e+42 
 56265.978142857144                 0.0                 0.0   227210034621030.6  14844.803774522961                 nan                 nan   4.965068941889353e+28    8.62586586169925e+28    2.14120037762995e+42 
  56268.74242857143                 0.0                 0.0  263731595245823.22  14470.193150833282                 nan                 nan   5.040518118837424e+28   8.730033879921719e+28  2.7706224690208836e+42 
 56271.506714285715                 0.0                 0.0   312834947083500.8  14137.573143748854                 nan                 nan   5.118887283145062e+28   8.994176000561719e+28   3.455910722575313e+42 
          56274.271                 0.0                 0.0   365720434104400.2  13887.670866849907                 nan                 nan   5.118887283145062e+28   8.994176000561719e+28   4.098501681665716e+42 
 56277.035285714286                 0.0                 0.0  429087135654152.06   13607.84382096911                 nan                 nan   5.235636295245803e+28   9.347965338577202e+28   4.760954762482845e+42 
  56279.79957142857                 0.0                 0.0   485043433059202.4  13349.696251910045                 nan                 nan   5.400845607705455e+28   9.824859007967083e+28   5.527498006203602e+42 
  56282.56385714286                 0.0                 0.0   536942464790534.7  13074.649184148264                 nan                 nan   5.504085511240256e+28  1.0915522600008558e+29   6.248705364077418e+42 
  56285.32814285714                 0.0                 0.0   594375872298256.4  12828.384838272015                 nan                 nan   5.799345031389787e+28  1.1718324619072475e+29   6.985463886879144e+42 
  56288.09242857143                 0.0                 0.0   654226277338852.4  12639.916758365092                 nan                 nan   6.075206959878648e+28  1.2669579166641751e+29   7.605396148333961e+42 
 56290.856714285714                 0.0                 0.0   714076682379448.5  12466.273390407458                 nan                 nan  6.1357271823412275e+28  1.8752603520732624e+29   8.365114990493345e+42 
          56293.621                 0.0                 0.0   770457204695544.6   12150.11857450791                 nan                 nan   6.347317426218047e+28   1.401598892742029e+32   9.027215378649203e+42 
 56296.385285714285                 0.0  24874145404065.555   818164453760691.6  12001.913963348668  23033.347849698308                 nan   6.838455670914015e+28   3.471954136048067e+40    9.65954552415749e+42 
  56299.14957142857                 0.0   81852060699901.05   863100167075986.8  11815.018445752774  17554.787464728055                 nan   7.136905573580102e+28  3.3759236182167686e+41  1.0353677350101538e+43 
 56301.913857142856                 0.0  135982318698959.53   908035880391281.6  11640.353288168002  16399.259915102048                 nan  7.6033671400666745e+28   8.855604070426806e+41  1.1106494180517173e+43 
  56304.67814285714                 0.0   208702560651173.7   952971593706576.6  11465.187847254225  15550.543565890697                 nan   8.629784929662333e+28   1.598174745942714e+42   1.184752547975324e+43 
  56307.44242857143                 0.0   289569306122555.8  1005751714423577.0  11296.978144742254  15137.028162274411                 nan    8.85563290937289e+28  2.5555766305740732e+42  1.2586015797219777e+43 
  56310.20671428571                 0.0   347312004614244.1  1048868382877623.9  11167.932355424235  14729.131104882666                 nan    9.12085039413957e+28   3.684835697902009e+42  1.3370339005346147e+43 
          56312.971                 0.0  412326869886676.25  1092958050723372.8  11074.493040801794  14422.096629244585                 nan    9.73865385491108e+28   4.633501188862868e+42  1.4175560908279456e+43 
  56315.73528571428                 0.0   458029232256178.5  1135211954639195.8  10942.421572432444  14097.114518637896                 nan  1.0399392563527345e+29   5.598638408492547e+42  1.5046398676126597e+43 
  56318.49957142857                 0.0   499316938307755.6  1189057134440259.5  10792.049170030003  13830.202200659824                 nan  1.1196148290361284e+29   6.686880504790133e+42  1.5928412913552417e+43 
 56321.263857142854                 0.0  553433401874138.75  1251102427728160.8   10633.26672839766     13412.181364136                 nan   1.329123770810212e+29   7.803642894650023e+42  1.6822346080914427e+43 
  56324.02814285714                 0.0   613778959208312.1  1304667109945508.8   10504.90999219267  13135.562738399456                 nan   4.577908188189877e+29    8.92080495129322e+42  1.7725842952267532e+43 
 56326.792428571425  12159186636211.547   678983988557877.8  1373946716890792.5  10336.695915700784  12940.274994220537                 inf  2.5918787887947975e+40  1.0041823185487314e+43  1.8615007361177674e+43 
  56329.55671428571    71333387391240.9   750524532196549.0  1432038697239832.8  10194.320791878037  12691.233734173024  20315.744433695305   5.320635122417725e+41  1.1120038125173477e+43   1.950440071009242e+43 
 56332.320999999996  146363646156942.06   808407384974885.2  1490130677588872.5  10099.887644644288  12483.497142028773  18588.534692093977   1.388123980581762e+42  1.2290954910134698e+43   2.040246789762453e+43 
  56335.08528571428  244871285913040.25   861831940149279.0  1551550430806240.0  10017.857338840053  12315.307548822082  16762.107157286988    2.50324547062162e+42  1.3207656776789022e+43  2.1306960617071273e+43 
  56337.84957142857   302114302206111.2   898418170249416.4  1619058625399703.2   9944.236047267374  12151.865569067995  15950.762761469301    3.79407289537677e+42  1.4092077074065164e+43  2.2187877230085325e+43 
  56340.61385714286   360285306697011.8   978100417495000.8  1679692962539467.8    9882.94575088897  12006.111604674257  15510.582304992837   5.240594966044215e+42  1.5175908418586327e+43   2.329785449964971e+43 
 56343.378142857146   434049394224048.7  1048107648247579.5  1741104841283494.5    9814.89423869118  11853.279478512464  15186.911187097805   6.780734226521173e+42  1.6244180139179931e+43  2.4365128699437493e+43 
  56346.14242857143   517085469138118.5  1130615386178600.8  1800961636818677.2    9739.09087869766   11704.39264759743  14844.276900965247   8.383314645015894e+42   1.718423157981832e+43  2.5258145997749066e+43 
  56348.90671428572   602842257336633.1  1210799795321184.8  1853468951929164.5   9666.722881910282  11554.704012764743  14559.555097687246   9.733747097631038e+42  1.8173665454085387e+43   2.615565139168497e+43 
          56351.671   674391935831055.1  1280684351130014.0  1915494306445845.0   9605.539995968194  11463.073403335198  14205.150844821095  1.1421151372042313e+43  1.9309447175302225e+43   2.710954790041228e+43 
  56354.43528571429   744750943770861.9  1335936909077609.5  1985215495126981.8   9537.405014914995  11359.701786385733  13844.357439347235  1.2733280689864224e+43   2.054144489878504e+43  2.8069045447096095e+43 
  56357.19957142857   802475850194434.2  1393499369703146.8  2044505344921013.5   9478.928110010425  11232.965809198318    13573.1480580964  1.4033280166552182e+43  2.1757564328798235e+43   2.901909040559792e+43 
  56359.96385714286   880701247596363.8  1446136299877742.5  2121454487245313.8   9426.065105823327  11128.340293972778  13370.627474294623  1.5347561280558852e+43    2.27959845547811e+43  3.0096430269622103e+43 
 56362.728142857144   926115931165971.6  1504986368207173.5  2192602496868254.2   9375.364632282664  10976.133361517168   13218.17703828102  1.6855223060712718e+43   2.398915225523456e+43  3.1061543227188767e+43 
  56365.49242857143   986627204700495.2  1562233707706307.0  2267325640890956.0   9326.960749959604  10824.048689102488  13084.671823772562   1.821788484863606e+43  2.5225112070468725e+43   3.202610067472252e+43 
 56368.256714285715  1045965618562598.6  1631329791852109.2  2342048784913657.5   9280.610054683744  10720.181984115216  12914.479691790479   1.937727315933753e+43  2.6246492387706507e+43  3.2984321066824103e+43 
          56371.021  1103880812175900.0  1709037091452731.5  2408253288988965.5    9244.44062202919   10621.65034255078  12752.892027051683   2.062623598915079e+43   2.752184453188006e+43  3.3930638404576224e+43 
 56373.785285714286  1159229282458515.5  1766323070766333.0  2475404978328743.0    9198.14166673882  10527.254943916076  12633.863505997948  2.1974106053005936e+43  2.8897220582021015e+43   3.489387784350967e+43 
  56376.54957142857  1229524394846398.2  1831258829495934.5  2551600354748448.0    9153.14595718726  10449.697102302354  12519.152528907362   2.326212537440884e+43  2.9976302683575594e+43   3.579166101884004e+43 
  56379.31385714286  1292346186181647.5  1929715997655617.5  2618940266169773.5   9118.151437870682  10349.721012685543  12393.234946680168  2.4689520222511544e+43     3.0992255146831e+43   3.668845637514186e+43 
  56382.07814285714  1341219838871164.2  1990897641740288.5  2692074272335837.0   9088.148148798757  10265.904303978135  12278.925683086858  2.6042389753118865e+43  3.2121617527244406e+43  3.7543610654388724e+43 
  56384.84242857143  1399735000013485.0  2051406617900962.5  2755244255151554.5   9077.705861845348     10178.732641126  12167.247792223681  2.7485629125771124e+43  3.3060672820538887e+43  3.8461757791513125e+43 
          56387.271  1454468625227810.5  2104468688853887.2  2798282543127254.0   9032.732245548152  10091.084372688121  12001.892844536242  2.8658736232710896e+43  3.3957297950388625e+43  3.9392005994608587e+43 
 56387.606714285714  1459685027045462.8  2111527664512768.0  2804084098240002.0   9030.318806007586  10083.985413771412  11977.729775849932  2.8829231137397664e+43   3.406211727156771e+43  3.9501164997828344e+43 
          56390.286  1505793699792870.2  2167864297909721.0  2863931603246949.5   9001.703974426506  10028.209144114542  11865.364363490957  3.0074202005790027e+43   3.509547883928486e+43   4.052633605237134e+43 
          56390.371  1507677349962677.2  2169651570470149.0  2865644334269760.0   9000.976291058325  10026.465881276603  11863.261087340945  3.0109942856386366e+43   3.513494047148869e+43   4.054939076369571e+43 
 56393.135285714285  1571556149321431.5  2236671643965051.8  2919340359484605.0   8977.673766745824   9973.954781187005   11787.44660914762  3.1456163101160455e+43  3.6249145609508975e+43  4.1538555172276107e+43 
  56395.89957142857  1646680044088269.5  2328083017381847.0  2982286655078037.0   8943.359370251945   9920.530161028746  11712.802688351801  3.3030572305455934e+43   3.735601872187362e+43  4.2445253651966485e+43 
 56398.663857142856  1711698928407464.5  2409643466715835.5  3036206016072182.5     8901.1873206695   9869.703333111533  11641.387222356128   3.423175844404189e+43  3.8488537638130925e+43   4.358165640237946e+43 
  56401.42814285714  1781468438299214.2  2476786427283921.0  3091646079673561.0   8865.038145257033   9816.040390334052  11543.581833770591  3.5299333666694865e+43  3.9449535611479488e+43   4.455337889468337e+43 
  56404.19242857143  1843982973738697.2  2547201183876289.0  3135352601634339.0   8840.688802936253   9748.270859308623  11472.094421069953  3.6393661075087044e+43   4.062072063976676e+43   4.532710965223126e+43 
  56406.95671428571  1908294937338339.8  2607463358390741.0  3181982161646095.5   8786.715299759853   9687.029254318873  11401.886619953948   3.750888694383318e+43  4.1645744455914404e+43   4.619393108032618e+43 
          56409.721  1995664530826847.5  2677788609700214.0  3246410086837776.5    8729.39209691502   9621.257828502301  11332.755914827465   3.848094606633211e+43  4.2771414063984034e+43   4.708369088805026e+43 
  56412.48528571428  2054780339864320.0  2740898319789408.0  3308248908415212.0   8673.108884437675   9563.362375428496  11245.045827044121   3.944584609874548e+43   4.380685271792343e+43   4.810387922355291e+43 
          56414.258  2101588850249818.8  2785163806540211.0  3337164193049077.0   8649.956929488626   9532.593912002958  11182.905202175796  4.0049669852992765e+43   4.449768466231222e+43   4.867085154884983e+43 
  56415.24957142857  2122406020116027.5  2810755968208975.5  3350845333212776.0   8642.865538047841   9507.883247164415  11146.480993305311   4.037066904537237e+43   4.484681197528328e+43   4.899462365942182e+43 
          56415.281  2123100988876265.2  2811424425309345.0  3351278185936069.0   8642.642840874027   9507.103093182312  11145.172127924667   4.038283766294312e+43   4.485622170620476e+43    4.90044396815256e+43 
          56416.218  2144175204156396.0  2831353562220995.5  3364158585176867.5    8640.39906473859   9481.194894797709  11106.380544832098  4.0771331265925103e+43   4.512702000365921e+43   4.932229479127232e+43 
          56416.248  2144849938903867.2  2831991634907578.0  3364570068645777.5    8640.39906473859   9480.356505607639  11105.139985984544  4.0785170291664474e+43   4.513694566357096e+43   4.933374479628017e+43 
          56416.277  2145399411972123.2  2832608438504679.0  3364967769000402.5    8640.39906473859   9479.547415301007   11103.94063529378   4.079854013808034e+43   4.514653478083349e+43   4.934484369720748e+43 
          56417.185  2157897060766732.2  2851920771819229.0  3393070510604029.5    8640.39906473859   9454.265335297896   11066.50397955561  4.1228252035409915e+43   4.547530057918758e+43   4.977028580356713e+43 
          56417.252  2158819244102940.5  2853345800819375.5  3395180952213107.0    8640.39906473859   9452.401106141082  11063.751581214761    4.12609957014564e+43   4.549642428480846e+43   4.980133844577252e+43 
 56418.013857142854  2171165476858375.0  2869549808617758.5  3418835729286879.5    8640.39906473859   9431.846908648924  11039.861768589948   4.156640474615964e+43   4.577527539714794e+43   5.014773976994887e+43 
  56420.77814285714  2247718129252637.5  2927224159618815.0  3496719137782498.0    8640.39906473859   9380.240796592838  10970.328438479128   4.251180426758299e+43   4.682351477847823e+43   5.100634392322423e+43 
          56423.224  2287685848591582.0  2984702571927051.5  3530785259900440.5     8617.6711856896   9334.820049628626  10909.664651306372   4.326563526866317e+43   4.764437359243195e+43   5.182988215211078e+43 
          56423.253  2288158841722385.0  2985311618135700.0  3531093624932729.0   8617.489804746474   9334.282390195247  10909.016670954166  4.3274590400969025e+43   4.765466837703943e+43   5.183925646891795e+43 
          56423.283  2288648144961331.5  2985941665937988.0  3531412478842626.5   8617.302205140579    9333.72617554666  10908.346681474988   4.328385134672134e+43   4.766531952484942e+43   5.184895591117085e+43 
 56423.542428571425  2292879452969537.0  2991390079312716.0  3534164074889086.5   8615.679182794369   9328.919760648969  10902.554279396183   4.336392978555837e+43   4.777221484355404e+43   5.193252158058342e+43 
          56424.184  2303343552234654.0  3004864101596128.5  3540946817912681.0   8610.895017951623   9318.293750309434  10888.242088715033  4.3568833700584027e+43   4.800519816525354e+43   5.211442103086505e+43 
          56424.188  2303408792666513.0  3004948107969767.0  3540989003121716.5   8610.837170937051   9318.261611581853  10888.152890493022  4.3570134904266683e+43    4.80065949415351e+43   5.211537532444056e+43 
          56424.239  2304240608172543.5  3006019189233426.5  3541526842102451.5    8610.09956524227   9317.851810713584  10887.015498792667   4.358671918566234e+43   4.802439355380438e+43   5.212755693769542e+43 
          56424.269  2304729911411371.0  3006649237035561.5  3541843149431991.0   8609.665663183046   9317.610722564437  10886.346349596011  4.3596471252753194e+43   4.803485572155155e+43    5.21347560900068e+43 
          56425.198  2319882001707591.0  3022934572366018.5  3551364216280729.5   8596.235669174228   9310.145448444626  10865.641178685699  4.3897369568248986e+43   4.832980937374419e+43   5.236160930861132e+43 
          56425.207  2320028792679334.0  3023057347044230.0  3551447140624720.5   8596.105775720433   9310.073152295732  10865.440748362395  4.3900276171497873e+43    4.83331079488722e+43   5.236441110126992e+43 
          56425.234  2320469165594208.0  3023425538834379.0  3551695829134955.5    8595.71607148545   9309.856318189028   10864.83941776364  4.3908993929536568e+43   4.834300173601091e+43   5.237281067698296e+43 
          56425.282  2321252050776403.0  3024079694146807.5  3552137760795164.0   8595.023249499784   9309.471157621769   10863.77028902212   4.392448525659689e+43   4.836058439168609e+43   5.238772277372564e+43 
          56426.214  2338240320526442.5  3038176194982547.0  3566502887570469.0    8581.58555128023   9296.309426563257  10843.041684366362  4.4230150468717664e+43   4.858708244327096e+43   5.266076142402319e+43 
          56426.244  2338808667014213.5  3038668417948053.0  3566986435031536.5    8581.15334244446   9295.782905593871  10842.376537707092   4.424016567506272e+43   4.859764582880344e+43   5.266934901954623e+43 
          56426.274  2339458852048001.5  3039161018793196.0  3567469877702952.0   8580.721095214112   9295.256399732558   10841.71143054402  4.4250179333688547e+43   4.860821923941479e+43   5.267793313658492e+43 
  56426.30671428571  2340235492324311.5  3039698452147681.0  3567996960564505.0   8580.249698583508   9294.682297937132  10840.986135552192   4.426109898418287e+43   4.861974196596931e+43   5.268728133148811e+43 
          56427.195  2358262098422905.5  3054249532510985.0  3588740632033915.0   8566.345354684114   9279.108008220916  10821.304853251624  4.4556730830982916e+43    4.89085338691486e+43   5.293696651483646e+43 
          56427.237  2358949793668391.0  3054934873541007.0  3590181143969067.0   8565.507361254186   9278.371561674887  10820.375026359732   4.457064229089892e+43     4.8919859999282e+43     5.2948580901805e+43 
          56427.276  2359588367824845.0  3055570861092684.0  3591518762194422.5   8564.729530895896   9277.687675729592  10819.511536465392  4.4583555833326575e+43   4.893037555248715e+43   5.295934510976403e+43 
          56428.177  2375132974010479.5  3070185778713296.0  3620479582680613.0   8551.261436500627   9258.726815252245  10799.600087800987   4.486259497720832e+43     4.9188865190191e+43   5.320408270883842e+43 
          56428.239  2376308524433432.0  3071186806514999.0  3622316089222549.0    8550.41137812287   9257.408576264275  10798.231147144352   4.488119737495416e+43   4.920911152035312e+43   5.322072823087663e+43 
          56428.279  2377066944061183.0  3071832100462783.5  3623500932152893.0   8549.863669955643   9256.641866485723  10797.347853392443   4.489319453064808e+43   4.922220061328195e+43   5.323144598337495e+43 
 56429.070999999996  2392083652690218.0  3086502347699061.5  3642131116456239.5   8539.032982207098   9246.220907201325  10779.858621342639   4.513264348602527e+43   4.945710392698445e+43   5.344161625208464e+43 
          56429.287  2396179118679992.5  3091638945565650.0  3646481592387305.0   8536.465533698101    9242.43476330343  10775.097843187228   4.519232205744192e+43   4.951907034726565e+43   5.349808035260989e+43 
  56431.83528571428  2444495866249742.0  3129363384366770.5  3706429125534183.5   8508.602775749247   9205.141057899229  10719.178170204526   4.596004577844847e+43   5.025597987664923e+43   5.413359909210889e+43 
  56434.59957142857  2496908079809266.0  3168714044822610.0  3783178949520789.0   8455.215840709687   9168.789494202709  10656.733561379544    4.67496446680615e+43   5.097680640070431e+43   5.513301197573334e+43 
  56437.36385714285  2536116619633959.5  3218219814441694.0  3842298814899174.5   8394.994763187786   9128.055587500541  10592.854701573619   4.752359893889495e+43   5.172827737264692e+43   5.565162808335662e+43 
 56440.128142857146  2561424309724536.5  3268851805055128.0  3897160798603090.5   8380.622032317851   9097.387554248422  10529.301265215894   4.808674235580802e+43   5.249253855350193e+43   5.625698307635272e+43 
  56442.89242857143  2585914425493975.5  3315392011569102.0  3947715504647236.0   8339.154508306709   9074.358453045457  10437.104939460487   4.882686382627906e+43   5.318244402599858e+43   5.698351045592255e+43 
           56444.23  2598303327228763.5  3341843597499796.5  3962552137730280.5   8315.885244425925    9055.31894688771  10405.767962978116   4.913382406153635e+43   5.357357452352769e+43   5.746044510703745e+43 
          56444.237  2598387914942196.5  3342025796724713.0  3962613796719842.5   8315.828727418431   9055.212852675439  10405.604102304504   4.913542695754274e+43   5.357534282071713e+43    5.74626460534657e+43 
          56444.265  2598726188933238.0  3342754593624571.0  3962860360703033.0   8315.623819843153   9054.788482779999  10404.948735626294   4.914183697646057e+43   5.358241565775101e+43   5.747144539515107e+43 
           56445.22  2610719521080550.0  3366043822007588.0  3971220638494823.0   8308.666036944236   9043.893993515776  10382.601834831923   4.935959777991834e+43   5.381049255401182e+43   5.769495203667629e+43 
          56445.262  2611435482251605.0  3366834109102776.0  3971586393808088.5   8308.360172782994   9043.635934668382  10381.620149023765   4.936913349339799e+43   5.382034580524201e+43   5.770893590287639e+43 
  56445.65671428572  2618157553599406.5  3374261194966507.0  3977461695042219.0   8306.793023771346   9041.003369252765  10372.408544927404   4.945856043213592e+43   5.391271206823412e+43    5.78399536650465e+43 
          56448.421  2672029480889354.0  3426274988474732.0  4028057614234499.0   8277.670915265902   9017.370736743353  10307.945863028217   5.007482553901031e+43    5.44663721672441e+43   5.855357268639089e+43 
          56449.282  2689753131355705.0  3442475873925536.0  4039075622770676.5   8272.959109189243   9013.188241400643  10288.000516733755   5.026408959474116e+43   5.464220489128625e+43   5.878865863009751e+43 
          56450.329  2711305584361868.0  3462176602226380.0  4052427174303803.0   8262.966523015184   9013.188241400643  10263.731473438507   5.049667024649869e+43   5.484841666537605e+43   5.902680871319828e+43 
          56450.332  2711367339241629.0  3462233051304685.5  4052465377386151.0   8262.950107750326   9013.188241400643    10263.6619756943   5.049733370541751e+43   5.484892708920595e+43   5.902746215825733e+43 
  56451.18528571429  2728932191446014.5  3478288781982957.0  4068305892188292.5    8258.12889406197   9013.188241400643  10243.906938937655   5.068522428297188e+43    5.50098328483073e+43    5.92123532023131e+43 
          56451.313  2731561184894989.5  3480691899884578.5  4070419685792134.5   8256.523175836022   9013.188241400643  10240.949310836615   5.071322197501533e+43   5.503454520052017e+43   5.923989057809897e+43 
          56452.312  2747578619398804.5  3499489442933759.5  4089615645326181.0   8247.891587042574   9013.188241400643  10217.843366457048   5.093108525751082e+43   5.524073068910088e+43   5.941843648006269e+43 
          56453.282  2755647051692084.0  3509772472724569.0  4120717209454492.0   8241.223389218134   9001.807782611391  10190.449934718903   5.110291429976835e+43   5.548855538971868e+43   5.967780904500271e+43 
  56453.94957142857  2761173170825944.0  3522666404164597.5  4142892301051621.5   8236.642416938652   8985.444734008259  10169.477806100804   5.119100093011097e+43   5.562147426078276e+43   5.985241077812545e+43 
          56456.201  2779671609098255.5  3572666264674098.0  4213881286961300.5   8209.080380690211   8930.333905917421   10098.28016767595   5.161705986860549e+43   5.605745786021974e+43   6.025352015102564e+43 
  56456.71385714286  2783847675715234.0  3579971565056931.0  4228690981810233.5   8197.167921840535   8923.973862249577  10081.996399318281   5.173000959287406e+43   5.613453720387772e+43  6.0332384466173495e+43 
          56457.195  2787760827202524.0  3585342873699566.0  4242324440142415.5   8186.004258721453   8919.318458836617  10066.726463078168   5.183551761895515e+43   5.620599143856393e+43   6.039146468025118e+43 
          56457.197  2787777083725245.0  3585365181564302.0  4242371196136443.0   8185.957863241301   8919.299102654359  10066.662994834773   5.183595530708085e+43   5.620628663504574e+43   6.039166262969767e+43 
 56459.478142857144  2813471187191710.5  3616985356214691.5  4288690667883965.0   8133.142880068046   8878.814792343695    9994.46698764709   5.236808810804246e+43  5.6506120002563335e+43    6.07956418094078e+43 
  56462.24242857143  2851355317003412.0  3664393489640176.0  4363987960758845.5   8073.397996444356   8836.489319795135     9943.3461775684   5.280024739419186e+43   5.688461633892741e+43   6.118780749043541e+43 
          56462.282  2851945390534711.5  3664609177415628.0  4365166221810740.5  8072.6264220325875   8835.789055334153    9943.01220174018   5.280634683510682e+43   5.689328837642075e+43   6.119293779000491e+43 
 56465.006714285715  2892575255022077.5  3700306948250022.5  4419402183035499.0   8025.466318853145   8792.025912941805   9920.134961542217   5.321793748333804e+43   5.728690842768882e+43   6.171656446465955e+43 
          56467.771  2933795193040743.0  3738137723343148.0  4482284467929836.0   8002.047348627287   8733.420129599996   9888.480966277664   5.353167987624903e+43   5.764814162667586e+43   6.246809974396636e+43 
          56469.272  2956177512873361.0  3760575032013357.0  4513652869483761.0   7998.128811784039   8696.654091908458    9883.37694281691   5.365906590919991e+43   5.777816599339375e+43   6.288265429822225e+43 
          56470.235  2970537388955264.0  3781801621635890.0  4533777966550120.0   7985.023185465668   8678.765197512466   9868.341962032351   5.380840413506058e+43   5.789846604163459e+43   6.313076132966397e+43 
          56470.237  2970567212166239.5  3781845705934180.0  4533819763221086.0   7985.006440784147   8678.713904643468   9868.310780995376   5.380881807295511e+43   5.789871430816089e+43    6.31312676418158e+43 
          56470.241  2970626858588191.0  3781933874530761.0  4533903356563020.0   7984.972951228872   8678.611318560921   9868.248418277073   5.380964593546142e+43   5.789921077271965e+43   6.313228020171156e+43 
 56470.535285714286  2975015131059408.5  3787924995401107.0  4538505705322231.0   7982.508875157879   8671.064279536384   9860.189134396427   5.387041843088652e+43   5.793550685261085e+43   6.320668930578919e+43 
          56471.196  2984867441826190.5  3797362863875096.0  4548707312860530.0  7976.9830177145395   8657.149505171135   9841.387241060344   5.400586503486784e+43   5.797138540361114e+43   6.337248980406352e+43 
  56473.29957142857  3008441742026107.5  3842615720754067.0  4581090973438539.0    7955.57425498338   8629.230419165227   9781.875107582418    5.44500110070817e+43   5.833466847925921e+43   6.385366640574024e+43 
          56474.217  3011550327109546.5  3862351805431564.5  4593407621792495.0   7938.834992129461   8613.356434081263   9759.995031997896    5.45140017167552e+43   5.849405594669562e+43   6.396648345979523e+43 
  56476.06385714286  3017478437587471.5  3902082123511920.0  4629352386894658.0    7906.51768299619   8576.532540772376     9716.0556626819   5.471813910094098e+43    5.87150984982531e+43   6.418158915357811e+43 
  56478.82814285714  3039370202730257.0  3964090405460778.5  4691934748395098.0   7858.757611826853   8531.095527904568    9650.52764547545   5.467390191814741e+43   5.890370690580447e+43   6.458943472832114e+43 
          56480.206  3057574360468023.0  3992305585973821.0  4722040419578914.0   7831.578834557625   8507.771134069813   9617.900621965351   5.487785458264345e+43   5.897726979782664e+43   6.470990054384248e+43 
          56480.209  3057613996270307.5  3992367018715306.0  4722105579140212.0   7831.567114814638   8507.722288517933   9617.829619393096   5.487835149667465e+43   5.897735875584343e+43   6.471015506599857e+43 
          56480.213  3057666844006623.0  3992448929037185.0  4722192458555170.0   7831.551489135786   8507.657160522562   9617.734948518257   5.487901398011692e+43   5.897747729962584e+43   6.471049449434482e+43 
  56481.59242857143  3075891763355050.0  4020696288605199.0  4752153445364528.0   7813.398995095249     8485.2093859303   9585.117731873126   5.510450174631737e+43   5.903803056954476e+43   6.489439807979885e+43 
 56484.356714285714  3107370613448872.0  4071618863988658.5  4816079373573892.0   7767.198013246073   8444.809569979283   9547.413207248008   5.554069799170436e+43   5.905092155859655e+43    6.55097233530586e+43 
          56487.121  3148934884604635.0  4114764453477370.0  4889149233178289.0   7723.434469440916   8387.192588915339   9469.899589129975   5.534832898957017e+43   5.932922275002444e+43   6.612203903277249e+43 
 56489.885285714285  3185456445229428.0  4170747157202540.0  4962634407167593.0   7682.101019107024   8347.917099381906    9405.37212910427   5.529871713781624e+43   5.938710796011711e+43   6.656639614173608e+43 
          56490.219  3189940641226042.0  4174385223471361.0  4973495891939823.0   7677.146321515433   8339.948248116418   9397.673892598568   5.534731767053917e+43    5.93830092567095e+43   6.659681169820082e+43 
          56490.221  3189945738625204.5  4174406999030125.0  4973560986454739.0   7677.106963200536   8339.919352824672    9397.62776021425   5.534760773282538e+43   5.938288519738208e+43   6.659699311924977e+43 
  56492.64957142857  3216104432252713.5  4194263045298615.0  5035314174598523.0   7635.295095076427    8314.07171825982   9345.462293344151    5.56903752783442e+43   5.947530354857156e+43   6.698392112761886e+43 
 56495.413857142856  3241773075551490.5  4218469069369324.5  5084817284426724.0   7589.423199924996   8288.556847857637    9319.69594995391   5.583051521922124e+43   5.948964465959434e+43   6.744062901766615e+43 
  56498.17814285714  3271888721381505.5  4258442144811060.0  5142950009617097.0   7557.710401750156    8258.09117182592   9273.403582952134   5.560827784945034e+43   5.963651777763647e+43   6.801233213542923e+43 
  56500.94242857143  3309960805058462.0  4274771949921443.0  5196224677790712.0   7504.859726607098   8239.007785117647   9258.793818826067   5.558668471154059e+43    5.97665708706849e+43   6.856526693937156e+43 
  56503.70671428571  3321282870430749.0  4303541122859660.5  5265764925059310.0   7450.853505960657   8197.311909298845   9258.793818826067   5.522551111976431e+43   5.978960446658256e+43   6.907961439228037e+43 
          56506.471  3318250509986574.5  4335171058747776.0  5343972265782852.0   7406.288784611571   8157.651683555285   9258.793818826067   5.479280641187067e+43   5.980115418545792e+43   6.940473588833724e+43 
  56509.23528571428  3323359656040821.0  4361849469721545.0  5406955429614994.0   7359.254655636319   8125.540651048547   9240.237742609337  5.4558645244823775e+43   6.006328685831419e+43   6.970364625539611e+43 
  56511.99957142857  3351760359666367.5  4410454639842274.0  5490515929614109.0   7329.577986439092   8099.189821568567   9181.988888677135   5.438438640753877e+43    6.01273864173859e+43   6.996446555083662e+43 
 56514.763857142854  3397974523993482.5  4445167356429970.0  5574076429613223.0   7281.615685643321   8085.295904954036    9125.48785905575   5.400203079646688e+43   6.010206191015514e+43   7.002498983935789e+43 
  56517.52814285714  3430679555933162.0  4491415723645226.0  5657636929612338.0   7236.538111594366   8025.593903649264   9105.346629060343   5.359328673525616e+43    6.00471939058083e+43   6.994863091296085e+43 
 56520.292428571425  3446092150463052.5  4543389874296646.0  5735236543641087.0    7209.26612939768   7991.916202962015   9099.544808202363   5.333763378926314e+43   5.997314237884006e+43   7.014320872497825e+43 
  56523.05671428571  3434517764523732.5  4568526932080713.0  5780807533587167.0   7164.046389720617   7965.775056227247   9083.808696515276   5.280459806266958e+43   5.995559861705322e+43    7.03137496934449e+43 
 56525.820999999996  3444195895599223.0  4605868749539127.0  5826447982377057.0    7111.81185783097   7934.020988487743   9083.808696515276    5.22607522124372e+43   6.007615738221864e+43   7.046066623563344e+43 
  56528.58528571428  3428460112634234.5  4655626874225474.0  5901450627295438.0   7068.547847887201   7902.324296422845   9082.115827752232   5.169048395263193e+43   6.004572466352987e+43   7.058132154330715e+43 
  56531.34957142857  3420637102461051.0  4703576256284721.0  5976453272213818.0   7018.572375966205   7869.828204704339   9056.537881291506   5.105241212544497e+43   5.994967042173573e+43   6.991325535923673e+43 
  56534.11385714285  3439422933984855.0  4735379420744748.0  6059573856122972.0   6955.995605287925   7850.037315123267   9056.537881291506   5.048186693633382e+43   5.974981486144558e+43   6.890319190774285e+43 
  56536.87814285714  3476223566646733.0  4761498694750755.0  6142897604889838.0   6892.206861829694   7839.979052356066   9056.537881291506  4.9821398323619915e+43   5.955461952171008e+43   6.834089468032306e+43 
  56539.64242857143  3504871494511153.5  4780136010735163.0  6197150598130674.0   6847.866484404828  7815.0550205672425    9039.24183740995   4.914621847466575e+43   5.954249061447715e+43    6.83325331137095e+43 
  56542.40671428572  3514572498835225.0  4804829568541565.0  6273749796684654.0   6790.180149560954   7772.974063813585    9035.66843995546    4.84473029076564e+43   5.951727783727989e+43   6.846471215598319e+43 
          56545.171  3536679004743467.0  4847353931737736.0  6298885225384033.0   6747.702579933063    7745.81764715966   9027.679310123483    4.78724388971522e+43   5.927313427499497e+43   6.857958134657716e+43 
  56547.93528571429  3565889472602584.5  4885576895370306.0  6311862166036349.0   6742.464259405326    7726.08658996667   9027.679310123483   4.725511419841766e+43   5.889994412059111e+43   6.867585128119553e+43 
  56550.69957142857  3570789825127806.5  4925713087526138.0  6382894141530579.0   6708.579371363752   7700.934835851155   9027.679310123483   4.661181356249731e+43   5.866700207456847e+43   6.875390118919801e+43 
  56553.46385714286  3581735033547131.0  4941288752694946.0  6446066337228563.0   6686.650483162999    7669.18774985767   9011.381592282285   4.596025015487764e+43   5.829541574354669e+43   6.875619689471692e+43 
 56556.228142857144  3558287589370506.0  4988213025763587.0  6480555076948073.0   6648.101943530724    7625.00347600077   9010.284037232617   4.516880000801512e+43   5.785290643863688e+43   6.849019621992972e+43 
  56558.99242857143  3536432327115313.0  5035137298832228.0  6525581578888293.0   6606.776512080583   7580.129142594942   9010.284037232617    4.44481076532514e+43   5.741694212150331e+43   6.801133521912382e+43 
 56561.756714285715  3515927475360420.5  5082061571900870.0  6550381477750343.0   6568.038335141501   7541.378814651533   9010.284037232617   4.374401466009904e+43   5.693370198598785e+43   6.798424482984079e+43 
          56564.521  3507304104566387.5  5125039507094175.0  6613544873141914.0   6521.057469077953   7523.438708591621   9010.284037232617   4.303995839669556e+43   5.643566353487568e+43   6.804146128888775e+43 
 56567.285285714286  3495443205843018.5  5143540208406016.0  6662121648346680.0   6454.764867531946   7505.519721174171   9010.284037232617  4.2336833406427916e+43   5.580914897602301e+43   6.765805456125834e+43 
  56570.04957142857  3479878845099325.0  5169697053778986.0  6656782601466642.0  6391.5543932828205   7480.752960506201   9010.284037232617  4.1635689056549645e+43   5.539939662220456e+43   6.677390901731208e+43 
  56572.81385714286  3468365192388864.5  5153241216368128.0  6677505336175169.0   6334.535513248432   7457.106445546824   9010.284037232617   4.093721574815405e+43   5.495031956852033e+43   6.681609316995319e+43 
  56575.57814285714  3444175957911511.0  5131301466013780.0  6735274306392147.0   6296.255459896995   7434.070367658901   9010.284037232617  4.0242922607586467e+43   5.453327728726713e+43   6.686874446915549e+43 
  56578.34242857143  3427498026974945.0  5103518296849503.0  6795936724808839.0   6277.231907501044   7412.137335507186   9010.284037232617   3.955456561668697e+43   5.402900522001332e+43   6.672384944543247e+43 
 56581.106714285714  3436716949658879.0  5077311811046660.0  6857763683255267.0   6248.160094706362   7373.673736612591   9010.284037232617   3.887094282143134e+43   5.361142860326825e+43   6.648397261756742e+43 
          56583.871  3444081900344101.0  5050486644771545.0  6920421129763988.0   6217.457152654086   7341.763879220509   9010.284037232617   3.819265608942933e+43   5.322957499846665e+43   6.649271204814323e+43 
 56586.635285714285  3427835365704999.5  5045648988815112.0  6983642816167494.0   6176.774857687305   7324.621416499891   9010.284037232617  3.7520040685935656e+43   5.284579061149511e+43   6.650767842910439e+43 
  56589.39957142857  3411269738887710.0  5053225007785696.0  7046864502571001.0  6116.5717084028565   7313.192982895919   9010.284037232617   3.685390095401776e+43   5.245067057877068e+43   6.651177284791351e+43 
 56592.163857142856  3392476137062308.5  5077546747677003.0  7110396823865910.0   6068.847599587578   7302.722658301646   9001.351460101505   3.619451661607387e+43   5.204387901716243e+43   6.634874573170971e+43 
  56594.92814285714  3365946628607885.0  5099865370553118.0  7174427101004430.0   6030.189069781143  7288.1828024934475   8956.770854180235  3.5540798905698927e+43   5.151047588530654e+43   6.600584148406653e+43 
  56597.69242857143  3339325298389929.0  5066892445713136.0  7238457378142951.0   5991.691312950868   7254.824413659651   8929.166421934086  3.4875703625847147e+43   5.092671044399866e+43   6.554376056939657e+43 
  56600.45671428571  3325041753373404.5  5040987522211504.0  7302487655281472.0    5967.27091067649    7230.72145795453   8910.394593485125  3.4217451204318376e+43   5.033630267068817e+43    6.50878312174039e+43 
          56603.221  3335752622103921.0  5040496324681782.0  7356964995859063.0   5948.117369211828   7222.601186238313    8879.94721240667   3.356623681012274e+43   4.986405798396681e+43   6.486904939345873e+43 
  56605.98528571428  3329143126481214.0  5061042169628961.0  7400984787339361.0   5921.733699149796   7213.366609844056   8872.685891223373    3.29223920458667e+43   4.916082031438492e+43   6.463934613998301e+43 
  56608.74957142857  3309570981418678.0  5083789820517238.0  7466830610099747.0  5886.3899347698425   7183.712215381737   8872.685891223373  3.2311365679330294e+43   4.886833796201759e+43   6.434341592109162e+43 
 56611.513857142854  3285470261806299.5  5087590109563105.0  7532676432860131.0   5866.945734660179   7165.519632774256   8872.685891223373  3.1718163664343085e+43   4.853261232487189e+43   6.423774651371438e+43 
  56614.27814285714  3259343749871647.0  5077840503192464.0  7598522255620517.0   5845.333067813253   7165.519632774256   8872.685891223373   3.116140106458701e+43    4.79043983028131e+43  6.4124214602074075e+43 
 56617.042428571425  3225082606340103.5  5063866842601327.0  7664368078380903.0   5810.416407677217   7161.968893294362   8872.685891223373  3.0609170984650587e+43    4.73885621363174e+43   6.376674367972636e+43 
  56619.80671428571  3196412376690691.5  5070886977231798.0  7730213901141288.0   5776.693495109125   7161.968893294362   8867.619570874658   3.003684454603504e+43   4.686707225956206e+43   6.348370712426677e+43 
 56622.570999999996  3175569615685612.5  5048522538443382.0  7796059723901674.0   5765.371016578647   7156.644970634907   8855.380392309055   2.939156819591006e+43   4.625686502605838e+43   6.322264607983161e+43 
  56625.33528571428  3188163977505736.0  5011777099130434.0  7861905546662059.0   5733.771547011762   7136.127734857523   8848.116793307285   2.876058359373257e+43   4.564416206452024e+43   6.289547811998996e+43 
  56628.09957142857  3176439288781227.5  4985680417004216.0  7922061689758234.0   5697.340247302706    7118.69052439374   8848.116793307285   2.814668300021562e+43   4.509710276461144e+43   6.255703581613779e+43 
  56630.86385714285  3163013713908775.5  4993227156264243.0  7962691094187136.0   5661.033240073703   7098.922524758298   8848.116793307285  2.7566424330664294e+43  4.4491460231301926e+43   6.216505916034644e+43 
  56633.62814285714  3150318733324539.5  5031146248589325.0  8004391950441905.0   5629.867841587921  7063.5019841120775   8848.116793307285  2.7036834638540947e+43   4.388488855925309e+43   6.174345012861872e+43 
 56636.392428571424  3141297967589698.5  5050878017137925.0  8062649780713367.0   5595.190592995735   7025.011270273433   8848.116793307285   2.651708020850237e+43  4.3277452822487237e+43   6.131244619163158e+43 
  56639.15671428571  3113580402498129.5  5034354535508288.0  8132882347499471.0   5562.412235777218   7000.156492315951   8848.116793307285  2.6006961342137957e+43   4.267004576796221e+43   6.087270753494218e+43 
          56641.921  3086830184608911.5  4991768739659088.0  8172089365577473.0   5529.728236050125   6972.293328537709   8848.116793307285  2.5506476436957874e+43  4.2062982458782395e+43   6.038257670674266e+43 
  56644.68528571429  3063139027934420.0  4962786387486659.0  8235921495167540.0    5497.14276983081   6936.441384903563   8848.116793307285  2.5015522325511274e+43   4.145639259358859e+43   5.988335509876429e+43 
  56647.44957142857  3066569960755164.0  4917054512122804.0  8262415916109429.0   5471.332069804735   6915.727820480033   8848.116793307285  2.4534042150508113e+43   4.084692578914291e+43   5.940764769170887e+43 
  56650.21385714286  3052257157030807.0  4871466593621948.0  8279097382674990.0   5450.296512746707     6895.0645630329   8848.116793307285  2.4071175945483863e+43   4.022871989436495e+43   5.911642386159219e+43 
 56652.978142857144  3051395417112757.0  4853298251349836.0  8295389443096478.0   5427.743545521006   6874.459716748301   8848.116793307285  2.3621212583594144e+43   3.956768873718368e+43   5.881855422591141e+43 
  56655.74242857143  3036146563682394.0  4807431012641385.0  8311299703379404.0   5405.646870748768    6856.48437540717   8848.116793307285   2.317987451344637e+43   3.890299504936738e+43   5.833792810494252e+43 
 56658.506714285715  3007524542789008.5  4761892530978764.0  8301085863166166.0   5375.764866622545    6856.48437540717   8841.737693163572   2.274759739940866e+43   3.824505002593579e+43   5.789991516564348e+43 
          56661.271  2979039129328130.0  4716692286342232.0  8262004415102423.0    5343.61032873418    6856.48437540717   8831.176129708685   2.232936477290223e+43   3.762330961850652e+43   5.758227637228142e+43 
 56664.035285714286  2950693676630495.5  4671843331130209.0  8222633018885863.0  5328.2569083375065    6856.48437540717   8822.386429407637  2.1951773546359716e+43  3.7062346331001524e+43   5.705425957785239e+43 
  56666.79957142857  2922602149382440.0  4639942265547568.0  8185615531556382.0    5318.20791018005    6856.48437540717   8786.980921160575  2.1664950642041943e+43  3.6504043902591623e+43   5.641000706996704e+43 
  56669.56385714286  2896473080574103.5  4609636442140416.0  8201880333099604.0   5301.667694208085    6856.48437540717   8751.708806716833  2.1358523414444108e+43  3.5948519107597945e+43   5.576288494605569e+43 
  56672.32814285714  2870468882437589.5  4573820158077994.0  8263117014394998.0   5265.197028028237    6856.48437540717   8736.874766752351   2.095284903125953e+43   3.536173063191994e+43   5.512004937987359e+43 
  56675.09242857143  2844607033936340.5  4557442625663824.0  8294885647409760.0   5237.299015741706    6856.48437540717   8736.874766752351   2.055511928657497e+43  3.4755603902391375e+43   5.466904567006161e+43 
 56677.856714285714  2818883399785145.0  4560214080690862.0  8238502193194120.0  5235.4300283787925   6837.825956275204   8736.874766752351  2.0165203242823308e+43   3.415394028896964e+43   5.421369359506572e+43 
          56680.621  2793470664946430.5  4571393861937788.0  8212039868542630.0   5218.264082507953   6816.936738681258   8736.874766752351  1.9783055871129652e+43   3.355709557130164e+43   5.375391244818796e+43 
 56683.385285714285  2770451756374868.0  4571667899138426.0  8147885565091822.0   5215.714843399722   6801.407624641972   8736.874766752351  1.9379188286333843e+43  3.2965370051723264e+43   5.329003527469449e+43 
  56686.14957142857  2749782058020728.5  4540928069442274.0  8142133126968886.0   5215.714843399722  6790.5623982046145   8736.874766752351  1.8948310447244992e+43   3.240690269950907e+43   5.285529265263092e+43 
 56688.913857142856  2729187380760058.0  4510198173474632.0  8182007190558304.0   5202.090445175046  6790.5623982046145   8736.874766752351   1.856613049496524e+43  3.1856121965337985e+43    5.23329558535042e+43 
  56691.67814285714  2706986887298453.0  4479521067434127.0  8196090730250741.0  5187.2280150147635    6768.62112626884   8735.854085609877  1.8180340220895879e+43  3.1310750906286714e+43   5.187617492019734e+43 
  56694.44242857143  2683772137452421.5  4448871650182633.0  8240329701865857.0   5153.369818512582    6768.62112626884    8713.63960594567  1.7784934822933896e+43  3.0770785319192363e+43   5.139852704226465e+43 
  56697.20671428571  2660631543862706.0  4447341815749892.0  8262017320951340.0   5117.143379541471    6768.62112626884   8691.538477341906  1.7415610972313017e+43  3.0236345879860543e+43   5.089069395466945e+43 
          56699.971  2637574156394100.5  4454018401447226.0  8269399527243482.0   5081.095312499819    6768.62112626884   8680.141763875916  1.7061832841526736e+43  2.9707571017566287e+43   5.037914422427728e+43 
  56702.73528571428  2614591406727858.5  4432019011241636.0  8315051077450050.0   5045.231317023843    6768.62112626884   8680.141763875916   1.671548666263384e+43   2.918471313530434e+43   4.986546623633272e+43 
  56705.49957142857  2591695881366233.5  4407565363839652.0  8284956194314753.0    5009.54233511189    6768.62112626884   8680.141763875916  1.6384924327974126e+43  2.8667896339915355e+43   4.935004869854313e+43 
 56708.263857142854  2568893227905373.0  4382961527221659.0  8327905963069985.0   4974.039486850659    6768.62112626884   8680.141763875916  1.6078061010883595e+43   2.815704937814918e+43   4.893689820060422e+43 
  56711.02814285714  2546177128893775.0  4368999663985183.0  8360711864551757.0   4938.724118867649    6768.62112626884   8669.344379884893  1.5777479209507298e+43   2.765237319864254e+43   4.853064291221535e+43 
 56713.792428571425  2523554048096364.5  4373138632696620.0  8382802531435210.0   4903.588725823708    6768.62112626884   8659.502460451404   1.548303654732239e+43   2.715399650818474e+43   4.812178262473066e+43 
  56716.55671428571  2501021265195980.5  4343973081094175.0  8386833789836224.0    4868.63757919615    6768.62112626884   8659.502460451404  1.5194653342677356e+43   2.666198753037307e+43   4.771104758385205e+43 
 56719.320999999996  2478584109356178.0  4312702432768203.0  8372112900971953.0   4842.545835934625   6764.990623010062   8659.502460451404   1.491209277219887e+43  2.6176302739993985e+43   4.729684465067135e+43 
  56722.08528571428  2456245549273191.0  4281567824529209.0  8339484389198226.0   4831.447616698105   6747.444765305479   8659.502460451404   1.463527631557769e+43   2.569707422680286e+43   4.685934049842982e+43 
  56724.84957142857  2434009872135950.5  4248051671634184.5  8373693106921145.0  4822.9913463949215   6747.444765305479   8659.502460451404  1.4364020279877335e+43  2.5224328569065137e+43   4.642024637076379e+43 
  56727.61385714285  2411878172402829.5  4221487927270549.0  8419336308616219.0  4822.9913463949215   6747.444765305479   8659.502460451404  1.4098304239044885e+43   2.475814904998461e+43   4.598013972277754e+43 
  56730.37814285714  2389844751872751.5  4211068387710094.5  8464979510311294.0  4822.9913463949215   6747.444765305479   8659.502460451404  1.3837950021895284e+43   2.429853379660084e+43   4.553864359864536e+43 
 56733.142428571424  2367917260427440.0  4182854072499100.0  8510622712006368.0   4816.443358886354   6747.444765305479   8659.502460451404    1.35828244081569e+43   2.384552886617702e+43    4.50964502000679e+43 
  56735.90671428571  2346101407531634.0  4154607644289420.0  8556265913701443.0   4798.972650873348   6747.444765305479   8659.502460451404  1.3316058628430026e+43   2.339911825013398e+43   4.465321603100109e+43 
          56738.671  2324396370010986.5  4126356354303313.0  8601909115396639.0   4787.698107390772   6747.444765305479   8659.502460451404  1.3046640410206994e+43   2.295931633020621e+43  4.4209238580959223e+43 
  56741.43528571429  2302531271503090.5  4098105588158697.0  8635735896804064.0   4776.470517345714   6747.444765305479   8659.502460451404   1.278267744507847e+43   2.252621407654195e+43  4.3764760045675347e+43 
  56744.19957142857  2280032888780487.0  4069866030421353.5  8633967912429168.0   4772.479203901508   6747.444765305479   8659.502460451404  1.2524034254024062e+43   2.209967308684612e+43  4.3296372799441225e+43 
  56746.96385714286  2257759318615604.0  4041642632096813.5  8629634609226753.0   4772.479203901508   6747.444765305479   8659.502460451404  1.2270613761863927e+43  2.1679865542618123e+43   4.278900840966426e+43 
 56749.728142857144  2235709829734860.2  4015218081937138.0  8591685654662359.0   4772.479203901508   6747.444765305479   8659.502460451404      1.202231626553e+43  2.1266633392117172e+43  4.2282430931071916e+43 
  56752.49242857143  2213880567047492.8  3998736088645824.0  8549939158914568.0   4772.479203901508   6747.444765305479   8659.502460451404  1.1779038621508645e+43  2.0860046906678677e+43  4.1776698042200136e+43 
 56755.256714285715  2192270410198607.2  3999620484476974.0  8566073400245400.0   4772.479203901508   6747.444765305479   8659.502460451404   1.154066986337974e+43  2.0459969367506849e+43   4.127203198122654e+43 
          56758.021  2170876547239902.8  4000459141055296.0  8582094186100143.0   4772.479203901508   6747.444765305479   8659.502460451404  1.1307102093737027e+43  2.0066453122492873e+43  4.0768807100933683e+43 
 56760.785285714286  2149695980750120.0  4001256667235883.5  8574380424467212.0   4772.479203901508   6747.444765305479   8659.502460451404  1.1078249259802242e+43  1.9679486144826023e+43  4.0266719698342246e+43 
  56763.54957142857  2128725734153485.5  4002012269614153.0  8532728323582258.0   4772.479203901508   6747.444765305479   8659.502460451404  1.0854003021758064e+43  1.9299014304524565e+43    3.97425737993483e+43 
  56766.31385714286  2108418333759072.8  4002748793383139.5  8503989421834389.0   4772.479203901508   6747.444765305479   8659.502460451404  1.0634289445453917e+43   1.892499563979513e+43   3.921671419041632e+43 
  56769.07814285714  2089826588784246.2  3982084490102579.0  8448354257576117.0   4754.226253837613   6747.444765305479   8659.502460451404   1.042337808158759e+43  1.8557360549066088e+43  3.8693359551966017e+43 
  56771.84242857143  2071379590816742.8  3957984798937023.0  8420076026599314.0   4733.636035942632   6747.444765305479   8659.502460451404  1.0219727835726601e+43  1.8216128555306226e+43  3.8172459820173313e+43 
 56774.606714285714  2053078931292541.8  3933841159479013.0  8430800725700843.0   4714.861332422806   6731.094221720121   8659.502460451404  1.0015216888808366e+43   1.791215206261584e+43   3.765424837569303e+43 
          56777.371  2034926463326770.8  3909642663367108.5  8473986269111576.0   4705.808044351893     6715.2455984961   8659.502460451404   9.771276048458513e+42  1.7613551915894874e+43  3.7138809275906987e+43 
 56780.135285714285  2016913951095898.2  3885421834541421.5  8486070385616647.0   4690.459252418401    6692.17481444416   8659.502460451404   9.545964521327412e+42  1.7320200523960622e+43  3.6626210030192437e+43 
  56782.89957142857  1999045229020425.8  3861151894182829.5  8463853850715002.0    4681.81171395919   6689.522220214863   8659.502460451404   9.332566594392225e+42  1.7016673769237498e+43  3.6116835093347775e+43 
 56785.663857142856  1981317412692685.5  3836846782913920.0  8379702353010462.0  4679.1667818598125   6689.522220214863   8659.502460451404   9.145553627299306e+42   1.667094042196828e+43  3.5610552561155934e+43 
  56788.42814285714  1963728717550510.0  3812511233389244.0  8319408003879331.0  4679.1667818598125   6689.522220214863   8659.502460451404   8.962295244769777e+42  1.6331276630231826e+43  3.5107561621341735e+43 
  56791.19242857143  1946281112636861.5  3788140349923412.0  8286517086552851.0  4671.2672496782625   6689.522220214863   8659.502460451404   8.787633899051049e+42   1.599761859730353e+43  3.4607820057576506e+43 
  56793.95671428571  1928971972091013.5  3763756758654595.0  8253776004622305.0   4653.604020353891   6689.522220214863   8659.502460451404    8.62744791244209e+42  1.5681944577889896e+43  3.4111446676642227e+43 
          56796.721  1911800287733999.8  3739360353555142.0  8170341211463733.0   4644.153332102809   6689.522220214863   8659.502460451404   8.472014696784927e+42  1.5380596592016533e+43  3.3618746041267865e+43 
  56799.48528571428  1894763214299267.0  3711586082322280.0  8087049299257799.0   4644.153332102809   6689.522220214863   8659.502460451404   8.319496054246328e+42  1.5084959822583798e+43  3.3129668462446117e+43 
  56802.24957142857  1878514677840964.0  3682330166697033.5  8004178155534330.0   4644.153332102809   6689.522220214863   8659.502460451404   8.169868887332899e+42  1.4794964725337994e+43   3.264423179356345e+43 
 56805.013857142854  1862055491589462.8  3653260952163133.0  7921762777913347.0   4644.153332102809   6689.522220214863   8659.502460451404   8.023037269249873e+42  1.4510428098460923e+43  3.2162575259160177e+43 
  56807.77814285714  1843888865157349.8  3621511072541809.0  7849804727106939.0   4644.153332102809   6689.522220214863   8659.502460451404   7.878973629802711e+42  1.4231391447248167e+43  3.1684880646479984e+43 
 56810.542428571425  1825873741194139.8  3589902264193508.5  7785741219520654.0   4636.994730764114   6689.522220214863   8659.502460451404    7.73760544803243e+42  1.3974356924614605e+43  3.1211051899406586e+43 
  56813.30671428571  1808005176262277.8  3566380457701906.0  7769425059951360.0   4621.389312439774   6689.522220214863   8659.502460451404   7.598881398907274e+42  1.3751550683888025e+43  3.0741309630828454e+43 
 56816.070999999996  1790287837986788.5  3543614044781612.0  7722922729983498.0   4612.212491754503   6689.522220214863   8659.502460451404   7.462758155878948e+42   1.353243456846499e+43   3.027565605604476e+43 
  56818.83528571428  1772952125058667.0  3520824096108219.0  7712800155808077.0   4603.726460406167   6689.522220214863   8659.502460451404   7.329168143526141e+42  1.3298098420686403e+43  2.9814116361081046e+43 
  56821.59957142857  1755870808394693.5  3498016152120614.0  7728122528020981.0   4595.267225131179   6689.522220214863   8659.502460451404    7.19806227142499e+42   1.306807412440091e+43  2.9356802112657587e+43 
  56824.36385714285  1738949340443536.8  3475194905234289.0  7719481495416539.0   4586.836826224781   6679.098945371361   8659.502460451404   7.069410369489447e+42  1.2814811694784186e+43  2.8945539606022203e+43 
  56827.12814285714  1722188543095310.5  3447115426275848.0  7650880163295452.0   4578.124542078742  6666.8591030656025   8659.502460451404   6.943146247583708e+42   1.256166035604982e+43  2.8573839230549093e+43 
 56829.892428571424  1705586326596339.8  3417909031156486.0  7630198506556939.0    4560.56622305936   6654.696831329651   8659.502460451404   6.819227535653892e+42  1.2313484915890958e+43  2.8204789609677156e+43 
  56832.65671428571  1689141373481761.0  3388873400206791.0  7586587753027734.0   4543.075895658324   6642.613683001746   8659.502460451404   6.697601194715623e+42  1.2070197855418397e+43  2.7838296599051194e+43 
 56835.420999999995  1672853796283953.5  3360003890582188.0  7505103894565959.0   4525.652677054983    6630.60747379287   8659.502460451404   6.578230427433299e+42   1.183171680878608e+43  2.7474539454703284e+43 
  56838.18528571428  1656721143859612.8  3331308816069637.0  7424573895339484.0   4508.595865099575   6618.679003430008   8659.502460451404   6.460701562516287e+42  1.1597983006529757e+43   2.711341404555861e+43 
  56840.94957142857  1640740542039972.8  3302776194728761.0  7344973137384910.0   4481.713981849151   6606.829061757521   8659.502460451404    6.33696031602244e+42  1.1368883459622434e+43  2.6755022685833395e+43 
  56843.71385714286  1624910706412782.0  3274416091925540.5  7309651519176906.0   4462.349649050036   6595.055727573137   8659.502460451404   6.215616680508292e+42  1.1144354915134452e+43  2.6399370233331023e+43 
 56846.478142857144  1609233428478221.5  3246230240837435.0  7264235401224459.0   4462.349649050036    6591.26043088464   8659.502460451404   6.096616776266311e+42  1.0924363005228658e+43  2.6046520625959364e+43 
  56849.24242857143  1593704919377760.0  3218210290650569.0  7220500098329923.0   4455.680336763937    6591.26043088464   8659.502460451404   5.979937045249369e+42  1.0708783901929278e+43  2.5696197193359546e+43 
 56852.006714285715  1578325499605726.0  3190364941072201.0  7163352898814165.0    4451.26149958071    6591.26043088464   8659.502460451404   5.865510905504704e+42  1.0497553309703485e+43   2.534886193799406e+43 
          56854.771  1563093565011347.5  3162686828990727.0  7099896286190554.0   4449.612987333796    6591.26043088464   8659.502460451404   5.753293810610688e+42  1.0290563772056404e+43    2.50045371456031e+43 
 56857.535285714286  1548008755941465.0  3135181681886147.0  7044334772070788.0   4433.182187595929    6591.26043088464   8659.502460451404   5.643241772985568e+42  1.0087745329952297e+43   2.466316921219864e+43 
  56860.29957142857  1533069568419625.8  3107844244382309.5  6988998480170592.0   4419.349235317203    6591.26043088464   8659.502460451404   5.536621893479484e+42   9.889054888752208e+42   2.432289319635889e+43 
  56863.06385714286  1518275202412664.5  3080680055874984.0  6933951477535216.0   4388.191811731561    6591.26043088464   8659.502460451404  5.4330944408988265e+42   9.694410574915663e+42   2.397763014990695e+43 
  56865.82814285714  1503126886609371.5  3053682224069813.0  6879153855513648.0   4361.899137071837    6591.26043088464   8659.502460451404   5.326663194553181e+42   9.503735501777339e+42   2.363561252777907e+43 
  56868.59242857143  1487908335210179.8  3026861581425353.0  6824631612560184.0   4342.550288263212    6591.26043088464   8659.502460451404  5.2116903920084553e+42   9.316931291356843e+42   2.329685841251561e+43 
 56871.356714285714  1472841183267380.5  3000206521083301.0  6770390522612621.0   4331.772713563181    6591.26043088464   8659.502460451404   5.102714280478378e+42   9.133929068527812e+42    2.29615217389022e+43 
          56874.121  1457924208278422.8  2978639183515484.5  6716411096007239.0  4321.0617731031225    6591.26043088464   8659.502460451404   4.996048654945698e+42   8.954683988581863e+42  2.2629292571678067e+43 
 56876.885285714285  1443157790487480.8  2957835258977960.0  6662720349578574.0   4317.081626294202    6591.26043088464   8659.502460451404   4.891639055200262e+42   8.779119200212724e+42  2.2300373096438949e+43 
  56879.64957142857  1428539921364953.2  2937071131053646.0  6609302245785241.0   4317.081626294202    6591.26043088464   8659.502460451404   4.789431623561686e+42   8.607127801296898e+42   2.197471222489497e+43 
 56882.413857142856  1414069322166422.5  2916344187369393.0  6556182640047700.0   4317.081626294202    6591.26043088464   8659.502460451404   4.689381453845457e+42    8.43867103196939e+42  2.1652364611305363e+43 
  56885.17814285714  1399745058099380.8  2895660208511539.0  6503350310012058.0   4317.081626294202    6591.26043088464   8659.502460451404   4.591439773251288e+42   8.273666626322014e+42  2.1328591902321277e+43 
  56887.94242857143  1385568145711062.0  2875027399557360.0  6450812632797752.0   4317.081626294202    6591.26043088464   8659.502460451404   4.499277381169361e+42   8.112038148941694e+42  2.0991689297500583e+43 
  56890.70671428571  1371534511649356.2  2854441514010671.5  6398565131630842.0   4317.081626294202    6591.26043088464   8659.502460451404  4.4151132849878725e+42   7.953738698110422e+42   2.069117790686004e+43 
          56893.471  1357642530148569.2  2833906503467056.0  6346630164294795.0   4317.081626294202    6591.26043088464   8659.502460451404   4.333257290893863e+42   7.798690119924112e+42   2.044605425478466e+43 
  56896.23528571428  1343892910486680.2  2813428350727574.0  6294984415891356.0   4317.081626294202    6591.26043088464   8659.502460451404  4.2529837200486895e+42   7.635299411098874e+42  2.0200604224647396e+43 
  56898.99957142857  1330284846401397.0  2787610212228893.0  6243641679600308.0   4317.081626294202    6591.26043088464   8659.502460451404  4.1742474170535335e+42   7.469490471226646e+42  1.9899897250078817e+43 
 56901.763857142854  1316815759687568.0  2761622715932915.0  6192606847438639.0   4317.081626294202    6591.26043088464   8659.502460451404  4.0970271772881814e+42   7.307201745734063e+42   1.959456671036889e+43 
  56904.52814285714  1303485752962183.5  2735847753872042.0  6141900953046833.0   4317.081626294202    6591.26043088464   8659.502460451404   4.021285147194838e+42   7.159133490756777e+42  1.9292668932862977e+43 
 56907.292428571425  1290291693391701.0  2710281304066357.0  6088650877935110.0  4311.5169959552895    6591.26043088464   8659.502460451404   3.946998597747998e+42   7.029854436015093e+42   1.899420363120052e+43 
  56910.05671428571  1277233117278395.8  2684920168546611.0  6034849806395925.0   4296.801433728802    6591.26043088464   8659.502460451404  3.8741341908321135e+42   6.903229486550565e+42  1.8699276199730687e+43 
 56912.820999999996  1265083784895180.2  2659763325604690.0  6017956373770850.0   4282.134107520684    6591.26043088464   8659.502460451404  3.8057224048625223e+42   6.759643973147439e+42  1.8407859864099264e+43 
  56915.58528571428  1253157851464528.2  2634814088187620.0  5998336107871877.0   4268.417302398395    6591.26043088464   8659.502460451404  3.7391603450174545e+42   6.611257779308602e+42  1.8119811624146492e+43 
  56918.34957142857  1241360968150039.5  2610066896895934.0  5977602299380559.0   4260.440395406831    6591.26043088464   8659.502460451404   3.673839791617311e+42   6.466324724314421e+42    1.78352618759458e+43 
  56921.11385714285  1229689153378468.5  2585522532129245.5  5928415210091029.0   4259.470256869186    6591.26043088464   8659.502460451404  3.6081579056365146e+42   6.319662569980647e+42   1.755417776978641e+43 
  56923.87814285714  1218142170099189.0  2561182803708962.0  5879547036951354.0   4259.470256869186    6591.26043088464   8659.502460451404    3.53435579706633e+42   6.192011760723357e+42  1.7276506060822706e+43 
 56926.642428571424  1206717283946887.5  2537234215114005.0  5830994902146232.0   4259.470256869186    6591.26043088464   8659.502460451404   3.462136407239012e+42   6.066977423982035e+42  1.7002280674949702e+43 
  56929.40671428571  1195414909367728.0  2515014518379733.0  5782774633846173.0   4259.470256869186    6591.26043088464   8659.502460451404   3.391459091711001e+42   5.944506307212313e+42   1.673158283819444e+43 
 56932.170999999995  1184232579967536.2  2492953592721836.0  5734871474108219.0   4259.470256869186    6591.26043088464   8659.502460451404  3.3222959106619016e+42   5.824550639966205e+42   1.646424973206641e+43 
  56934.93528571428  1173168252064940.2  2471061890634231.0  5687303132837045.0   4259.470256869186    6591.26043088464   8659.502460451404   3.254610043624597e+42   5.717013874544711e+42   1.620034798766901e+43 
 56937.699571428566  1162219633483274.5  2449323683743285.0  5640065242281859.0   4259.470256869186    6591.26043088464   8659.502460451404   3.188371583757682e+42    5.61949472483024e+42  1.5939835775886463e+43 
  56940.46385714285  1151387510190513.5  2427750083914116.0  5593155362021379.0   4259.470256869186    6591.26043088464   8659.502460451404   3.123545293476931e+42   5.530100575155108e+42  1.5682692407512562e+43 
 56943.228142857144  1140669489538781.0  2406337679961849.0  5546575571372352.0   4259.470256869186    6591.26043088464   8659.502460451404  3.0611331421993115e+42  5.4378638523097384e+42  1.5428955143555193e+43 
  56945.99242857143  1130064274446190.0  2385082371388307.0  5500333575114276.0   4259.470256869186    6591.26043088464   8659.502460451404  3.0079730556124697e+42   5.346695285005287e+42   1.517852701803236e+43 
 56948.756714285715  1119571247391823.0  2363986149687272.0  5454423660372290.0   4259.470256869186    6591.26043088464   8659.502460451404  2.9581682815987535e+42   5.257248973492342e+42  1.4931443644929101e+43 
          56951.521  1109229638958143.4  2343049201082157.0  5408843833595356.0   4248.347347655198    6591.26043088464   8659.502460451404  2.9092651039166065e+42   5.178201330707954e+42  1.4687587621894906e+43 
 56954.285285714286  1099503738967306.2  2322265160268101.5  5363607307961586.0   4239.623271712307    6591.26043088464   8659.502460451404  2.8612456247721515e+42  5.1012780817599895e+42  1.4447122397467867e+43 
  56957.04957142857  1089883346291352.9  2301641277168278.0  5318694635692918.0   4239.623271712307    6591.26043088464   8659.502460451404  2.8140942894925296e+42  5.0189212670810664e+42  1.4209957299264397e+43 
  56959.81385714286  1080365729365702.1  2281170508527531.5  5274142602317235.0   4239.623271712307    6591.26043088464   8659.502460451404   2.767793903193938e+42   4.933197812796451e+42   1.397603546187865e+43 
  56962.57814285714  1070356810910476.4  2260855157157147.0  5229917571354611.0   4239.623271712307    6591.26043088464   8659.502460451404   2.722327939042218e+42  4.8491319735257837e+42   1.374536157174623e+43 
  56965.34242857143  1059167467822031.9  2243048958644841.0  5186026043356064.0   4239.623271712307    6591.26043088464   8659.502460451404  2.6776825162858158e+42  4.7602466160658824e+42   1.351795278564966e+43 
 56968.106714285714  1048097789889293.5  2228533515439078.0  5142488483326950.0   4239.623271712307    6591.26043088464   8659.502460451404  2.6338409731538963e+42  4.6597933500100223e+42  1.3273003542852416e+43 
          56970.871  1037145313186942.8  2214145034573654.5  5099291094843278.0   4239.623271712307    6591.26043088464   8659.502460451404  2.5907881753655933e+42  4.5616237480207184e+42  1.3025415430941142e+43 
 56973.635285714285  1026307710323575.9  2199866974607753.5  5056425908699357.0   4239.623271712307    6591.26043088464   8659.502460451404  2.5485100893568387e+42   4.465694168059516e+42  1.2781682525497206e+43 
  56976.39957142857  1015586295038898.6  2185499194922957.5  5013907748217639.0   4239.623271712307    6591.26043088464   8659.502460451404  2.5069918046034008e+42   4.384630214619152e+42  1.2541850555426624e+43 
 56979.163857142856  1004979489676033.4  2166268930109859.0  4971727483885772.0   4239.623271712307    6591.26043088464   8659.502460451404  2.4662188047739817e+42   4.306294778611944e+42  1.2305899242965104e+43 
  56981.92814285714   994588402985710.9  2147203224243188.5  4928813761874209.0   4239.623271712307    6591.26043088464   8659.502460451404  2.4261777372122963e+42   4.223910463385915e+42   1.207367616843222e+43 
  56984.69242857143   984474782161243.4  2128295434576589.5  4886036099916873.0   4239.623271712307    6591.26043088464   8659.502460451404  2.3820661311389573e+42   4.133811943240186e+42   1.184527265695109e+43 
  56987.45671428571   974465349500333.0  2109545525646710.8  4843669522252524.0   4239.623271712307    6591.26043088464   8659.502460451404  2.3384312248846173e+42   4.045822703880652e+42  1.1620577771992604e+43 
          56990.221   964559632438617.4  2090956355423415.2  4801714901892205.0   4239.623271712307    6591.26043088464   8659.502460451404  2.2955887550202358e+42   3.964801267532119e+42  1.1399524008403933e+43 
