                MJD               R_low               R_med              R_high               T_low               T_med              T_high                   L_low                   L_med                  L_high 
       53121.827269                 0.0                 0.0                 0.0                 nan                 nan                 nan   8.424869745622195e+29   2.857152836080779e+30  2.2811352763512463e+31 
 53124.541272661656                 0.0                 0.0                 0.0                 nan                 nan                 nan   8.424869745622195e+29   2.857152836080779e+30  2.2811352763512463e+31 
  53127.25527632331                 0.0                 0.0                 0.0                 nan                 nan                 nan   8.424869745622195e+29   2.857152836080779e+30  2.2811352763512463e+31 
 53129.969279984965                 0.0                 0.0                 0.0                 nan                 nan                 nan   8.424869745622195e+29   2.857152836080779e+30  2.2811352763512463e+31 
  53132.68328364662                 0.0                 0.0                 0.0                 nan                 nan                 nan   8.424869745622195e+29   2.857152836080779e+30  2.2811352763512463e+31 
 53135.397287308275                 0.0                 0.0                 0.0                 nan                 nan                 nan   8.424869745622195e+29   2.857152836080779e+30  2.2811352763512463e+31 
  53138.11129096993                 0.0                 0.0                 0.0                 nan                 nan                 nan   8.424869745622195e+29   2.857152836080779e+30  2.2811352763512463e+31 
  53140.82529463158                 0.0                 0.0                 0.0                 nan                 nan                 nan   8.424869745622195e+29   2.857152836080779e+30  2.2811352763512463e+31 
  53143.53929829323                 0.0                 0.0                 0.0                 nan                 nan                 nan   8.424869745622195e+29   2.857152836080779e+30  2.2811352763512463e+31 
  53146.25330195489                 0.0                 0.0                 0.0                 nan                 nan                 nan   8.424869745622195e+29   2.857152836080779e+30  2.2811352763512463e+31 
  53148.96730561654                 0.0                 0.0                 0.0                 nan                 nan                 nan   8.424869745622195e+29   2.857152836080779e+30  2.2811352763512463e+31 
 53151.681309278196                 0.0                 0.0                 0.0                 nan                 nan                 nan   8.424869745622195e+29   2.857152836080779e+30  2.2811352763512463e+31 
  53154.39531293985                 0.0                 0.0                 0.0                 nan                 nan                 nan   8.424869745622195e+29   2.857152836080779e+30  2.2811352763512463e+31 
 53157.109316601505                 0.0                 0.0                 0.0                 nan                 nan                 nan   8.424869745622195e+29   2.857152836080779e+30  2.2811352763512463e+31 
  53159.82332026316                 0.0                 0.0                 0.0                 nan                 nan                 nan   8.424869745622195e+29   2.857152836080779e+30  2.2811352763512463e+31 
 53162.537323924815                 0.0                 0.0                 0.0                 nan                 nan                 nan   8.424869745622195e+29   2.857152836080779e+30  2.2811352763512463e+31 
  53165.25132758647                 0.0                 0.0                 0.0                 nan                 nan                 nan   8.424869745622195e+29   2.857152836080779e+30  2.2811352763512463e+31 
 53167.965331248124                 0.0                 0.0                 0.0                 nan                 nan                 nan   8.424869745622195e+29   2.857152836080779e+30  2.2811352763512463e+31 
  53170.67933490978                 0.0                 0.0                 0.0                 nan                 nan                 nan   8.424869745622195e+29   2.857152836080779e+30  2.2811352763512463e+31 
 53173.393338571426                 0.0                 0.0                 0.0                 nan                 nan                 nan   8.424869745622195e+29   2.857152836080779e+30  2.2811352763512463e+31 
  53176.10734223308                 0.0                 0.0                 0.0                 nan                 nan                 nan   8.424869745622195e+29   2.857152836080779e+30  2.2811352763512463e+31 
 53178.821345894736                 0.0                 0.0                 0.0                 nan                 nan                 nan   8.424869745622195e+29   2.857152836080779e+30  2.2811352763512463e+31 
  53181.53534955639                 0.0                 0.0                 0.0                 nan                 nan                 nan   8.424869745622195e+29   2.857152836080779e+30  2.2811352763512463e+31 
 53184.249353218045                 0.0                 0.0                 0.0                 nan                 nan                 nan   8.424869745622195e+29   2.857152836080779e+30  2.2811352763512463e+31 
   53186.9633568797                 0.0                 0.0                 0.0                 nan                 nan                 nan   8.424869745622195e+29   2.857152836080779e+30  2.2811352763512463e+31 
 53189.677360541355                 0.0                 0.0                 0.0                 nan                 nan                 nan   8.424869745622195e+29   2.857152836080779e+30  2.2811352763512463e+31 
  53192.39136420301                 0.0                 0.0                 0.0                 nan                 nan                 nan   8.424869745622195e+29   2.857152836080779e+30  2.2811352763512463e+31 
 53195.105367864664                 0.0                 0.0                 0.0                 nan                 nan                 nan   8.424869745622195e+29   2.857152836080779e+30  2.2811352763512463e+31 
  53197.81937152632                 0.0                 0.0                 0.0                 nan                 nan                 nan   8.424869745622195e+29   2.857152836080779e+30  2.2811352763512463e+31 
  53200.53337518797                 0.0                 0.0                 0.0                 nan                 nan                 nan   8.424869745622195e+29   2.857152836080779e+30  2.2811352763512463e+31 
  53203.24737884963                 0.0                 0.0                 0.0                 nan                 nan                 nan   8.424869745622195e+29   2.857152836080779e+30  2.2811352763512463e+31 
  53205.96138251128                 0.0                 0.0                 0.0                 nan                 nan                 nan   8.424869745622195e+29   2.857152836080779e+30  2.2811352763512463e+31 
  53208.67538617293                 0.0                 0.0                 0.0                 nan                 nan                 nan   8.424869745622195e+29   2.857152836080779e+30  2.2811352763512463e+31 
 53211.389389834585                 0.0                 0.0                 0.0                 nan                 nan                 nan   8.424869745622195e+29   2.857152836080779e+30  2.2811352763512463e+31 
  53214.10339349624                 0.0                 0.0                 0.0                 nan                 nan                 nan   8.424869745622195e+29   2.857152836080779e+30  2.2811352763512463e+31 
 53216.817397157894                 0.0                 0.0                 0.0                 nan                 nan                 nan   8.424869745622195e+29   2.857152836080779e+30  2.2811352763512463e+31 
  53219.53140081955                 0.0                 0.0                 0.0                 nan                 nan                 nan   8.424869745622195e+29   2.857152836080779e+30  2.2811352763512463e+31 
 53222.245404481204                 0.0                 0.0                 0.0                 nan                 nan                 nan   8.424869745622195e+29   2.857152836080779e+30  2.2811352763512463e+31 
  53224.95940814286                 0.0                 0.0                 0.0                 nan                 nan                 nan   8.424869745622195e+29   2.857152836080779e+30  2.2811352763512463e+31 
  53227.67341180451                 0.0                 0.0                 0.0                 nan                 nan                 nan   8.424869745622195e+29   2.857152836080779e+30  2.2811352763512463e+31 
  53230.38741546617                 0.0                 0.0                 0.0                 nan                 nan                 nan   8.424869745622195e+29   2.857152836080779e+30  2.2811352763512463e+31 
  53233.10141912782                 0.0                 0.0                 0.0                 nan                 nan                 nan   8.424869745622195e+29   2.857152836080779e+30  2.2811352763512463e+31 
  53235.81542278948                 0.0                 0.0                 0.0                 nan                 nan                 nan   8.424869745622195e+29   2.857152836080779e+30  2.2811352763512463e+31 
  53238.52942645113                 0.0                 0.0                 0.0                 nan                 nan                 nan   8.424869745622195e+29   2.857152836080779e+30  2.2811352763512463e+31 
  53241.24343011278                 0.0                 0.0                 0.0                 nan                 nan                 nan   8.424869745622195e+29   2.857152836080779e+30  2.2811352763512463e+31 
 53243.957433774434                 0.0                 0.0                 0.0                 nan                 nan                 nan   8.424869745622195e+29   2.857152836080779e+30  2.2811352763512463e+31 
  53246.67143743609                 0.0                 0.0                 0.0                 nan                 nan                 nan   8.424869745622195e+29   2.857152836080779e+30  2.2811352763512463e+31 
 53249.385441097744                 0.0                 0.0                 0.0                 nan                 nan                 nan   8.424869745622195e+29   2.857152836080779e+30  2.2811352763512463e+31 
   53252.0994447594                 0.0                 0.0                 0.0                 nan                 nan                 nan   8.424869745622195e+29   2.857152836080779e+30  2.2811352763512463e+31 
  53254.81344842105                 0.0                 0.0                 0.0                 nan                 nan                 nan   8.424869745622195e+29   2.857152836080779e+30  2.2811352763512463e+31 
  53257.52745208271                 0.0                 0.0                 0.0                 nan                 nan                 nan   8.424869745622195e+29   2.857152836080779e+30  2.2811352763512463e+31 
  53260.24145574436                 0.0                 0.0                 0.0                 nan                 nan                 nan   8.424869745622195e+29   2.857152836080779e+30  2.2811352763512463e+31 
  53262.95545940602                 0.0                 0.0                 0.0                 nan                 nan                 nan   8.424869745622195e+29   2.857152836080779e+30  2.2811352763512463e+31 
  53265.66946306767                 0.0                 0.0                 0.0                 nan                 nan                 nan   8.424869745622195e+29   2.857152836080779e+30  2.2811352763512463e+31 
  53268.38346672933                 0.0                 0.0                 0.0                 nan                 nan                 nan   8.424869745622195e+29   2.857152836080779e+30  2.2811352763512463e+31 
  53271.09747039098                 0.0                 0.0                 0.0                 nan                 nan                 nan   8.424869745622195e+29   2.857152836080779e+30  2.2811352763512463e+31 
 53273.811474052636                 0.0                 0.0                 0.0                 nan                 nan                 nan   8.424869745622195e+29   2.857152836080779e+30  2.2811352763512463e+31 
  53276.52547771428                 0.0                 0.0                 0.0                 nan                 nan                 nan   8.424869745622195e+29   2.857152836080779e+30  2.2811352763512463e+31 
  53279.23948137594                 0.0                 0.0                 0.0                 nan                 nan                 nan   8.424869745622195e+29   2.857152836080779e+30  2.2811352763512463e+31 
  53281.95348503759                 0.0                 0.0                 0.0                 nan                 nan                 nan   8.424869745622195e+29   2.857152836080779e+30  2.2811352763512463e+31 
  53284.66748869925                 0.0                 0.0                 0.0                 nan                 nan                 nan   8.424869745622195e+29   2.857152836080779e+30  2.2811352763512463e+31 
   53287.3814923609                 0.0                 0.0                 0.0                 nan                 nan                 nan   8.424869745622195e+29   2.857152836080779e+30  2.2811352763512463e+31 
  53290.09549602256                 0.0                 0.0                 0.0                 nan                 nan                 nan   8.424869745622195e+29   2.857152836080779e+30  2.2811352763512463e+31 
  53292.80949968421                 0.0                 0.0                 0.0                 nan                 nan                 nan   8.424869745622195e+29   2.857152836080779e+30  2.2811352763512463e+31 
  53295.52350334587                 0.0                 0.0                 0.0                 nan                 nan                 nan   8.424869745622195e+29   2.857152836080779e+30  2.2811352763512463e+31 
  53298.23750700752                 0.0                 0.0                 0.0                 nan                 nan                 nan   8.424869745622195e+29   2.857152836080779e+30  2.2811352763512463e+31 
 53300.951510669176                 0.0                 0.0                 0.0                 nan                 nan                 nan   8.424869745622195e+29   2.857152836080779e+30  2.2811352763512463e+31 
  53303.66551433083                 0.0                 0.0                 0.0                 nan                 nan                 nan   8.424869745622195e+29   2.857152836080779e+30  2.2811352763512463e+31 
 53306.379517992485                 0.0                 0.0                 0.0                 nan                 nan                 nan   8.424869745622195e+29   2.857152836080779e+30  2.2811352763512463e+31 
  53309.09352165413                 0.0                 0.0                 0.0                 nan                 nan                 nan   8.424869745622195e+29   2.857152836080779e+30  2.2811352763512463e+31 
  53311.80752531579                 0.0                 0.0                 0.0                 nan                 nan                 nan   8.424869745622195e+29   2.857152836080779e+30  2.2811352763512463e+31 
  53314.52152897744                 0.0                 0.0                 0.0                 nan                 nan                 nan   8.424869745622195e+29   2.857152836080779e+30  2.2811352763512463e+31 
   53317.2355326391                 0.0                 0.0                 0.0                 nan                 nan                 nan   8.424869745622195e+29   2.857152836080779e+30  2.2811352763512463e+31 
  53319.94953630075                 0.0                 0.0                 0.0                 nan                 nan                 nan   8.424869745622195e+29   2.857152836080779e+30  2.2811352763512463e+31 
  53322.66353996241                 0.0                 0.0                 0.0                 nan                 nan                 nan   8.424869745622195e+29   2.857152836080779e+30  2.2811352763512463e+31 
  53325.37754362406                 0.0                 0.0                 0.0                 nan                 nan                 nan   8.424869745622195e+29   2.857152836080779e+30  2.2811352763512463e+31 
 53328.091547285716                 0.0                 0.0                 0.0                 nan                 nan                 nan   8.424869745622195e+29   2.857152836080779e+30  2.2811352763512463e+31 
  53330.80555094737                 0.0                 0.0                 0.0                 nan                 nan                 nan   8.424869745622195e+29   2.857152836080779e+30  2.2811352763512463e+31 
 53333.519554609025                 0.0                 0.0                 0.0                 nan                 nan                 nan   8.424869745622195e+29   2.857152836080779e+30  2.2811352763512463e+31 
  53336.23355827068                 0.0                 0.0                 0.0                 nan                 nan                 nan   8.424869745622195e+29   2.857152836080779e+30  2.2811352763512463e+31 
 53338.947561932335                 0.0                 0.0                 0.0                 nan                 nan                 nan   8.424869745622195e+29   2.857152836080779e+30  2.2811352763512463e+31 
  53341.66156559399                 0.0                 0.0                 0.0                 nan                 nan                 nan   8.424869745622195e+29   2.857152836080779e+30  2.2811352763512463e+31 
  53344.37556925564                 0.0                 0.0                 0.0                 nan                 nan                 nan   8.424869745622195e+29   2.857152836080779e+30  2.2811352763512463e+31 
  53347.08957291729                 0.0                 0.0                 0.0                 nan                 nan                 nan   8.424869745622195e+29   2.857152836080779e+30  2.2811352763512463e+31 
  53349.80357657895                 0.0                 0.0                 0.0                 nan                 nan                 nan   8.424869745622195e+29   2.857152836080779e+30  2.2811352763512463e+31 
   53352.5175802406                 0.0                 0.0                 0.0                 nan                 nan                 nan   8.424869745622195e+29   2.857152836080779e+30  2.2811352763512463e+31 
 53355.231583902256                 0.0                 0.0                 0.0                 nan                 nan                 nan   8.424869745622195e+29   2.857152836080779e+30  2.2811352763512463e+31 
  53357.94558756391                 0.0                 0.0                 0.0                 nan                 nan                 nan   8.424869745622195e+29   2.857152836080779e+30  2.2811352763512463e+31 
 53360.659591225565                 0.0                 0.0                 0.0                 nan                 nan                 nan   8.424869745622195e+29   2.857152836080779e+30  2.2811352763512463e+31 
  53363.37359488722                 0.0                 0.0                 0.0                 nan                 nan                 nan   8.424869745622195e+29   2.857152836080779e+30  2.2811352763512463e+31 
 53366.087598548875                 0.0                 0.0                 0.0                 nan                 nan                 nan   8.424869745622195e+29   2.857152836080779e+30  2.2811352763512463e+31 
  53368.80160221053                 0.0                 0.0                 0.0                 nan                 nan                 nan   8.424869745622195e+29   2.857152836080779e+30  2.2811352763512463e+31 
 53371.515605872184                 0.0                 0.0                 0.0                 nan                 nan                 nan   8.424869745622195e+29   2.857152836080779e+30  2.2811352763512463e+31 
  53374.22960953384                 0.0                 0.0                 0.0                 nan                 nan                 nan   8.424869745622195e+29   2.857152836080779e+30  2.2811352763512463e+31 
 53376.943613195486                 0.0                 0.0                 0.0                 nan                 nan                 nan   8.424869745622195e+29   2.857152836080779e+30  2.2811352763512463e+31 
  53379.65761685714                 0.0                 0.0                 0.0                 nan                 nan                 nan   8.424869745622195e+29   2.857152836080779e+30  2.2811352763512463e+31 
 53382.371620518796                 0.0                 0.0                 0.0                 nan                 nan                 nan   8.424869745622195e+29   2.857152836080779e+30  2.2811352763512463e+31 
  53385.08562418045                 0.0                 0.0                 0.0                 nan                 nan                 nan   8.424869745622195e+29   2.857152836080779e+30  2.2811352763512463e+31 
 53387.799627842105                 0.0                 0.0                 0.0                 nan                 nan                 nan   8.424869745622195e+29   2.857152836080779e+30  2.2811352763512463e+31 
  53390.51363150376                 0.0                 0.0                 0.0                 nan                 nan                 nan   8.424869745622195e+29   2.857152836080779e+30  2.2811352763512463e+31 
 53393.227635165415                 0.0                 0.0                 0.0                 nan                 nan                 nan   8.424869745622195e+29   2.857152836080779e+30  2.2811352763512463e+31 
  53395.94163882707                 0.0                 0.0                 0.0                 nan                 nan                 nan   8.424869745622195e+29   2.857152836080779e+30  2.2811352763512463e+31 
 53398.655642488724                 0.0                 0.0                 0.0                 nan                 nan                 nan   8.424869745622195e+29   2.857152836080779e+30  2.2811352763512463e+31 
  53401.36964615038                 0.0                 0.0                 0.0                 nan                 nan                 nan   8.424869745622195e+29   2.857152836080779e+30  2.2811352763512463e+31 
  53404.08364981203                 0.0                 0.0                 0.0                 nan                 nan                 nan   8.424869745622195e+29   2.857152836080779e+30  2.2811352763512463e+31 
  53406.79765347369                 0.0                 0.0                 0.0                 nan                 nan                 nan   8.424869745622195e+29   2.857152836080779e+30  2.2811352763512463e+31 
  53409.51165713534                 0.0                 0.0                 0.0                 nan                 nan                 nan   8.424869745622195e+29   2.857152836080779e+30  2.2811352763512463e+31 
  53412.22566079699                 0.0                 0.0                 0.0                 nan                 nan                 nan   8.424869745622195e+29   2.857152836080779e+30  2.2811352763512463e+31 
 53414.939664458645                 0.0                 0.0                 0.0                 nan                 nan                 nan   8.424869745622195e+29   2.857152836080779e+30  2.2811352763512463e+31 
   53417.6536681203                 0.0                 0.0                 0.0                 nan                 nan                 nan   8.424869745622195e+29   2.857152836080779e+30  2.2811352763512463e+31 
 53420.367671781954                 0.0                 0.0                 0.0                 nan                 nan                 nan   8.424869745622195e+29   2.857152836080779e+30  2.2811352763512463e+31 
  53423.08167544361                 0.0                 0.0                 0.0                 nan                 nan                 nan   8.424869745622195e+29   2.857152836080779e+30  2.2811352763512463e+31 
 53425.795679105264                 0.0                 0.0                 0.0                 nan                 nan                 nan   8.424869745622195e+29   2.857152836080779e+30  2.2811352763512463e+31 
  53428.50968276692                 0.0                 0.0                 0.0                 nan                 nan                 nan   8.424869745622195e+29   2.857152836080779e+30  2.2811352763512463e+31 
  53431.22368642857                 0.0                 0.0                 0.0                 nan                 nan                 nan   8.424869745622195e+29   2.857152836080779e+30  2.2811352763512463e+31 
  53433.93769009023                 0.0                 0.0                 0.0                 nan                 nan                 nan   8.424869745622195e+29   2.857152836080779e+30  2.2811352763512463e+31 
  53436.65169375188                 0.0                 0.0                 0.0                 nan                 nan                 nan   8.424869745622195e+29   2.857152836080779e+30  2.2811352763512463e+31 
  53439.36569741354                 0.0                 0.0                 0.0                 nan                 nan                 nan   8.424869745622195e+29   2.857152836080779e+30  2.2811352763512463e+31 
  53442.07970107519                 0.0                 0.0                 0.0                 nan                 nan                 nan   8.424869745622195e+29   2.857152836080779e+30  2.2811352763512463e+31 
  53444.79370473684                 0.0                 0.0                 0.0                 nan                 nan                 nan   8.424869745622195e+29   2.857152836080779e+30  2.2811352763512463e+31 
 53447.507708398494                 0.0                 0.0                 0.0                 nan                 nan                 nan   8.424869745622195e+29   2.857152836080779e+30  2.2811352763512463e+31 
  53450.22171206015                 0.0                 0.0                 0.0                 nan                 nan                 nan   8.424869745622195e+29   2.857152836080779e+30  2.2811352763512463e+31 
 53452.935715721804                 0.0                 0.0                 0.0                 nan                 nan                 nan   8.424869745622195e+29   2.857152836080779e+30  2.2811352763512463e+31 
  53455.64971938346                 0.0                 0.0                 0.0                 nan                 nan                 nan   8.424869745622195e+29   2.857152836080779e+30  2.2811352763512463e+31 
  53458.36372304511                 0.0                 0.0                 0.0                 nan                 nan                 nan   8.424869745622195e+29   2.857152836080779e+30  2.2811352763512463e+31 
  53461.07772670677                 0.0                 0.0                 0.0                 nan                 nan                 nan   8.424869745622195e+29   2.857152836080779e+30  2.2811352763512463e+31 
  53463.79173036842                 0.0                 0.0                 0.0                 nan                 nan                 nan   8.424869745622195e+29   2.857152836080779e+30  2.2811352763512463e+31 
  53466.50573403008                 0.0                 0.0                 0.0                 nan                 nan                 nan   8.424869745622195e+29   2.857152836080779e+30  2.2811352763512463e+31 
  53469.21973769173                 0.0                 0.0                 0.0                 nan                 nan                 nan   8.424869745622195e+29   2.857152836080779e+30  2.2811352763512463e+31 
  53471.93374135339                 0.0                 0.0                 0.0                 nan                 nan                 nan   8.424869745622195e+29   2.857152836080779e+30  2.2811352763512463e+31 
  53474.64774501504                 0.0                 0.0                 0.0                 nan                 nan                 nan   8.424869745622195e+29   2.857152836080779e+30  2.2811352763512463e+31 
  53477.36174867669                 0.0                 0.0                 0.0                 nan                 nan                 nan   8.424869745622195e+29   2.857152836080779e+30  2.2811352763512463e+31 
  53480.07575233834                 0.0                 0.0                 0.0                 nan                 nan                 nan   8.424869745622195e+29   2.857152836080779e+30  2.2811352763512463e+31 
       53482.789756                 0.0                 0.0                 0.0                 nan                 nan                 nan   8.424869745622195e+29   2.857152836080779e+30  2.2811352763512463e+31 
  53485.50375966165                 0.0                 0.0                 0.0                 nan                 nan                 nan   8.424869745622195e+29   2.857152836080779e+30  2.2811352763512463e+31 
  53488.21776332331                 0.0                 0.0                 0.0                 nan                 nan                 nan   8.424869745622195e+29   2.857152836080779e+30  2.2811352763512463e+31 
  53490.93176698496                 0.0                 0.0                 0.0                 nan                 nan                 nan   8.424869745622195e+29   2.857152836080779e+30  2.2811352763512463e+31 
  53493.64577064662                 0.0                 0.0                 0.0                 nan                 nan                 nan   8.424869745622195e+29   2.857152836080779e+30  2.2811352763512463e+31 
  53496.35977430827                 0.0                 0.0                 0.0                 nan                 nan                 nan   8.424869745622195e+29   2.857152836080779e+30  2.2811352763512463e+31 
  53499.07377796993                 0.0                 0.0                 0.0                 nan                 nan                 nan   8.424869745622195e+29   2.857152836080779e+30  2.2811352763512463e+31 
  53501.78778163158                 0.0                 0.0                 0.0                 nan                 nan                 nan   8.424869745622195e+29   2.857152836080779e+30  2.2811352763512463e+31 
 53504.501785293236                 0.0                 0.0                 0.0                 nan                 nan                 nan   8.424869745622195e+29   2.857152836080779e+30  2.2811352763512463e+31 
  53507.21578895489                 0.0                 0.0                 0.0                 nan                 nan                 nan   8.424869745622195e+29   2.857152836080779e+30  2.2811352763512463e+31 
 53509.929792616545                 0.0                 0.0                 0.0                 nan                 nan                 nan   8.424869745622195e+29   2.857152836080779e+30  2.2811352763512463e+31 
  53512.64379627819                 0.0                 0.0                 0.0                 nan                 nan                 nan   8.424869745622195e+29   2.857152836080779e+30  2.2811352763512463e+31 
  53515.35779993985                 0.0                 0.0                 0.0                 nan                 nan                 nan   8.424869745622195e+29   2.857152836080779e+30  2.2811352763512463e+31 
   53518.0718036015                 0.0                 0.0                 0.0                 nan                 nan                 nan   8.424869745622195e+29   2.857152836080779e+30  2.2811352763512463e+31 
  53520.78580726316                 0.0                 0.0                 0.0                 nan                 nan                 nan   8.424869745622195e+29   2.857152836080779e+30  2.2811352763512463e+31 
  53523.49981092481                 0.0                 0.0                 0.0                 nan                 nan                 nan   8.424869745622195e+29   2.857152836080779e+30  2.2811352763512463e+31 
  53526.21381458647                 0.0                 0.0                 0.0                 nan                 nan                 nan   8.424869745622195e+29   2.857152836080779e+30  2.2811352763512463e+31 
  53528.92781824812                 0.0                 0.0                 0.0                 nan                 nan                 nan   8.424869745622195e+29   2.857152836080779e+30  2.2811352763512463e+31 
 53531.641821909776                 0.0                 0.0                 0.0                 nan                 nan                 nan   8.424869745622195e+29   2.857152836080779e+30  2.2811352763512463e+31 
  53534.35582557143                 0.0                 0.0                 0.0                 nan                 nan                 nan   8.424869745622195e+29   2.857152836080779e+30  2.2811352763512463e+31 
 53537.069829233085                 0.0                 0.0                 0.0                 nan                 nan                 nan   8.424869745622195e+29   2.857152836080779e+30  2.2811352763512463e+31 
  53539.78383289474                 0.0                 0.0                 0.0                 nan                 nan                 nan   8.424869745622195e+29   2.857152836080779e+30  2.2811352763512463e+31 
 53542.497836556395                 0.0                 0.0                 0.0                 nan                 nan                 nan   8.424869745622195e+29   2.857152836080779e+30  2.2811352763512463e+31 
  53545.21184021804                 0.0                 0.0                 0.0                 nan                 nan                 nan   8.424869745622195e+29   2.857152836080779e+30  2.2811352763512463e+31 
   53547.9258438797                 0.0                 0.0                 0.0                 nan                 nan                 nan   8.424869745622195e+29   2.857152836080779e+30  2.2811352763512463e+31 
  53550.63984754135                 0.0                 0.0                 0.0                 nan                 nan                 nan   8.424869745622195e+29   2.857152836080779e+30  2.2811352763512463e+31 
 53553.353851203006                 0.0                 0.0                 0.0                 nan                 nan                 nan   8.424869745622195e+29   2.857152836080779e+30  2.2811352763512463e+31 
  53556.06785486466                 0.0                 0.0                 0.0                 nan                 nan                 nan   8.424869745622195e+29   2.857152836080779e+30  2.2811352763512463e+31 
 53558.781858526316                 0.0                 0.0                 0.0                 nan                 nan                 nan   8.424869745622195e+29   2.857152836080779e+30  2.2811352763512463e+31 
  53561.49586218797                 0.0                 0.0                 0.0                 nan                 nan                 nan   8.424869745622195e+29   2.857152836080779e+30  2.2811352763512463e+31 
 53564.209865849625                 0.0                 0.0                 0.0                 nan                 nan                 nan   8.424869745622195e+29   2.857152836080779e+30  2.2811352763512463e+31 
  53566.92386951128                 0.0                 0.0                 0.0                 nan                 nan                 nan   8.424869745622195e+29   2.857152836080779e+30  2.2811352763512463e+31 
 53569.637873172935                 0.0                 0.0                 0.0                 nan                 nan                 nan   8.424869745622195e+29   2.857152836080779e+30  2.2811352763512463e+31 
  53572.35187683459                 0.0                 0.0                 0.0                 nan                 nan                 nan   8.424869745622195e+29   2.857152836080779e+30  2.2811352763512463e+31 
 53575.065880496244                 0.0                 0.0                 0.0                 nan                 nan                 nan   8.424869745622195e+29   2.857152836080779e+30  2.2811352763512463e+31 
   53577.7798841579                 0.0                 0.0                 0.0                 nan                 nan                 nan   8.424869745622195e+29   2.857152836080779e+30  2.2811352763512463e+31 
 53580.493887819546                 0.0                 0.0                 0.0                 nan                 nan                 nan   8.424869745622195e+29   2.857152836080779e+30  2.2811352763512463e+31 
   53583.2078914812                 0.0                 0.0                 0.0                 nan                 nan                 nan   8.424869745622195e+29   2.857152836080779e+30  2.2811352763512463e+31 
 53585.921895142856                 0.0                 0.0                 0.0                 nan                 nan                 nan   8.424869745622195e+29   2.857152836080779e+30  2.2811352763512463e+31 
  53588.63589880451                 0.0                 0.0                 0.0                 nan                 nan                 nan   8.424869745622195e+29   2.857152836080779e+30  2.2811352763512463e+31 
 53591.349902466165                 0.0                 0.0                 0.0                 nan                 nan                 nan   8.424869745622195e+29   2.857152836080779e+30  2.2811352763512463e+31 
  53594.06390612782                 0.0                 0.0                 0.0                 nan                 nan                 nan   8.424869745622195e+29   2.857152836080779e+30  2.2811352763512463e+31 
 53596.777909789475                 0.0                 0.0                 0.0                 nan                 nan                 nan   8.424869745622195e+29   2.857152836080779e+30  2.2811352763512463e+31 
  53599.49191345113                 0.0                 0.0                 0.0                 nan                 nan                 nan   8.424869745622195e+29   2.857152836080779e+30  2.2811352763512463e+31 
 53602.205917112784                 0.0                 0.0                 0.0                 nan                 nan                 nan   8.424869745622195e+29   2.857152836080779e+30  2.2811352763512463e+31 
  53604.91992077444                 0.0                 0.0                 0.0                 nan                 nan                 nan   8.424869745622195e+29   2.857152836080779e+30  2.2811352763512463e+31 
  53607.63392443609                 0.0                 0.0                 0.0                 nan                 nan                 nan    1.28454115224396e+30   5.572525938527036e+30    7.73478734633525e+32 
  53610.34792809775                 0.0                 0.0    81535706231510.5  27805.591591344546                 nan                 nan   4.234125437241561e+30   5.874917656826327e+31  2.7881519420095387e+42 
 53613.061931759396                 0.0   53539329037271.31   170895419651725.3  27040.987564044175   35248.63457705304                 nan  1.8180811412183177e+31   3.487637533224776e+42   1.143876575642631e+43 
  53615.77593542105   4387129298319.888   146159971149926.9  255128298456832.72  26246.900914377504   32738.11496206109  60338.938676514415   8.190986919915397e+41  1.6702073422876633e+43   2.455970819649408e+43 
 53618.489939082705   98477360301972.97   237953274074495.7  344608984057211.44  25527.103510909783   30634.87062768479   43801.11250408492   2.633391234691666e+43     3.3289003518788e+43  4.3540333722573143e+43 
  53621.20394274436  191204626642231.88  328900011607629.25  432226414465893.75  24792.737761420143  28660.554615917095  38014.124294140325  4.4366952067655765e+43   5.172879817525634e+43   6.654903317673128e+43 
       53621.827269  212129318130340.12  351520355792774.94   452632536977593.2   24636.28377962591  28329.310332804227   37048.45326555851   4.764911996260149e+43   5.565057166575916e+43   7.184776343743964e+43 
 53623.917946406014  280770400806041.38   424958355852976.5   524125983377375.2  24085.083559026898   27268.91484176649   34369.77046688362   5.863158543546677e+43   6.877296833340551e+43    9.08540091160471e+43 
  53626.63195006767   369876519801727.1  510385666359617.25   618040806150737.4  23358.023545011194   26001.41275008775  31895.578366094458    7.22673301951163e+43   8.411401155706475e+43  1.0664194818098393e+44 
 53629.345953729324   459712157329955.9   603023133511040.6   706803535186040.0  22644.379197329097   24748.96932362914   29341.53781632339   8.456700398918402e+43   9.727824336067105e+43  1.2101180079914117e+44 
  53632.05995739098  551943311878430.56   693612544353347.2   801615758480705.2  21956.044710856084  23712.740970770275   27413.57854387941    9.49486055835528e+43  1.0846037590642902e+44   1.335220404593189e+44 
       53633.776889   611522836837674.1   749949975956528.8   860405754062849.0   21514.81163528729  23164.676199883754  26273.237190027063    1.00604255029562e+44    1.15015118083513e+44  1.4048478797323384e+44 
  53634.77396105263   646122397433928.9   782829335184163.0   893837544556168.4   21264.37038014112  22880.853338717046  25798.611886280847  1.0345969419563082e+44  1.1785698447928032e+44  1.4420248754737187e+44 
        53635.78243   681660424106512.4   816081448366021.4   927240592777387.2   20998.84299638031   22550.16311267628  25333.455929501462   1.061923406637847e+44  1.2058804349494358e+44  1.4762062632964637e+44 
  53637.48796471429   744666543815646.0   871436191264184.8   982795423627760.8  20548.232524058756  21907.640117007628  24594.061949528827  1.1031070512224047e+44  1.2524225787628407e+44  1.5256205953992758e+44 
       53637.818219   757238688670044.2   882170431352190.0   994851717359290.8  20458.279333844035  21805.949813521605  24457.146339595733  1.1109785601246527e+44  1.2599864317296137e+44  1.5339889727321017e+44 
  53640.20196837594   844725493369580.8   959399024346819.2  1079997837350459.1    19821.2260481304   21015.49688196676  23497.415024936552  1.1624214417273773e+44  1.3141525079962888e+44  1.5802122007628458e+44 
   53642.9159720376   934124545677978.9  1052522784878973.4  1172169552968252.2  19182.917563027062  20265.451654269033   22492.15874503261  1.2071271510718759e+44  1.3602135086894258e+44  1.6112383609296362e+44 
  53645.62997569925  1022276243782317.0  1143638648372953.0  1261838869859022.0  18563.266798623714  19540.056866276558  21539.006138251985  1.2338024498427331e+44  1.3820634899885921e+44  1.6305663339557476e+44 
   53648.3439793609  1109070092022044.2  1236492110426747.0  1353558413676750.8   17935.55998819382  18814.416635695983  20706.075248263878  1.2511712682999383e+44   1.389275774839771e+44  1.6340011793772125e+44 
 53651.057983022554  1194607836291189.2  1322985761873949.8  1448138647827545.2   17330.92143694787  18154.873692296183  19901.358197770845   1.252767144336317e+44  1.3835433675342442e+44   1.626800739931013e+44 
  53653.77198668421  1284408344326726.2  1412223019461441.0  1540528820658409.8      16730.11058354  17500.650211441578  19126.930921570063  1.2454572367357423e+44  1.3724500571838352e+44  1.6135837544355309e+44 
        53654.75412  1317717274645689.2  1445505149111643.0  1574263383806806.0  16521.716243922136  17291.068609281792  18858.464120521636  1.2416796113997664e+44  1.3661966834986154e+44   1.602481192454487e+44 
 53656.485990345864  1375427406013723.5  1503154444811382.5  1635650774919602.8  16169.719984528077  16919.452341841727   18401.61570401437   1.232504116291057e+44  1.3497807620597255e+44  1.5835572471000314e+44 
  53659.19999400752  1465662729497762.8  1594536307055428.5  1732964492685514.0   15642.18366068986  16365.295753132188  17746.491491299075  1.2125029444831976e+44  1.3225044281469852e+44  1.5508079368520085e+44 
  53661.91399766917  1554594901066372.8  1686548254103464.5  1825269081233371.2  15133.850054247707  15825.817520117896  17130.301265682298  1.1854080133892333e+44  1.2895109297275472e+44   1.516840293462647e+44 
  53664.62800133083  1641890485654099.0  1775787321717956.8  1919398700435697.2   14639.20193351203  15301.917350340344   16529.52559742434  1.1545561420390205e+44  1.2532346161803598e+44  1.4705359139446627e+44 
       53665.742229  1678405126279273.5  1814013269116679.2  1957228551591999.2   14438.67065623558  15089.337927214849   16290.32073342539   1.139348876518734e+44  1.2348532217706536e+44   1.451060109387877e+44 
  53667.34200499248  1730988959262707.2  1865478092273026.5  2013345234977329.2  14155.033847443294  14793.759876049337  15954.957916148262  1.1159087851042339e+44  1.2066548680549463e+44  1.4219538875031732e+44 
        53668.73771  1777057743401583.2  1910693106343361.5  2062183077639080.0  13912.114311296802  14537.385068141055  15669.666965829882   1.096344350550245e+44  1.1818593663452682e+44  1.3951319618198667e+44 
  53670.05600865414  1820571534496976.5  1955220237904057.0  2107932463285751.8  13690.260052610978  14301.192057260814   15408.68614592443   1.075441099858966e+44  1.1573131941521147e+44  1.3688793898915724e+44 
        53670.82237  1845867234680622.8  1980700773588727.0  2134529121787285.5  13563.943395553088  14168.137007527133  15261.917617904957   1.064112678821057e+44  1.1416533377931338e+44   1.353797235457783e+44 
  53672.77001231579  1909494009860230.0  2045457392377334.8  2203757139087817.0  13241.990403400883   13841.01866049643  14898.521394177476   1.032478950613528e+44  1.1038465688711567e+44  1.3128716304634418e+44 
       53673.721659  1938589238951284.8  2077098428850636.5  2237582966645784.2   13087.20788042756  13684.918291212438  14724.949597439825  1.0162957628146562e+44  1.0860024675294828e+44  1.2892651634064002e+44 
  53675.48401597745  1992585250081357.2  2135694546850612.0  2302243029266229.5  12807.359740558786  13399.482786607987  14410.202961659208   9.868600592109786e+43  1.0505773305458283e+44  1.2520827014229668e+44 
       53675.811009  2002418275815410.8  2146566647100319.0  2314496436917578.0  12756.386114996667  13346.686790702366   14352.63345670281   9.816727952842136e+43  1.0439139486421822e+44  1.2451260286641777e+44 
   53678.1980196391  2078834930979092.8  2223472536219280.0  2401239097804127.5   12393.96283180083  12973.685837579675  13941.280287894055   9.445624118252732e+43    9.99836989485811e+43  1.1931836321978175e+44 
       53678.782699  2097252619348842.5  2242245184668347.5  2421883790599460.0  12308.020981625456  12881.361561848553  13842.100792577678   9.343726313173126e+43   9.887000650508206e+43  1.1801070710016103e+44 
       53680.774069  2160014352145129.5  2306183287228180.0  2492197922824623.5  12027.459361970645  12575.924557253835  13509.026361584236   9.030291613517376e+43   9.550923031564396e+43  1.1354227719301469e+44 
  53680.91202330075  2164372228894723.5  2310612668121696.5  2497069010037930.5  12007.755004310407  12555.764513572354  13486.263048709887   9.007780282679452e+43    9.52639132233605e+43  1.1323546339820734e+44 
   53683.6260269624  2252665073267071.0  2398443574567605.0  2592898922271991.5  11639.960631564902  12172.885662871515  13046.706655273128   8.549181399050408e+43   9.034059390702727e+43  1.0717788323853369e+44 
        53684.73284  2290197157042650.5  2435134592377016.0  2633442583292995.5  11495.429123908625  12019.875078972314  12876.151989687041   8.364716210281964e+43   8.832792289543379e+43  1.0471862035400405e+44 
  53686.34003062406  2344551715346916.5  2488413202049678.0  2690128803271177.5  11286.114488671117  11794.044817414728   12639.06280297655   8.112615512663266e+43   8.550693498214542e+43   1.012305864872746e+44 
  53689.05403428571  2432547425901779.5  2581002612468384.5  2783846749666041.0   10950.34250666636  11427.072815968075  12242.321888862574   7.697796046568242e+43   8.097968699108269e+43    9.56035103121846e+43 
  53691.76803794737  2519600999684373.0  2670777766562945.0  2880771326865157.0  10620.844392863826  11079.652832079577   11853.31106707854    7.33005601027913e+43   7.675848605753581e+43    9.02816083012092e+43 
        53693.74599  2583434865646851.5  2736128730929687.0  2953247337699965.5   10392.34196685664  10836.501297255672   11580.83853723209     7.0473158430409e+43   7.377548821448484e+43   8.649675701068814e+43 
  53694.48204160902  2607131387289248.5  2760807733183923.0  2979957218818925.5  10308.788692398477  10747.081897028977  11481.121976114799   6.943368046116835e+43   7.270499211526568e+43   8.516193951372508e+43 
        53696.72983  2679496919273090.5  2833337347084207.0  3061314419413725.5  10054.768741138862  10471.858364365948  11179.844955590017   6.655945445607141e+43   6.956976776905195e+43   8.117078739347421e+43 
  53697.19604527068  2694506301925506.5  2848157039830351.5  3078159537973697.0  10005.727558877492  10418.039332416538  11118.582420776216   6.595684176812368e+43   6.898629894471516e+43   8.036645545583629e+43 
       53699.728519  2776037023141610.0  2930308738521127.0  3166738984553488.0   9742.658387996951  10143.629261949005  10809.608019384461   6.231043302225093e+43  6.5774412750529215e+43   7.586087801869365e+43 
  53699.91004893233  2781881216561765.0  2936282782469562.5  3173088436773963.5   9724.930570939185   10123.31349662225  10788.344022748852   6.204940941892734e+43   6.554555262880291e+43   7.551871686481184e+43 
  53702.62405259399  2869256131198023.0  3023855341699375.0  3268017335574230.0   9454.819664115637   9830.863576333142  10467.956019384914   5.845636780476854e+43   6.214935287697947e+43   7.119830371014462e+43 
        53704.71473  2934713104150175.0  3091952015972538.5  3341411053241219.0   9257.351475707239   9670.582586192155  10228.081385435102   5.589309664218038e+43   5.974110535243311e+43   6.863956924234327e+43 
  53705.33805625564  2952886731166936.5  3111107894077862.0  3362901518940117.5    9206.23146162144   9612.895712007994   10154.94964028734   5.511619673308648e+43   5.899772674866384e+43   6.784873668639779e+43 
 53708.052059917296  3003923875637002.5  3193425723557988.0  3457973662088795.5     8969.1172633065   9383.041667016832   9846.517876302138     5.1796645562433e+43   5.609809160808916e+43   6.376136826486995e+43 
  53710.76606357895  3054374922026474.5  3277277311091962.0  3549683652814826.0   8743.403720349637   9155.432995848081   9690.739358416511   4.888819371280407e+43   5.347778199674882e+43   5.961669851353163e+43 
 53713.480067240605  3077268410813361.5  3359032170734300.0  3644038117784615.0    8511.21931945703   8939.206200271003   9448.767339966063   4.627099501028366e+43   5.097126275944672e+43   5.665437924298506e+43 
  53716.19407090225  3099023054346826.0  3441338826116456.0  3722845740632359.0   8300.399094328763   8748.854278432013   9401.631596260662  4.3488159822757334e+43   4.868955981589605e+43   5.362703023397174e+43 
  53718.90807456391  3115398049493265.0  3517382947442978.5  3820497265027372.0    8054.97413689708    8552.50947365605   9273.463343429115   4.058488939211261e+43   4.658003146429535e+43   5.090508205532546e+43 
  53721.62207822556  3085952039891493.5  3591995580644751.0  3909920506559593.0   7847.891239795721    8353.71053661434    9107.09512973729  3.7947668320917024e+43    4.43964606998678e+43   4.858222865400409e+43 
  53724.33608188722  2991002934147910.0  3677780466065000.0  3985361938341728.5    7659.58379650944   8155.135480111334   9039.198607235954  3.5487171583032666e+43  4.1935656447536476e+43   4.676362523897623e+43 
  53727.05008554887  2987974634269697.5  3761730260172284.0  4085832204498656.0  7470.6658346840495   8005.940188902248   9039.198607235954  3.3197344090424923e+43  4.0277637342485473e+43   4.513869512066601e+43 
  53729.76408921053  2894301633215835.5  3830196728182438.0  4186302470655583.5   7305.952959514418    7846.42495949675   9039.198607235954   3.080805671462392e+43   3.840067096493629e+43   4.360171696016627e+43 
  53732.47809287218  2817203978809076.5  3910047900059109.5  4277989341942015.5   7135.929337263985   7665.328184203587   9000.245619565643  2.8834215677270534e+43   3.674316560574433e+43  4.2184878281153196e+43 
 53735.192096533836  2770618727814213.0  3970907625981569.5  4348737466295219.0   6982.993974398631  7569.7921642916535   8905.589789012814    2.70683473902523e+43  3.5361398119911943e+43  4.0811752852923805e+43 
  53737.90610019549  2710148862602232.5  4028830607779148.0  4438520502634919.5   6819.345004920861   7430.650566351569   8876.871535044145   2.550509786511502e+43   3.417813506737694e+43  3.9486201115922615e+43 
 53740.620103857145  2623817167096307.5  4097626216653798.0  4527287641463644.0   6666.705222671143   7342.665169679976   8876.871535044145   2.399125930115858e+43   3.304362250116684e+43  3.8279762475188193e+43 
   53743.3341075188  2577118335283131.0  4149742161500000.5  4618636298237647.0   6494.857629402949   7231.630388216452   8876.871535044145  2.2419164756521673e+43   3.178708467694022e+43   3.704282837639915e+43 
 53746.048111180455  2536532437889914.5  4198365950367975.0  4692584968963253.0   6393.691843531984   7105.657917049771   8876.871535044145  2.1033139024966292e+43  3.0678974799907986e+43  3.5944234655961036e+43 
   53748.7621148421  2499120882428570.5  4263744442552290.0  4745143788856055.0  6284.4762287791955   6989.616931116132   8876.871535044145  1.9797055197251821e+43   2.977617047933377e+43  3.4919884201803816e+43 
  53751.47611850376  2464671226985365.0  4322092314933929.0  4784239984328000.0   6208.063623444033   6905.124549130402   8876.871535044145   1.860404557520204e+43   2.892290475693037e+43  3.3915104861085203e+43 
  53754.19012216541  2431469990270091.5  4263734640487069.5  4869851876407979.0   6148.874895051486   6832.745993238692   8876.871535044145   1.737451403733628e+43   2.807762172174925e+43   3.286488577639549e+43 
 53756.904125827066  2391365610468219.5  4222925297218266.0  4953756972570885.0   6069.876282011476   6779.763290639728   8876.871535044145  1.6227962344449983e+43  2.7017729380698593e+43  3.1930430936488914e+43 
  53759.61812948872  2354554024529153.0  4171792575729115.5  5029311625284536.0   5981.445768935873   6695.368718461616   8876.871535044145  1.5194225619617564e+43   2.608194930625885e+43   3.107380131898457e+43 
 53762.332133150376  2321683875467197.0  4103219324399595.0  5084426324843677.0   5898.592832071615  6593.6994586422825   8876.871535044145  1.4458815041082254e+43  2.5194559819654155e+43  3.0285176119550993e+43 
  53765.04613681203  2289811711366428.0  4042693132333133.0  5151143788917313.0   5859.268614317471    6497.80234038704   8876.871535044145  1.3823165103094815e+43  2.4406944475731434e+43  2.9523965006755754e+43 
 53767.760140473685  2258875264317484.5  3962614666573980.0  5211581177681817.0  5784.3156361846795   6465.627189372244   8876.871535044145  1.3142989137222828e+43  2.3652660405492825e+43  2.8823945689956734e+43 
  53770.47414413534  2230825947484119.0  3888059814466550.0  5276344094355976.0   5692.127518636585   6449.407959202104   8876.871535044145  1.2536565133046503e+43   2.292943477476459e+43   2.814571775120405e+43 
 53773.188147796995  2203459024093764.0  3819280978092617.5  5361906303055446.0   5635.241214967628   6432.894545980634   8876.871535044145  1.1927904435249488e+43  2.2125911256018742e+43   2.745116718289239e+43 
  53775.90215145865  2174296288130639.2  3752403037654946.0  5443785658044989.0   5554.528278740994    6417.91375829623   8876.871535044145  1.1332971411525126e+43  2.1354314900007357e+43   2.676236882150147e+43 
 53778.616155120304  2136867828938550.0  3687308886681613.0  5500935980250208.0   5494.194452627482    6417.91375829623   8876.871535044145   1.078956647702916e+43   2.067044354461748e+43   2.609884528350214e+43 
  53781.33015878196  2105797246406981.0  3623887539958439.5  5588324612081377.0   5434.816735818065    6417.91375829623   8876.871535044145  1.0308556461574944e+43  2.0113348518295793e+43   2.545793180269974e+43 
 53784.044162443606  2081142213451590.5  3551164280409554.0  5675713243912311.0   5386.197229086557    6417.91375829623   8876.871535044145   9.883228712104355e+42  1.9622934402054222e+43   2.483861526848069e+43 
  53786.75816610526  2057159732809281.0  3480117928932839.0  5728168503582199.0   5310.037860095051    6417.91375829623   8876.871535044145   9.470604758282753e+42  1.9150248834870259e+43   2.425466162941564e+43 
 53789.472169766916  2028804032352431.8  3410866486808244.5  5768618388555435.0   5242.879981651041    6417.91375829623   8876.871535044145   9.103049462514522e+42  1.8694138992479613e+43   2.368845380564939e+43 
  53792.18617342857  1993236934751770.8  3343304519431013.0  5842447656846266.0   5174.271437292149    6417.91375829623   8876.871535044145   8.770846427342755e+42   1.825378873177352e+43  2.3140549891360533e+43 
 53794.900177090225  1960067587736214.2  3277394829543726.0  5924423573742780.0   5110.578890431979    6417.91375829623   8876.871535044145   8.459807665874422e+42   1.782822016440465e+43  2.2610229416763075e+43 
  53797.61418075188  1930831331245157.8  3213098376530523.0  6010916122793060.0      5080.852236877    6417.91375829623   8876.871535044145   8.167700913435207e+42  1.7416581906778307e+43  2.2096484974425799e+43 
 53800.328184413534  1902309440545300.5  3152767398523315.0  6093916779049931.0   5038.569280620503    6417.91375829623   8876.871535044145   7.876461222416341e+42  1.6983575879399957e+43  2.1598596636570505e+43 
  53803.04218807519  1874478134217345.2  3101138767167238.5  6162087585637446.0   4987.101242405197    6417.91375829623   8876.871535044145   7.579718494157032e+42  1.6548353827981257e+43   2.110642488325708e+43 
 53805.756191736844  1847311402674463.5  3050846646526601.0  6195794297254963.0   4923.096007685565    6417.91375829623   8876.871535044145   7.300113960172823e+42  1.6066318717470812e+43  2.0618145642245637e+43 
   53808.4701953985  1821056841942219.8  3007349469041872.5  6163384527125959.0   4864.966016655004    6417.91375829623   8876.871535044145    7.03614736462425e+42  1.5583867222441333e+43  2.0086696475432185e+43 
  53811.18419906015  1798538397211641.8  2971962237723604.0  6163146411183529.0   4836.786476023012    6417.91375829623   8876.871535044145   6.786347603603295e+42  1.5162724047218383e+43  1.9617801068518106e+43 
  53813.89820272181  1771252029470580.0  2937342979398354.0  6246585706021217.0   4780.733372272811    6417.91375829623   8876.871535044145   6.549599335808609e+42  1.4756597216466867e+43   1.916756219640513e+43 
 53816.612206383455  1744476196548601.8  2903461650933519.0  6330025000858682.0   4747.654656849722    6417.91375829623   8876.871535044145   6.319388279688675e+42  1.4312191056101216e+43  1.8724572478697415e+43 
  53819.32621004511  1718200527702730.8  2870285877000727.5  6385695731013238.0   4729.188068090264    6417.91375829623   8876.871535044145   6.080970681869466e+42  1.3894301956543222e+43  1.8316323031903328e+43 
 53822.040213706765  1692415682538907.8  2837790626971428.0  6438413760115897.0   4704.384398149574    6417.91375829623   8876.871535044145   5.853951306485986e+42  1.3503451274213227e+43  1.7922236148867256e+43 
  53824.75421736842  1667111805845805.8  2805948518059305.0  6405994946959570.0   4668.734953759295    6417.91375829623   8876.871535044145   5.666619523977452e+42  1.3130359879300947e+43   1.754512063519268e+43 
 53827.468221030074  1642269195523898.2  2774729781254296.0  6374387965233193.0  4639.2817527049065    6417.91375829623   8876.871535044145  5.5099954455890067e+42  1.2759663030348357e+43  1.7177518897358068e+43 
  53830.18222469173  1620996410222167.0  2744123238691755.0  6312693279837973.0   4584.328550386185    6417.91375829623   8876.871535044145   5.362673739341551e+42  1.2383826112669749e+43  1.6820546227409653e+43 
 53832.896228353384  1604006794474546.2  2714101530282756.5  6221627236971736.0    4530.68486326553    6417.91375829623   8876.871535044145  5.2217059461995457e+42   1.201222836913251e+43  1.6473436799770584e+43 
  53835.61023201504  1587275909451849.8  2684639534244153.0  6131885973825467.0    4487.72510711318    6417.91375829623   8876.871535044145    5.08668928674071e+42   1.170414741556722e+43  1.6129038258436507e+43 
  53838.32423567669  1570797262259806.5  2655719508472939.5  6043459094666269.0   4459.692779963344    6417.91375829623   8876.871535044145  4.9571852014407724e+42  1.1405128293871486e+43   1.578029239411332e+43 
  53841.03823933835  1554067144575528.8  2627321351216896.0  5956338598302609.0   4458.757180671795    6417.91375829623   8876.871535044145  4.8328294970103664e+42  1.1114842294767686e+43  1.5437967806576744e+43 
       53843.752243  1531886033427906.2  2599428892659171.0  5870512747177462.0   4440.960471254741    6417.91375829623   8876.871535044145  4.7132965477944926e+42  1.0859098464555988e+43   1.510329185135499e+43 
  53846.46624666166  1512246237026315.0  2572022430521228.0  5785968314885375.0   4420.254957838871    6417.91375829623   8876.871535044145   4.571771797968288e+42  1.0628472131502763e+43  1.4776044313558479e+43 
 53849.180250323305  1492947458582637.2  2545520785413590.5  5702692617338685.0   4384.567558805197    6417.91375829623   8876.871535044145  4.4352492749777067e+42  1.0403941626745376e+43   1.445108817494338e+43 
  53851.89425398496  1473981135887926.0  2519685624157144.0  5620674741273418.0    4362.92377712248    6417.91375829623   8876.871535044145   4.320620299019707e+42   1.018526693445187e+43  1.4119071152176835e+43 
 53854.608257646614  1453936160511900.5  2494209054237303.0  5539901618838793.0   4343.400667792839    6417.91375829623   8876.871535044145  4.2173413671768556e+42   9.972208387010556e+42  1.3795270274911424e+43 
  53857.32226130827  1436660195535846.5  2469081928389671.5  5460360560550260.0   4329.003368082923    6417.91375829623   8876.871535044145   4.117853037875517e+42   9.764551357497678e+42  1.3488394992798347e+43 
 53860.036264969924  1420011279440602.0  2444295973908044.0  5382038854698586.0   4329.003368082923    6417.91375829623   8876.871535044145  4.0219312272496805e+42   9.562089755093596e+42  1.3188326024850605e+43 
  53862.75026863158  1403752932800749.2  2418618167264447.0  5304922892546055.0   4329.003368082923    6417.91375829623   8876.871535044145   3.929406256158582e+42   9.364632136951442e+42  1.2904680523542225e+43 
  53865.46427229323  1387866951712767.2  2392539434570319.0  5228999473499952.0   4329.003368082923    6417.91375829623   8876.871535044145   3.840093928804419e+42   9.171998886483119e+42  1.2634135730525207e+43 
  53868.17827595489  1372337831273921.8  2368500533073563.0  5154255170535406.0   4329.003368082923    6417.91375829623   8876.871535044145  3.7538457926283165e+42   8.962035460395647e+42   1.237781022568433e+43 
  53870.89227961654  1357151983911381.5  2344826086747191.0  5087824631429588.0   4329.003368082923    6417.91375829623   8876.871535044145   3.670517437410919e+42   8.738512492826648e+42  1.2127473115890934e+43 
   53873.6062832782  1342294655647524.5  2321505580271540.5  5032709792621941.0   4329.003368082923    6417.91375829623   8876.871535044145  3.5899593227275763e+42   8.521271291056586e+42  1.1882947144028825e+43 
  53876.32028693985  1327748244739490.0  2298524068483699.0  4978438622967035.0   4329.003368082923    6417.91375829623   8876.871535044145   3.512044403377242e+42    8.31005861593949e+42  1.1647805177771268e+43 
  53879.03429060151  1313509721298685.0  2275883407569521.5  4925043092014178.0   4329.003368082923    6417.91375829623   8876.871535044145  3.4366129660770316e+42   8.104806482532483e+42  1.1427727551492518e+43 
  53881.74829426316  1299558554041282.5  2253565990494765.5  4872468676259631.0   4329.003368082923    6417.91375829623   8876.871535044145   3.363628492142827e+42   7.875004719412153e+42   1.121261644178228e+43 
  53884.46229792481  1284274557975156.5  2229592538829755.2  4820705957562091.0   4329.003368082923    6417.91375829623   8876.871535044145  3.2770403502464706e+42   7.644631503154872e+42  1.1002293119889338e+43 
  53887.17630158646  1269012251741824.5  2197000219702488.2  4769740936897015.0   4329.003368082923    6417.91375829623   8876.871535044145  3.1882991597755245e+42   7.421254395727217e+42  1.0796618104746923e+43 
  53889.89030524812  1254000022532233.5  2161684463197768.8  4719559095116214.0   4329.003368082923    6417.91375829623   8876.871535044145   3.107632758363829e+42   7.204671341177035e+42  1.0595468285459411e+43 
  53892.60430890977  1239764449917277.8  2133709878884143.5  4670145590146626.0   4329.003368082923    6417.91375829623   8876.871535044145  3.0338871581031035e+42   7.002527302946015e+42  1.0398709107328036e+43 
  53895.31831257143  1226489026242576.8  2107554391232157.2  4621486367839776.0   4329.003368082923    6417.91375829623   8876.871535044145   2.972513889313844e+42   6.833547431782148e+42  1.0206220048176387e+43 
  53898.03231623308  1213412699401478.0  2081909260335919.5  4573567103766840.0   4329.003368082923    6417.91375829623   8876.871535044145  2.9129852029099093e+42   6.669271547894113e+42  1.0017878082627235e+43 
  53900.74631989474  1200530311218987.0  2060131918407283.0  4526373979455381.0   4329.003368082923    6417.91375829623   8876.871535044145    2.85521598020658e+42   6.484624476990045e+42    9.83357035422263e+42 
  53903.46032355639  1187837885790176.5  2032987334439454.5  4479893503778639.0   4329.003368082923    6417.91375829623   8876.871535044145  2.7991347498370534e+42   6.296099336087045e+42   9.653184790909275e+42 
  53906.17432721805  1175330519640202.0  2006176569310388.2  4434112543200711.0   4329.003368082923    6417.91375829623   8876.871535044145  2.7333623789070368e+42   6.113309610157349e+42   9.476506785069729e+42 
   53908.8883308797  1163004224435678.8  1979828445481811.5  4389018155068720.5   4329.003368082923    6417.91375829623   8876.871535044145   2.659672696378367e+42   5.936084128294442e+42   9.292341694410486e+42 
 53911.602334541356  1150854676732442.8  1953933248748089.0  4344597953125263.0   4329.003368082923    6417.91375829623   8876.871535044145  2.5883449152748347e+42   5.764254186107112e+42   9.112042927745403e+42 
  53914.31633820301  1138878073366190.5  1928480503446497.5  4300839479772062.0   4329.003368082923    6417.91375829623   8876.871535044145  2.5155677617927635e+42   5.597656433794618e+42   8.935519669036073e+42 
 53917.030341864665  1127070561665767.0  1909665692440654.8  4257730522330379.0   4329.003368082923    6417.91375829623   8876.871535044145   2.435222860804191e+42   5.447232677382595e+42   8.762684648220552e+42 
  53919.74434552631  1115428228893259.5  1891554913773300.0  4215259128420723.5   4329.003368082923    6417.91375829623   8876.871535044145  2.3590727275695886e+42   5.317109773762966e+42    8.60024277999447e+42 
  53922.45834918797  1101252538862438.8  1873648622206365.0  4173413717420878.0   4329.003368082923    6417.91375829623   8876.871535044145  2.2855548181018812e+42  5.1905137628219916e+42   8.444996868608263e+42 
  53925.17235284962  1086102270505410.8  1855943571224137.0  4131754290564987.5   4329.003368082923    6417.91375829623   8876.871535044145   2.214570671540666e+42   5.067341926620309e+42   8.293111106157012e+42 
  53927.88635651128  1071234107490197.6  1838436190890647.0  4085955273114016.0   4329.003368082923    6417.91375829623   8876.871535044145   2.146024541767285e+42   4.928388929418803e+42   8.144498843430713e+42 
  53930.60036017293  1056641642998748.4  1821123295903539.5  4040863069971181.0   4329.003368082923    6417.91375829623   8876.871535044145   2.080352480257266e+42   4.791039414728568e+42   7.999075862816228e+42 
  53933.31436383459  1042318782055365.9  1804001576256673.2  3996465228287399.5   4329.003368082923    6417.91375829623   8876.871535044145   2.027170071255634e+42   4.657852562964104e+42   7.856761358164618e+42 
  53936.02836749624  1028258024699909.6  1787064467038704.2  3952740813399109.5   4329.003368082923    6417.91375829623   8876.871535044145   1.970003631660604e+42  4.5286398157491345e+42    7.71741806949774e+42 
 53938.742371157896  1014454429273100.9  1767321957668420.5  3909701223707706.0   4329.003368082923    6417.91375829623   8876.871535044145  1.9088870353626557e+42  4.4036559867358395e+42   7.581132138736604e+42 
  53941.45637481955  1000905505918446.4  1747601938816650.5  3860077794895044.5   4329.003368082923    6417.91375829623   8876.871535044145   1.849883568997504e+42    4.29136371951461e+42   7.435360299949137e+42 
 53944.170378481205   987602248244995.0  1728171908614257.2  3810405630939742.5   4329.003368082923    6417.91375829623   8876.871535044145   1.792912538061284e+42   4.182145668306069e+42   7.275361923250383e+42 
  53946.88438214286   974539689366438.4  1709026682648945.0  3761592978968644.5   4329.003368082923    6417.91375829623   8876.871535044145    1.73832036409598e+42  4.0759182697853055e+42    7.11529668257962e+42 
 53949.598385804515   961711574717937.4  1690160839964618.0  3713622848264524.0   4329.003368082923    6417.91375829623   8876.871535044145  1.6859044095518063e+42   3.972600195445999e+42   6.976499385874174e+42 
  53952.31238946616   949113863268001.4  1671568597277885.5  3666478275311520.0   4329.003368082923    6417.91375829623   8876.871535044145  1.6404843595335795e+42   3.872106207161726e+42   6.857482680447404e+42 
  53955.02639312782   936740860931567.8  1651312246220933.5  3620142682453650.5   4329.003368082923    6417.91375829623   8876.871535044145     1.6077981028893e+42   3.774358937869915e+42   6.733701198825591e+42 
  53957.74039678947   924588362063469.4  1629697452916496.0  3574599849632290.5   4329.003368082923    6417.91375829623   8876.871535044145   1.576685183069379e+42   3.679280665545091e+42   6.606434382710234e+42 
 53960.454400451126   913301240134136.0  1608448873360147.5  3529833762415669.0   4329.003368082923    6417.91375829623   8876.871535044145   1.546285821258192e+42   3.588855060291871e+42   6.470234301106964e+42 
  53963.16840411278   902777060998145.8  1587559459744854.0  3485828752169284.5   4329.003368082923    6417.91375829623   8876.871535044145   1.516578807764962e+42   3.510320130373441e+42   6.344788925280378e+42 
 53965.882407774436   893791714685093.1  1567022345155013.0  3442569555719235.5   4329.003368082923    6417.91375829623   8876.871535044145  1.4821676639156973e+42  3.4338416134372695e+42   6.232785915163193e+42 
  53968.59641143609   885056903038516.4  1546830733893409.5  3400041146646951.5   4329.003368082923    6417.91375829623   8876.871535044145  1.4486569200360506e+42  3.3593558461864346e+42   6.114812685020776e+42 
 53971.310415097745   876465803017210.5  1526977979944339.8  3366187577492537.5   4329.003368082923    6417.91375829623   8876.871535044145   1.421981064576889e+42  3.2868048265877234e+42   6.010761309170228e+42 
   53974.0244187594   868498886285467.5  1509855607350872.0  3330408630483633.5   4329.003368082923    6417.91375829623   8876.871535044145  1.3960853982789214e+42   3.216130290014513e+42    5.90087011964214e+42 
 53976.738422421055   860899060569584.9  1493692466960421.2  3301944991244802.5   4329.003368082923    6417.91375829623   8876.871535044145  1.3707578166480826e+42  3.1472768545701016e+42   5.790196515561217e+42 
  53979.45242608271   853392658582601.5  1475514229642019.0  3274210309760214.5   4329.003368082923    6417.91375829623   8876.871535044145  1.3421332471022864e+42   3.083031036586215e+42   5.681684440273444e+42 
 53982.166429744364   845978005880283.5  1458819992540904.0  3239540838478947.0   4329.003368082923    6417.91375829623   8876.871535044145  1.3094892067425006e+42   3.031113499269648e+42   5.575290714367002e+42 
  53984.88043340601   838653398522466.9  1443125832109513.0  3202142249823094.5   4329.003368082923    6417.91375829623   8876.871535044145  1.2793391494772257e+42   2.974276677146338e+42  5.4709731623119923e+42 
 53987.594437067666   830422877918901.9  1428333811138288.5  3163346285805081.5   4329.003368082923    6417.91375829623   8876.871535044145  1.2510811803046785e+42  2.9124096756852615e+42   5.368690556530252e+42 
  53990.30844072932   819930038566107.1  1414458805631399.5  3125120870911769.0   4329.003368082923    6417.91375829623   8876.871535044145   1.227086589929453e+42  2.8520723748931655e+42  5.2684034580607164e+42 
 53993.022444390976   809610434753807.4  1400774806655680.5  3087456981170871.5   4329.003368082923    6417.91375829623   8876.871535044145  1.2046481702981532e+42  2.7932210511141506e+42   5.170071811782376e+42 
  53995.73644805263   799460400914467.1  1386016943289504.0  3050345603872848.5   4329.003368082923    6417.91375829623   8876.871535044145  1.1827038121759142e+42   2.735813249948964e+42   5.073656961236581e+42 
 53998.450451714285   789476437719372.4  1369802931087500.8  3013803521590300.5   4329.003368082923    6417.91375829623   8876.871535044145  1.1617660452092455e+42  2.6798080262300982e+42   4.978488002826586e+42 
  54001.16445537594   779655113276021.5  1353853077064582.8  2982462270431920.0   4329.003368082923    6417.91375829623   8876.871535044145  1.1420244224156556e+42  2.6251659985801953e+42   4.882732075376016e+42 
 54003.878459037594   769993209086442.1  1338815891617127.5  2951559652801214.5   4329.003368082923    6417.91375829623   8876.871535044145    1.11987722102987e+42   2.571848714092349e+42   4.788849428785756e+42 
  54006.59246269925   760487364010895.5  1324902743073000.0  2921086368445034.5   4329.003368082923    6417.91375829623   8876.871535044145  1.0943307722456786e+42  2.5149562487527945e+42   4.696805021894051e+42 
 54009.306466360904   751132182472074.1  1311168823911609.0  2891033981584300.0   4329.003368082923    6417.91375829623   8876.871535044145  1.0711130417947715e+42  2.4555067650392173e+42  4.6065380035952304e+42 
  54012.02047002256   741930390650787.8  1297620538157708.0  2861408387428320.5   4329.003368082923    6417.91375829623   8876.871535044145  1.0484831438003768e+42  2.3976619495238904e+42   4.519541539161907e+42 
  54014.73447368421   732874533746712.1  1284248418168700.5  2832189553097139.5   4329.003368082923    6417.91375829623   8876.871535044145  1.0264285125616802e+42   2.341369938772814e+42  4.4364802894860905e+42 
  54017.44847734587   723962349173116.1  1271049684589231.5  2803373268374650.0   4329.003368082923    6417.91375829623   8876.871535044145  1.0049298833533191e+42  2.2838533753037584e+42  4.3526235750554156e+42 
 54020.162481007515   715190941308027.0  1258021941692804.0  2777553890480813.5   4329.003368082923    6417.91375829623   8876.871535044145   9.839710109693375e+41  2.2258566447835793e+42  4.2703882594422037e+42 
  54022.87648466917   706557874849628.4  1245162773605139.5  2758219220780246.0   4329.003368082923    6417.91375829623   8876.871535044145    9.63536320917749e+41  2.1694531604696745e+42  4.1897466943011945e+42 
 54025.590488330825   698060384700788.6  1232469518508530.5  2739103738068999.0   4329.003368082923    6417.91375829623   8876.871535044145   9.436103162463523e+41   2.114597679779546e+42  4.1116666815306557e+42 
  54028.30449199248   689695811584400.1  1219939543431872.5  2720203994577106.0   4329.003368082923    6417.91375829623   8876.871535044145   9.241782049556578e+41  2.0612458866836284e+42    4.03762662204129e+42 
 54031.018495654134   681614908426385.1  1207570255174339.5  2701516760688688.0   4329.003368082923    6417.91375829623   8876.871535044145   9.052257436069074e+41   2.013674160284774e+42  3.9663932834432705e+42 
  54033.73249931579   673813874281339.0  1195359158153621.0  2683038827550249.0   4329.003368082923    6417.91375829623   8876.871535044145   8.867392575931202e+41  1.9739405406449812e+42   3.901568237490884e+42 
 54036.446502977444   666117676662708.1  1183303869920890.2  2664767005890885.0   4329.003368082923    6417.91375829623   8876.871535044145   8.687051495270876e+41  1.9351800043394645e+42   3.842550794640173e+42 
   54039.1605066391   658923940679245.9  1171401949626948.2  2646698223239331.5   4329.003368082923    6417.91375829623   8876.871535044145    8.51110739147532e+41  1.8973660197420562e+42   3.783386723569758e+42 
  54041.87451030075   651853768725718.0  1159651080936920.5  2628829418983620.0   4329.003368082923    6417.91375829623   8876.871535044145   8.339435384057304e+41   1.860472499350659e+42   3.721459815247324e+42 
  54044.58851396241   644869113761214.1  1148465426291568.8  2611157612025388.0   4329.003368082923    6417.91375829623   8876.871535044145   8.171914588574503e+41  1.8236160070065368e+42  3.6602964733762234e+42 
  54047.30251762406   637969003255285.8  1138091821727578.5  2593679899334108.0   4329.003368082923    6417.91375829623   8876.871535044145   7.970783392435581e+41  1.7780057499989955e+42   3.606726448895776e+42 
  54050.01652128572   631152488247191.2  1127828694463595.2  2576393422469424.5   4329.003368082923    6417.91375829623   8876.871535044145    7.77189913036981e+41  1.7335999402006072e+42   3.553129356786784e+42 
 54052.730524947365   624418628161825.8  1118329460714497.4  2559295399406251.0   4329.003368082923    6417.91375829623   8876.871535044145   7.578812632269285e+41  1.6903663662175116e+42   3.496956911759665e+42 
  54055.44452860902   617784298833069.9  1109566443719859.8  2542383067767631.5   4329.003368082923    6417.91375829623   8876.871535044145   7.391333394449145e+41  1.6525166440374788e+42   3.441826163140414e+42 
 54058.158532270674   611345853355319.9  1100894276565637.0  2523292161283559.5   4329.003368082923    6417.91375829623   8876.871535044145   7.209277838956848e+41  1.6215531208657717e+42   3.385856602376505e+42 
  54060.87253593233   604991298476108.1  1092311745527182.2  2504136184865959.0   4329.003368082923    6417.91375829623   8876.871535044145   7.032469042661175e+41  1.5912885663983043e+42  3.3263829623103705e+42 
  54063.58653959398   598719441065768.4  1083817644768043.0  2481057047978858.5   4329.003368082923    6417.91375829623   8876.871535044145   6.860736832410817e+41   1.561705435469093e+42   3.268018167015763e+42 
  54066.30054325564   592529106077482.6  1075410807164320.5  2458188825524387.5   4329.003368082923    6417.91375829623   8876.871535044145  6.6939166364708405e+41  1.5327866641534105e+42   3.212777831429446e+42 
  54069.01454691729   586419136267022.1  1067090181764420.2  2433221143302368.0   4329.003368082923    6417.91375829623   8876.871535044145   6.531849816434277e+41  1.5027804326832032e+42   3.160924811166379e+42 
  54071.72855057895   580388388853109.1  1058854540541873.5  2406116284499623.5   4329.003368082923    6417.91375829623   8876.871535044145   6.374383429618475e+41  1.4665970899101728e+42   3.109968447107954e+42 
   54074.4425542406   574435737128285.4  1050702769376689.1  2378869257825261.0   4329.003368082923    6417.91375829623   8876.871535044145   6.221370079555807e+41  1.4313458311403794e+42   3.059891813583102e+42 
  54077.15655790226   568560073363316.2  1042633814377123.5  2352013875472021.5   4329.003368082923    6417.91375829623   8876.871535044145   6.072667597283387e+41  1.3970020219031276e+42   3.008264462703413e+42 
  54079.87056156391  562760323197646.25  1034646594247019.5  2325543898131647.5   4329.003368082923    6417.91375829623   8876.871535044145   5.928138854281665e+41   1.369290697934652e+42   2.957258250501551e+42 
  54082.58456522557   557035416443078.7  1025714891487313.2  2299453189435169.0   4329.003368082923    6417.91375829623   8876.871535044145   5.787651535825485e+41  1.3429339864668144e+42   2.907155908549409e+42 
  54085.29856888722   551384262104369.2  1015542305022833.2  2273735710827135.5   4329.003368082923    6417.91375829623   8876.871535044145  5.6510779762404795e+41  1.3171885787229642e+42   2.857940520702157e+42 
  54088.01257254887  545805817240873.06  1005482786230822.2  2248385522909809.5   4329.003368082923    6417.91375829623   8876.871535044145   5.518294981545031e+41  1.2920390513974224e+42  2.8095955237843267e+42 
  54090.72657621052  540299054120968.06   995535266725017.4  2223396784316431.0   4329.003368082923    6417.91375829623   8876.871535044145   5.389183653329583e+41   1.273519265618566e+42   2.762323397119865e+42 
  54093.44057987218  534862952660682.06   985698682262342.2  2198763779745295.2   4329.003368082923    6417.91375829623   8876.871535044145   5.263629224752416e+41  1.2565753506279506e+42  2.7187773993935336e+42 
  54096.15458353383  529496520682798.44   975971597017873.8  2174477830031404.2   4329.003368082923    6417.91375829623   8876.871535044145   5.141494124458008e+41   1.239916481837246e+42  2.6759970811628152e+42 
  54098.86858719549   524828842041894.2   966352249885009.5  2150540674955013.0   4329.003368082923    6417.91375829623   8876.871535044145   5.022746962783994e+41  1.2210897886355636e+42   2.633981063827791e+42 
  54101.58259085714   520223951946090.7   956843197003297.0  2126942472594610.5   4329.003368082923    6417.91375829623   8876.871535044145   4.907217899415985e+41  1.2013260641205142e+42  2.5927130968715625e+42 
   54104.2965945188  515675206506877.75   947440363916616.5  2103677111542902.5   4329.003368082923    6417.91375829623   8876.871535044145   4.794821094085449e+41  1.1819645549335276e+42  2.5521705507260938e+42 
  54107.01059818045   511181746438683.5   938142875892596.5  2080739817408964.0   4329.003368082923    6417.91375829623   8876.871535044145   4.685463650410866e+41   1.162996373729689e+42  2.5099513483996983e+42 
  54109.72460184211   506742738992884.4   928949981343942.0  2058125634708450.5   4329.003368082923    6417.91375829623   8876.871535044145   4.579052887374867e+41  1.1444117706097313e+42  2.4677389194778155e+42 
  54112.43860550376   502357367018206.6   919860626292159.1  2035829463297730.0   4329.003368082923    6417.91375829623   8876.871535044145    4.47893666972685e+41  1.1262013447229169e+42  2.4262966374528922e+42 
 54115.152609165416   498024806565699.9   911741966172415.0  2013846299973751.5   4329.003368082923    6417.91375829623   8876.871535044145  4.3822298158550276e+41  1.1083559445683589e+42  2.3829526459975315e+42 
  54117.86661282707   494021388899955.0   903886105636781.8  1991596720264053.2   4329.003368082923    6417.91375829623   8876.871535044145   4.288033582944837e+41  1.0875990249507131e+42  2.3395047421416603e+42 
  54120.58061648872  490078657886004.94   896113773832610.0  1969591399241216.5   4329.003368082923    6417.91375829623   8876.871535044145   4.196273073159155e+41  1.0654340678161339e+42  2.2969128009668236e+42 
  54123.29462015037   486178427376558.9   887076486904167.2  1947886464455032.8   4329.003368082923    6417.91375829623   8876.871535044145   4.106875889322884e+41  1.0449661989308147e+42  2.2513027045021336e+42 
  54126.00862381203   482320146084179.8   878077910670498.6  1926477549120047.5   4329.003368082923    6417.91375829623   8876.871535044145  4.0197720556346695e+41  1.0271033172002974e+42  2.2065728878977758e+42 
  54128.72262747368   478503260650650.5   869189605354250.1  1905360350546232.0   4329.003368082923    6417.91375829623   8876.871535044145   3.934893928869854e+41  1.0087169803004955e+42   2.167589212000652e+42 
  54131.43663113534  474727212376060.56   861533961703298.2  1884530628630153.5   4329.003368082923    6417.91375829623   8876.871535044145   3.852176102239477e+41   9.909796081704053e+41  2.1281407088052735e+42 
  54134.15063479699   470991466662024.9   854595649013818.5  1863984195861417.0   4329.003368082923    6417.91375829623   8876.871535044145   3.771555323725625e+41    9.74014813164472e+41   2.089454188975453e+42 
  54136.86463845865   467295498115544.1   847725499648311.2  1843716931784108.2   4329.003368082923    6417.91375829623   8876.871535044145  3.6929704176824176e+41   9.527844852028559e+41  2.0488517416691363e+42 
   54139.5786421203  463638790467471.25   840922875207799.5  1823724758213479.5   4329.003368082923    6417.91375829623   8876.871535044145   3.616362209551933e+41   9.320641340997391e+41  2.0089682810659357e+42 
 54142.292645781956   459278612686522.2   834187135660270.0  1804003669969881.8   4329.003368082923    6417.91375829623   8876.871535044145   3.541673453564985e+41   9.122181989754318e+41   1.969889989978176e+42 
  54145.00664944361  454946395040504.44   827517650316697.0  1784549709985141.2   4329.003368082923    6417.91375829623   8876.871535044145   3.468848763298242e+41   8.970508895157291e+41   1.931601075304113e+42 
 54147.720653105265   450673426246027.3   820913794855778.5  1765358981893820.0   4329.003368082923    6417.91375829623   8876.871535044145    3.39783454496499e+41   8.822110105988931e+41  1.8940860314618066e+42 
  54150.43465676692   446458666459446.2   814374943967773.5  1746427645149609.0   4329.003368082923    6417.91375829623   8876.871535044145  3.3285789333618715e+41   8.676906615552864e+41  1.8625819048394977e+42 
 54153.148660428575  442301097482740.06   807900483802023.2  1727751914739856.5   4329.003368082923    6417.91375829623   8876.871535044145  3.2622067390598946e+41   8.542457829319855e+41  1.8321165558844125e+42 
  54155.86266409022   437759765274109.0   801489823813817.8  1709328060203724.0   4329.003368082923    6417.91375829623   8876.871535044145  3.2004978641016526e+41   8.417786123156665e+41  1.8022160900872682e+42 
  54158.57666775188   433050197029916.6   795142329431123.2  1691152439933290.2   4329.003368082923    6417.91375829623   8876.871535044145   3.140227107380842e+41   8.241438077906549e+41  1.7723926002093737e+42 
  54161.29067141353  428400749574479.94   788857395801342.0  1673221416707588.5   4329.003368082923    6417.91375829623   8876.871535044145  3.0823546181994996e+41   8.069319149076937e+41   1.742427103258973e+42 
 54164.004675075186  423810630716215.25   782414268770371.5  1655531395531133.8   4329.003368082923    6417.91375829623   8876.871535044145  3.0258409158646758e+41   7.901319092634562e+41  1.7130206767912902e+42 
  54166.71867873684   419374944868745.2   775932171133431.5  1642416331535658.8   4329.003368082923    6417.91375829623   8876.871535044145   2.970597126138756e+41   7.737330845323918e+41  1.6841625414787098e+42 
 54169.432682398496   415282934262334.4   769518770351766.0  1629983063837097.8   4329.003368082923    6417.91375829623   8876.871535044145  2.9165897831215555e+41   7.586977161409768e+41    1.65584212478952e+42 
  54172.14668606015   410682052242905.5   763173312891266.5  1617682827783413.2   4329.003368082923    6417.91375829623   8876.871535044145  2.8637863726714792e+41   7.453196739405509e+41  1.6280491056751682e+42 
 54174.860689721805   406044745724601.0   756895056245418.1  1605513809978987.0   4329.003368082923    6417.91375829623   8876.871535044145   2.812155430515787e+41    7.32229938632987e+41  1.6007732667204813e+42 
  54177.57469338346   401469023604438.7   751010892180518.6  1593474229525350.2   4329.003368082923    6417.91375829623   8876.871535044145   2.761666428884332e+41    7.19421450029983e+41  1.5740046267011024e+42 
 54180.288697045115  396954052119273.25   745691818983239.2  1581562340977534.5   4329.003368082923    6417.91375829623   8876.871535044145  2.7122897452597573e+41    7.05606600359044e+41  1.5477334043507342e+42 
  54183.00270070677  392499008552993.94   740425930723786.8  1569776435852799.2   4329.003368082923    6417.91375829623   8876.871535044145  2.6639966325163017e+41   6.910615716939318e+41  1.5219500530312984e+42 
 54185.716704368424  388103083501495.06   735212565979840.8  1557119711799614.2   4329.003368082923    6417.91375829623   8876.871535044145  2.6167592129383658e+41   6.768594803777085e+41  1.4966451079356562e+42 
  54188.43070803007  383765481489033.75   730051067627666.8  1544224457439571.5   4329.003368082923    6417.91375829623   8876.871535044145   2.570550416803223e+41   6.629915659225128e+41  1.4711026436286405e+42 
 54191.144711691726  379485409080234.94   724923768561648.6  1531483134383196.8   4329.003368082923    6417.91375829623   8876.871535044145  2.5253439169251936e+41  6.5255006867874946e+41  1.4457212242913866e+42 
  54193.85871535338   375262076460917.7   719402073674266.9  1518893434499903.0   4329.003368082923    6417.91375829623   8876.871535044145  2.4811141819143763e+41   6.433616674102598e+41  1.4208107170584845e+42 
 54196.572719015036   371094711585715.0   713943069686267.5  1506453091230656.8   4329.003368082923    6417.91375829623   8876.871535044145  2.4378364283132164e+41  6.3301953029519526e+41  1.3963623617082716e+42 
  54199.28672267669   367444098785751.8   708545814271725.8  1495544404625863.5   4329.003368082923    6417.91375829623   8876.871535044145  2.3954866415911965e+41   6.207668668669522e+41  1.3723675556060727e+42 
 54202.000726338345   364125484382245.6   703209381783670.5  1486311084716801.2   4329.003368082923    6417.91375829623   8876.871535044145  2.3540414027619437e+41  6.0879263747095425e+41  1.3488178508424064e+42 
        54204.71473  360928099277188.56   697932865184054.0  1477150493866359.0   4329.003368082923    6417.91375829623   8876.871535044145  2.3134780037598536e+41   5.970898361308481e+41  1.3257049514325636e+42 
