# Wavelength Flux
# STATUS = PUBLIC
# OBJECT = SNLS07D2bv
# TELESCOPE =
# INSTRUMENT =
# DATE-OBS =
# MJD =
# EXPTIME =
# SLIT =
# DISPERSER =
# SOURCE =
# FILTER =
# FLUX_STANDARD =
# EXTINCTION_CORRECTED =
# PHOTOMETRY_CALIBRATED =
# FLUX_UNITS =
# QUALITY =
# MIN_WAVE =
# MAX_WAVE =
# COMMENT =
4200.7678810798 -3.249442e-18
4203.41678539506 -4.078124e-18
4206.06568971031 -6.238971e-19
4208.71459402556 -4.337138e-18
4211.36349834081 -3.628279e-18
4214.01240265607 1.735239e-18
4216.66130697132 -2.09798e-18
4219.31021128657 -1.827823e-18
4221.95911560182 1.841948e-18
4224.60801991707 6.908742e-19
4227.25692423233 1.650556e-19
4229.90582854758 3.955798e-19
4232.55473286283 1.899771e-19
4235.20363717808 -3.55423e-19
4237.85254149334 -5.475162e-19
4240.50144580859 -3.793866e-20
4243.15035012384 7.624931e-19
4245.79925443909 -4.344642e-19
4248.44815875435 -1.040515e-18
4251.0970630696 -6.619037e-19
4253.74596738485 -1.370359e-18
4256.3948717001 -7.322723e-19
4259.04377601535 2.747537e-19
4261.69268033061 -1.76291e-19
4264.34158464586 7.871189e-19
4266.99048896111 8.501818e-19
4269.63939327636 -1.657868e-19
4272.28829759162 -1.129789e-18
4274.93720190687 -1.143049e-18
4277.58610622212 2.679469e-19
4280.23501053737 -3.398617e-19
4282.88391485263 -1.875126e-19
4285.53281916788 -2.363917e-19
4288.18172348313 1.710801e-19
4290.83062779838 1.120291e-18
4293.47953211363 -1.288304e-19
4296.12843642889 5.268059e-19
4298.77734074414 3.898397e-19
4301.42624505939 -4.058316e-19
4304.07514937464 -8.681037e-19
4306.7240536899 -9.821147e-19
4309.37295800515 2.439428e-19
4312.0218623204 5.952579e-19
4314.67076663565 3.788557e-19
4317.31967095091 -1.282236e-19
4319.96857526616 -2.110043e-19
4322.61747958141 -7.616441e-20
4325.26638389666 4.775742e-19
4327.91528821192 5.447846e-19
4330.56419252717 1.075141e-19
4333.21309684242 1.022458e-19
4335.86200115767 2.658778e-19
4338.51090547292 9.185103e-19
4341.15980978818 2.525394e-19
4343.80871410343 6.54453e-21
4346.45761841868 6.261827e-19
4349.10652273393 7.690786e-19
4351.75542704919 1.051849e-18
4354.40433136444 -6.445797e-20
4357.05323567969 -1.591022e-19
4359.70213999494 5.091875e-19
4362.3510443102 4.535401e-19
4364.99994862545 4.870806e-19
4367.6488529407 2.364117e-19
4370.29775725595 1.780724e-19
4372.9466615712 2.610319e-19
4375.59556588646 -3.055627e-20
4378.24447020171 4.403938e-19
4380.89337451696 3.343158e-19
4383.54227883221 1.251919e-19
4386.19118314747 -4.8073e-21
4388.84008746272 2.802575e-19
4391.48899177797 4.137783e-19
4394.13789609322 4.673443e-19
4396.78680040848 -8.276299e-20
4399.43570472373 9.560128e-20
4402.08460903898 2.607149e-19
4404.73351335423 1.114987e-19
4407.38241766948 2.476863e-19
4410.03132198474 4.770572e-19
4412.68022629999 7.806603e-20
4415.32913061524 2.191083e-20
4417.97803493049 3.867719e-19
4420.62693924575 3.401408e-19
4423.275843561 9.990719e-20
4425.92474787625 3.06377e-19
4428.5736521915 9.701398e-20
4431.22255650676 1.975286e-19
4433.87146082201 9.204275e-20
4436.52036513726 -9.169293e-20
4439.16926945251 1.136078e-19
4441.81817376776 3.438967e-20
4444.46707808302 2.783492e-19
4447.11598239827 -2.673924e-19
4449.76488671352 3.667728e-20
4452.41379102877 3.330901e-19
4455.06269534402 6.187148e-20
4457.71159965928 1.271186e-19
4460.36050397453 5.936933e-19
4463.00940828978 7.302774e-19
4465.65831260503 4.976828e-20
4468.30721692029 2.076314e-19
4470.95612123554 3.197654e-19
4473.60502555079 1.142303e-19
4476.25392986604 1.309457e-19
4478.9028341813 5.689814e-20
4481.55173849655 1.262657e-19
4484.2006428118 7.31868e-20
4486.84954712705 -1.345642e-19
4489.49845144231 1.858996e-19
4492.14735575756 5.495313e-19
4494.79626007281 3.821902e-19
4497.44516438806 4.424545e-19
4500.09406870331 2.259855e-19
4502.74297301857 3.46983e-19
4505.39187733382 4.149992e-19
4508.04078164907 6.371828e-19
4510.68968596432 7.356548e-19
4513.33859027957 4.690527e-19
4515.98749459483 2.536749e-19
4518.63639891008 1.723499e-19
4521.28530322533 -1.891207e-19
4523.93420754059 1.311671e-19
4526.58311185584 4.133344e-19
4529.23201617109 8.297543e-20
4531.88092048634 9.052356e-20
4534.52982480159 9.610155e-20
4537.17872911685 1.60995e-19
4539.8276334321 2.043221e-19
4542.47653774735 1.381666e-19
4545.1254420626 -5.948096e-20
4547.77434637786 2.923993e-19
4550.42325069311 -1.382418e-19
4553.07215500836 3.227499e-19
4555.72105932361 2.60877e-19
4558.36996363886 2.582704e-19
4561.01886795412 6.046313e-19
4563.66777226937 1.802065e-19
4566.31667658462 1.394541e-19
4568.96558089987 5.37652e-19
4571.61448521513 6.735383e-20
4574.26338953038 1.793444e-19
4576.91229384563 8.685211e-19
4579.56119816088 8.511455e-19
4582.21010247614 4.380475e-19
4584.85900679139 -1.317248e-19
4587.50791110664 5.545668e-19
4590.15681542189 3.428904e-19
4592.80571973715 5.240885e-19
4595.4546240524 3.319458e-20
4598.10352836765 4.839881e-19
4600.7524326829 2.859962e-19
4603.40133699815 3.148936e-19
4606.05024131341 3.359767e-19
4608.69914562866 4.364905e-19
4611.34804994391 3.758069e-19
4613.99695425916 2.440346e-19
4616.64585857442 4.53946e-19
4619.29476288967 5.558721e-19
4621.94366720492 3.167888e-19
4624.59257152017 2.488905e-19
4627.24147583543 3.503809e-19
4629.89038015068 4.80535e-19
4632.53928446593 3.430149e-19
4635.18818878118 -1.317528e-19
4637.83709309644 5.481084e-19
4640.48599741169 6.152912e-19
4643.13490172694 1.349743e-19
4645.78380604219 4.881285e-19
4648.43271035744 4.519197e-19
4651.08161467269 4.267282e-19
4653.73051898795 1.67547e-19
4656.3794233032 4.785414e-19
4659.02832761845 5.813973e-19
4661.67723193371 9.378047e-19
4664.32613624896 8.174841e-19
4666.97504056421 3.945892e-19
4669.62394487946 1.34257e-19
4672.27284919471 3.243008e-19
4674.92175350997 2.736341e-19
4677.57065782522 1.040874e-19
4680.21956214047 3.196045e-19
4682.86846645572 2.278844e-19
4685.51737077098 2.799625e-19
4688.16627508623 4.195259e-19
4690.81517940148 6.805919e-19
4693.46408371673 3.35957e-19
4696.11298803198 2.327766e-19
4698.76189234724 2.193361e-19
4701.41079666249 1.093402e-19
4704.05970097774 2.906095e-19
4706.70860529299 4.627452e-19
4709.35750960825 8.484035e-19
4712.0064139235 4.020306e-19
4714.65531823875 4.630943e-19
4717.304222554 7.362974e-19
4719.95312686926 6.447903e-19
4722.60203118451 3.77182e-20
4725.25093549976 2.149272e-19
4727.89983981501 5.369008e-19
4730.54874413026 6.586085e-19
4733.19764844552 4.683215e-19
4735.84655276077 4.816295e-19
4738.49545707602 1.951013e-19
4741.14436139127 4.159106e-19
4743.79326570653 4.75769e-19
4746.44217002178 2.122101e-19
4749.09107433703 -2.715686e-19
4751.73997865228 1.406914e-19
4754.38888296754 4.938809e-19
4757.03778728279 8.617671e-19
4759.68669159804 7.521863e-19
4762.33559591329 4.267383e-19
4764.98450022855 4.79753e-19
4767.6334045438 2.874461e-19
4770.28230885905 5.46071e-20
4772.9312131743 3.675193e-19
4775.58011748955 1.959516e-19
4778.22902180481 2.349388e-19
4780.87792612006 4.341678e-19
4783.52683043531 6.026784e-19
4786.17573475056 3.967961e-19
4788.82463906582 3.291767e-19
4791.47354338107 5.462125e-19
4794.12244769632 3.125368e-19
4796.77135201157 2.210456e-19
4799.42025632682 8.063109e-19
4802.06916064208 8.279118e-19
4804.71806495733 7.483928e-19
4807.36696927258 5.251549e-19
4810.01587358783 6.658471e-19
4812.66477790309 7.365562e-19
4815.31368221834 4.975129e-19
4817.96258653359 5.190077e-19
4820.61149084884 4.867526e-19
4823.2603951641 2.941377e-19
4825.90929947935 1.785713e-19
4828.5582037946 5.28169e-19
4831.20710810985 6.688722e-19
4833.8560124251 5.966491e-19
4836.50491674036 3.835485e-19
4839.15382105561 6.18286e-19
4841.80272537086 4.78474e-19
4844.45162968611 4.373078e-19
4847.10053400137 2.927629e-19
4849.74943831662 2.360451e-19
4852.39834263187 4.131172e-19
4855.04724694712 2.930061e-19
4857.69615126238 6.218178e-19
4860.34505557763 2.272775e-19
4862.99395989288 9.920901e-20
4865.64286420813 5.315856e-19
4868.29176852338 5.030668e-19
4870.94067283864 5.031732e-19
4873.58957715389 5.550788e-20
4876.23848146914 3.000444e-20
4878.88738578439 3.796139e-19
4881.53629009965 3.469102e-19
4884.1851944149 1.210332e-19
4886.83409873015 4.428194e-19
4889.4830030454 2.085932e-19
4892.13190736066 1.30692e-19
4894.78081167591 3.443993e-19
4897.42971599116 2.585644e-19
4900.07862030641 1.643289e-19
4902.72752462167 3.097677e-19
4905.37642893692 3.443887e-19
4908.02533325217 5.310173e-19
4910.67423756742 4.677078e-19
4913.32314188267 5.055576e-19
4915.97204619793 2.191892e-19
4918.62095051318 2.449755e-19
4921.26985482843 3.071723e-19
4923.91875914368 3.438726e-19
4926.56766345893 4.231499e-19
4929.21656777419 4.92187e-19
4931.86547208944 2.599317e-19
4934.51437640469 2.64582e-19
4937.16328071995 3.692861e-19
4939.8121850352 1.609736e-19
4942.46108935045 1.831648e-19
4945.1099936657 4.164594e-19
4947.75889798095 2.740147e-19
4950.40780229621 4.379247e-19
4953.05670661146 4.307714e-19
4955.70561092671 3.463382e-19
4958.35451524196 2.36924e-19
4961.00341955722 4.042671e-19
4963.65232387247 3.228512e-19
4966.30122818772 6.011858e-19
4968.95013250297 4.351616e-19
4971.59903681822 4.573881e-19
4974.24794113348 4.343993e-19
4976.89684544873 1.718472e-19
4979.54574976398 6.450196e-19
4982.19465407923 3.677731e-19
4984.84355839449 3.863637e-20
4987.49246270974 2.161716e-19
4990.14136702499 3.479879e-19
4992.79027134024 2.457267e-19
4995.4391756555 1.850929e-19
4998.08807997075 1.381561e-19
5000.736984286 2.11625e-19
5003.38588860125 4.12097e-19
5006.03479291651 3.567126e-19
5008.68369723176 1.112913e-19
5011.33260154701 4.575131e-19
5013.98150586226 9.22896e-19
5016.63041017751 7.459302e-19
5019.27931449277 4.763839e-19
5021.92821880802 5.63543e-19
5024.57712312327 5.567398e-19
5027.22602743852 5.206274e-19
5029.87493175378 4.969995e-19
5032.52383606903 4.284452e-19
5035.17274038428 5.477593e-19
5037.82164469953 4.468203e-19
5040.47054901478 1.116681e-18
5043.11945333004 8.326878e-19
5045.76835764529 2.864383e-19
5048.41726196054 6.054481e-19
5051.06616627579 6.788303e-19
5053.71507059105 7.445835e-19
5056.3639749063 8.863642e-19
5059.01287922155 6.234494e-19
5061.6617835368 7.357446e-19
5064.31068785206 2.412683e-19
5066.95959216731 6.373427e-19
5069.60849648256 9.11378e-19
5072.25740079781 9.697299e-19
5074.90630511307 7.328545e-19
5077.55520942832 5.481247e-19
5080.20411374357 5.290796e-19
5082.85301805882 7.372791e-19
5085.50192237407 8.240223e-19
5088.15082668933 8.235063e-19
5090.79973100458 4.965355e-19
5093.44863531983 6.574207e-19
5096.09753963508 8.390494e-19
5098.74644395034 5.087396e-19
5101.39534826559 6.783787e-19
5104.04425258084 6.513561e-19
5106.69315689609 6.033e-19
5109.34206121134 1.029924e-18
5111.9909655266 9.908824e-19
5114.63986984185 4.978689e-19
5117.2887741571 6.49636e-19
5119.93767847235 6.924392e-19
5122.58658278761 8.029894e-19
5125.23548710286 8.095505e-19
5127.88439141811 6.591813e-19
5130.53329573336 7.235183e-19
5133.18220004862 1.013884e-18
5135.83110436387 1.004887e-18
5138.48000867912 1.113977e-18
5141.12891299437 1.242272e-18
5143.77781730963 8.87617e-19
5146.42672162488 1.096333e-18
5149.07562594013 9.779762e-19
5151.72453025538 8.703309e-19
5154.37343457063 8.487527e-19
5157.02233888589 6.607451e-19
5159.67124320114 8.721451e-19
5162.32014751639 9.508753e-19
5164.96905183164 9.95317e-19
5167.6179561469 9.602589e-19
5170.26686046215 9.194713e-19
5172.9157647774 8.167793e-19
5175.56466909265 6.085855e-19
5178.2135734079 7.696643e-19
5180.86247772316 6.874736e-19
5183.51138203841 6.110688e-19
5186.16028635366 5.105426e-19
5188.80919066891 6.188582e-19
5191.45809498417 9.559465e-19
5194.10699929942 6.937228e-19
5196.75590361467 7.849767e-19
5199.40480792992 9.104177e-19
5202.05371224518 8.724728e-19
5204.70261656043 7.766249e-19
5207.35152087568 1.004271e-18
5210.00042519093 9.050224e-19
5212.64932950619 7.906019e-19
5215.29823382144 8.889964e-19
5217.94713813669 6.224663e-19
5220.59604245194 7.94099e-19
5223.24494676719 1.134819e-18
5225.89385108244 1.132235e-18
5228.5427553977 1.055807e-18
5231.19165971295 1.050242e-18
5233.8405640282 1.057175e-18
5236.48946834346 1.030101e-18
5239.13837265871 7.901815e-19
5241.78727697396 8.490882e-19
5244.43618128921 1.0535e-18
5247.08508560447 8.399856e-19
5249.73398991972 1.047202e-18
5252.38289423497 7.249744e-19
5255.03179855022 8.649372e-19
5257.68070286547 1.092811e-18
5260.32960718073 1.221416e-18
5262.97851149598 9.985298e-19
5265.62741581123 5.658997e-19
5268.27632012648 6.18797e-19
5270.92522444173 8.403752e-19
5273.57412875699 1.08125e-18
5276.22303307224 1.322238e-18
5278.87193738749 1.106642e-18
5281.52084170275 1.083863e-18
5284.169746018 8.643244e-19
5286.81865033325 1.02885e-18
5289.4675546485 1.125102e-18
5292.11645896375 7.98981e-19
5294.76536327901 1.073926e-18
5297.41426759426 1.081881e-18
5300.06317190951 1.249898e-18
5302.71207622476 4.952384e-19
5305.36098054002 5.991982e-19
5308.00988485527 7.02926e-19
5310.65878917052 8.688587e-19
5313.30769348577 1.065253e-18
5315.95659780102 7.929742e-19
5318.60550211628 9.403455e-19
5321.25440643153 9.004585e-19
5323.90331074678 6.158287e-19
5326.55221506203 8.921271e-19
5329.20111937729 6.96589e-19
5331.85002369254 1.038253e-18
5334.49892800779 8.537181e-19
5337.14783232304 6.117226e-19
5339.79673663829 5.384114e-19
5342.44564095355 7.170262e-19
5345.0945452688 7.459836e-19
5347.74344958405 7.119074e-19
5350.3923538993 1.055524e-18
5353.04125821456 1.309839e-18
5355.69016252981 7.171213e-19
5358.33906684506 8.285541e-19
5360.98797116031 8.160678e-19
5363.63687547557 8.061211e-19
5366.28577979082 7.846542e-19
5368.93468410607 6.421572e-19
5371.58358842132 7.006076e-19
5374.23249273658 5.645181e-19
5376.88139705183 5.279232e-19
5379.53030136708 3.579215e-19
5382.17920568233 5.405681e-19
5384.82810999758 5.609838e-19
5387.47701431284 4.188531e-19
5390.12591862809 3.290576e-19
5392.77482294334 4.899233e-19
5395.42372725859 9.30706e-19
5398.07263157385 8.293634e-19
5400.7215358891 8.107429e-19
5403.37044020435 4.258369e-19
5406.0193445196 1.857407e-19
5408.66824883485 5.397044e-19
5411.31715315011 3.981295e-19
5413.96605746536 4.562189e-19
5416.61496178061 2.533063e-19
5419.26386609587 6.312416e-19
5421.91277041112 9.009966e-19
5424.56167472637 4.294763e-19
5427.21057904162 3.030862e-19
5429.85948335687 4.595376e-19
5432.50838767213 3.026103e-19
5435.15729198738 3.937281e-19
5437.80619630263 5.113412e-19
5440.45510061788 2.829323e-19
5443.10400493314 4.499277e-19
5445.75290924839 4.113473e-19
5448.40181356364 3.741584e-19
5451.05071787889 3.587793e-19
5453.69962219414 1.95168e-19
5456.3485265094 3.083419e-19
5458.99743082465 3.40671e-19
5461.6463351399 4.453001e-19
5464.29523945515 2.517933e-19
5466.94414377041 3.297353e-19
5469.59304808566 2.926441e-19
5472.24195240091 1.346689e-19
5474.89085671616 4.181037e-19
5477.53976103141 3.908253e-20
5480.18866534667 3.853573e-19
5482.83756966192 4.6859e-19
5485.48647397717 1.598406e-19
5488.13537829242 1.51568e-19
5490.78428260768 2.54384e-19
5493.43318692293 2.596619e-19
5496.08209123818 4.163374e-21
5498.73099555343 4.989894e-19
5501.37989986869 5.87465e-19
5504.02880418394 9.293837e-20
5506.67770849919 -1.004376e-19
5509.32661281444 1.269726e-19
5511.9755171297 2.53754e-19
5514.62442144495 3.486306e-19
5517.2733257602 1.18703e-19
5519.92223007545 3.137014e-19
5522.5711343907 1.543051e-19
5525.22003870596 2.799647e-19
5527.86894302121 3.875666e-19
5530.51784733646 2.995477e-19
5533.16675165171 1.234883e-20
5535.81565596697 2.151627e-19
5538.46456028222 2.935454e-19
5541.11346459747 2.866919e-19
5543.76236891272 5.184231e-20
5546.41127322798 3.809141e-19
5549.06017754323 2.964907e-19
5551.70908185848 1.254128e-19
5554.35798617373 2.221971e-19
5557.00689048899 2.383233e-19
5559.65579480424 8.77528e-20
5562.30469911949 3.125374e-20
5564.95360343474 6.288629e-20
5567.60250774999 -1.373474e-19
5570.25141206525 -3.492993e-19
5572.9003163805 -1.963832e-19
5575.54922069575 7.839714e-19
5578.198125011 1.1379e-18
5580.84702932625 1.657353e-18
5583.49593364151 3.021496e-19
5586.14483795676 6.43718e-19
5588.79374227201 4.573655e-19
5591.44264658726 3.87503e-19
5594.09155090252 7.591374e-19
5596.74045521777 6.278457e-19
5599.38935953302 6.148562e-19
5602.03826384827 3.849457e-19
5604.68716816353 5.416135e-19
5607.33607247878 6.284168e-19
5609.98497679403 6.370749e-19
5612.63388110928 4.800929e-19
5615.28278542454 5.316265e-19
5617.93168973979 5.034085e-19
5620.58059405504 4.734061e-19
5623.22949837029 6.666696e-19
5625.87840268554 7.352823e-19
5628.5273070008 5.361792e-19
5631.17621131605 8.266572e-19
5633.8251156313 3.622439e-19
5636.47401994655 5.859187e-19
5639.12292426181 8.215881e-19
5641.77182857706 7.035842e-19
5644.42073289231 9.006206e-19
5647.06963720756 5.748521e-19
5649.71854152282 7.236409e-19
5652.36744583807 8.254475e-19
5655.01635015332 4.653536e-19
5657.66525446857 3.910129e-19
5660.31415878382 5.35667e-19
5662.96306309908 5.015111e-19
5665.61196741433 4.944678e-19
5668.26087172958 4.394778e-19
5670.90977604483 5.264011e-19
5673.55868036009 7.348656e-19
5676.20758467534 7.284912e-19
5678.85648899059 6.670502e-19
5681.50539330584 6.635442e-19
5684.1542976211 8.294914e-19
5686.80320193635 8.116309e-19
5689.4521062516 8.196809e-19
5692.10101056685 7.741228e-19
5694.7499148821 7.314132e-19
5697.39881919736 5.996569e-19
5700.04772351261 3.241617e-19
5702.69662782786 6.924835e-19
5705.34553214311 1.11126e-18
5707.99443645837 7.461827e-19
5710.64334077362 8.266445e-19
5713.29224508887 9.64502e-19
5715.94114940412 8.331499e-19
5718.59005371937 8.25632e-19
5721.23895803463 9.806483e-19
5723.88786234988 1.072717e-18
5726.53676666513 1.104289e-18
5729.18567098038 8.353456e-19
5731.83457529564 1.019356e-18
5734.48347961089 1.216413e-18
5737.13238392614 9.40663e-19
5739.78128824139 1.017496e-18
5742.43019255665 9.720836e-19
5745.0790968719 1.049615e-18
5747.72800118715 1.229391e-18
5750.3769055024 1.055486e-18
5753.02580981766 9.4209e-19
5755.67471413291 7.686172e-19
5758.32361844816 7.608852e-19
5760.97252276341 9.077336e-19
5763.62142707866 9.958983e-19
5766.27033139392 1.001948e-18
5768.91923570917 8.276744e-19
5771.56814002442 1.090242e-18
5774.21704433967 1.074466e-18
5776.86594865492 8.802796e-19
5779.51485297018 1.213502e-18
5782.16375728543 9.713835e-19
5784.81266160068 9.082736e-19
5787.46156591594 1.485376e-18
5790.11047023119 1.007694e-18
5792.75937454644 7.49822e-19
5795.40827886169 8.797611e-19
5798.05718317694 7.640201e-19
5800.7060874922 1.084269e-18
5803.35499180745 1.250254e-18
5806.0038961227 1.069817e-18
5808.65280043795 8.167165e-19
5811.3017047532 3.88865e-19
5813.95060906846 6.482608e-19
5816.59951338371 9.492183e-19
5819.24841769896 1.087446e-18
5821.89732201421 8.940391e-19
5824.54622632947 9.420195e-19
5827.19513064472 1.043311e-18
5829.84403495997 5.119869e-19
5832.49293927522 5.850946e-19
5835.14184359048 1.082929e-18
5837.79074790573 8.968402e-19
5840.43965222098 7.873097e-19
5843.08855653623 8.847675e-19
5845.73746085149 8.119642e-19
5848.38636516674 8.874036e-19
5851.03526948199 9.10151e-19
5853.68417379724 1.060798e-18
5856.33307811249 1.039672e-18
5858.98198242775 1.113916e-18
5861.630886743 9.334167e-19
5864.27979105825 8.936444e-19
5866.9286953735 8.244157e-19
5869.57759968876 7.569286e-19
5872.22650400401 5.449851e-19
5874.87540831926 5.306821e-19
5877.52431263451 8.041443e-19
5880.17321694977 8.406308e-19
5882.82212126502 9.756038e-19
5885.47102558027 6.971583e-19
5888.11992989552 5.482975e-19
5890.76883421077 5.997003e-19
5893.41773852603 6.606025e-19
5896.06664284128 8.909332e-19
5898.71554715653 8.185469e-19
5901.36445147178 8.181474e-19
5904.01335578704 9.077493e-19
5906.66226010229 9.215387e-19
5909.31116441754 7.428264e-19
5911.96006873279 1.062714e-18
5914.60897304805 1.312931e-18
5917.2578773633 1.08921e-18
5919.90678167855 1.153742e-18
5922.5556859938 1.051394e-18
5925.20459030906 6.22882e-19
5927.85349462431 7.712614e-19
5930.50239893956 7.472889e-19
5933.15130325481 4.77202e-19
5935.80020757006 6.363805e-19
5938.44911188532 6.575393e-19
5941.09801620057 8.315282e-19
5943.74692051582 5.479869e-19
5946.39582483107 8.754651e-19
5949.04472914632 8.843373e-19
5951.69363346158 4.708776e-19
5954.34253777683 5.006458e-19
5956.99144209208 8.891343e-19
5959.64034640734 5.80524e-19
5962.28925072259 6.578429e-20
5964.93815503784 4.180758e-19
5967.58705935309 2.898585e-19
5970.23596366834 5.142489e-19
5972.8848679836 8.068731e-19
5975.53377229885 6.286503e-19
5978.1826766141 7.268712e-19
5980.83158092935 9.217068e-19
5983.48048524461 3.363621e-19
5986.12938955986 6.648724e-19
5988.77829387511 6.209376e-19
5991.42719819036 2.969351e-19
5994.07610250561 4.04573e-19
5996.72500682087 7.094027e-19
5999.37391113612 7.271044e-19
6002.02281545137 3.702169e-19
6004.67171976662 5.649159e-19
6007.32062408188 6.905434e-19
6009.96952839713 5.378356e-19
6012.61843271238 3.647612e-19
6015.26733702763 6.851836e-19
6017.91624134289 8.774329e-19
6020.56514565814 9.333198e-19
6023.21404997339 7.159442e-19
6025.86295428864 3.639649e-19
6028.51185860389 6.149958e-19
6031.16076291915 7.770626e-19
6033.8096672344 8.210729e-19
6036.45857154965 7.372326e-19
6039.1074758649 6.388581e-19
6041.75638018016 5.347615e-19
6044.40528449541 9.456542e-19
6047.05418881066 1.228785e-18
6049.70309312591 9.833262e-19
6052.35199744117 4.970061e-19
6055.00090175642 6.638303e-19
6057.64980607167 6.83882e-19
6060.29871038692 9.576271e-19
6062.94761470218 9.446509e-19
6065.59651901743 8.270937e-19
6068.24542333268 4.910196e-19
6070.89432764793 4.672768e-19
6073.54323196318 7.157579e-19
6076.19213627843 1.169211e-18
6078.84104059369 7.818707e-19
6081.48994490894 5.181906e-19
6084.13884922419 7.036274e-19
6086.78775353945 7.789823e-19
6089.4366578547 6.377231e-19
6092.08556216995 8.833194e-19
6094.7344664852 6.013101e-19
6097.38337080045 9.452156e-19
6100.03227511571 8.099818e-19
6102.68117943096 4.736688e-19
6105.33008374621 5.046459e-19
6107.97898806146 4.847287e-19
6110.62789237672 5.937606e-19
6113.27679669197 4.904671e-19
6115.92570100722 8.980783e-19
6118.57460532247 4.755128e-19
6121.22350963772 6.128919e-19
6123.87241395298 8.137205e-19
6126.52131826823 4.632982e-19
6129.17022258348 6.295261e-19
6131.81912689873 3.062465e-19
6134.46803121399 2.516983e-19
6137.11693552924 6.192553e-19
6139.76583984449 1.113003e-18
6142.41474415974 8.75665e-19
6145.063648475 4.826345e-19
6147.71255279025 6.239694e-19
6150.3614571055 6.34834e-19
6153.01036142075 1.113772e-18
6155.65926573601 1.025685e-18
6158.30817005126 6.146304e-19
6160.95707436651 5.760331e-19
6163.60597868176 4.711024e-19
6166.25488299701 5.157119e-19
6168.90378731227 4.146746e-19
6171.55269162752 9.447967e-19
6174.20159594277 1.400265e-18
6176.85050025802 7.446938e-19
6179.49940457327 7.603059e-19
6182.14830888853 8.250158e-19
6184.79721320378 7.621833e-19
6187.44611751903 6.007987e-19
6190.09502183428 5.140463e-19
6192.74392614954 7.502914e-19
6195.39283046479 9.556562e-19
6198.04173478004 1.058194e-18
6200.6906390953 8.902029e-19
6203.33954341055 8.374375e-19
6205.9884477258 4.881308e-19
6208.63735204105 5.051652e-19
6211.2862563563 1.082524e-18
6213.93516067156 9.875529e-19
6216.58406498681 8.507305e-19
6219.23296930206 4.366046e-19
6221.88187361731 5.352649e-19
6224.53077793256 8.425962e-19
6227.17968224782 3.6542e-19
6229.82858656307 6.559987e-19
6232.47749087832 5.808314e-19
6235.12639519357 7.078117e-19
6237.77529950883 7.517446e-19
6240.42420382408 4.811108e-19
6243.07310813933 6.613485e-19
6245.72201245458 7.067447e-19
6248.37091676984 5.864918e-19
6251.01982108509 8.855615e-19
6253.66872540034 8.318168e-19
6256.31762971559 7.593897e-19
6258.96653403084 1.179637e-18
6261.6154383461 8.580945e-19
6264.26434266135 4.844648e-19
6266.9132469766 8.134209e-19
6269.56215129185 8.403379e-19
6272.21105560711 7.427369e-19
6274.85995992236 6.132817e-19
6277.50886423761 1.079921e-18
6280.15776855286 1.476339e-18
6282.80667286812 8.849428e-19
6285.45557718337 5.962974e-19
6288.10448149862 6.74287e-19
6290.75338581387 5.344955e-19
6293.40229012912 7.29861e-19
6296.05119444438 1.050286e-18
6298.70009875963 1.501693e-18
6301.34900307488 1.22984e-18
6303.99790739013 7.09075e-19
6306.64681170539 6.423929e-19
6309.29571602064 6.524545e-19
6311.94462033589 1.094792e-18
6314.59352465114 1.156269e-18
6317.24242896639 8.502107e-19
6319.89133328165 1.160537e-18
6322.5402375969 1.302082e-18
6325.18914191215 1.014867e-18
6327.8380462274 1.039148e-18
6330.48695054266 1.020074e-18
6333.13585485791 1.042599e-18
6335.78475917316 9.906822e-19
6338.43366348841 7.212414e-19
6341.08256780367 5.496084e-19
6343.73147211892 7.959843e-19
6346.38037643417 6.836168e-19
6349.02928074942 8.603402e-19
6351.67818506468 5.84073e-19
6354.32708937993 8.943097e-19
6356.97599369518 1.129752e-18
6359.62489801043 8.097677e-19
6362.27380232568 1.119203e-18
6364.92270664094 1.169035e-18
6367.57161095619 9.15401e-19
6370.22051527144 8.986536e-19
6372.86941958669 7.734525e-19
6375.51832390195 5.94101e-19
6378.1672282172 7.045209e-19
6380.81613253245 9.485936e-19
6383.4650368477 1.081528e-18
6386.11394116296 6.638053e-19
6388.76284547821 9.518559e-19
6391.41174979346 1.016505e-18
6394.06065410871 8.3201e-19
6396.70955842396 1.268065e-18
6399.35846273922 9.393938e-19
6402.00736705447 8.903257e-19
6404.65627136972 1.218185e-18
6407.30517568497 1.255849e-18
6409.95408000022 9.509955e-19
6412.60298431548 8.043687e-19
6415.25188863073 8.787917e-19
6417.90079294598 8.421683e-19
6420.54969726124 9.842476e-19
6423.19860157649 8.976511e-19
6425.84750589174 8.894012e-19
6428.49641020699 6.101106e-19
6431.14531452224 8.092216e-19
6433.7942188375 8.56979e-19
6436.44312315275 6.254763e-19
6439.092027468 5.743399e-19
6441.74093178325 6.457416e-19
6444.38983609851 1.039647e-18
6447.03874041376 1.061068e-18
6449.68764472901 8.813515e-19
6452.33654904426 8.709264e-19
6454.98545335952 1.108781e-18
6457.63435767477 1.025775e-18
6460.28326199002 6.863646e-19
6462.93216630527 8.475296e-19
6465.58107062053 1.077597e-18
6468.22997493578 8.454548e-19
6470.87887925103 8.685858e-19
6473.52778356628 6.859073e-19
6476.17668788153 6.703935e-19
6478.82559219678 8.422432e-19
6481.47449651204 5.585374e-19
6484.12340082729 4.841847e-19
6486.77230514254 7.093399e-19
6489.42120945779 1.067454e-18
6492.07011377305 9.485216e-19
6494.7190180883 1.012056e-18
6497.36792240355 1.0965e-18
6500.0168267188 8.388789e-19
6502.66573103406 8.641374e-19
6505.31463534931 6.273567e-19
6507.96353966456 3.717283e-19
6510.61244397982 5.723152e-19
6513.26134829507 6.644429e-19
6515.91025261032 1.753776e-19
6518.55915692557 1.276095e-19
6521.20806124082 5.416168e-19
6523.85696555608 6.807979e-19
6526.50586987133 8.182884e-19
6529.15477418658 6.216235e-19
6531.80367850183 1.440111e-19
6534.45258281708 2.209072e-19
6537.10148713234 5.047707e-19
6539.75039144759 6.791429e-19
6542.39929576284 9.519561e-19
6545.04820007809 8.352513e-19
6547.69710439335 7.257691e-19
6550.3460087086 9.885512e-19
6552.99491302385 7.841927e-19
6555.6438173391 3.99867e-19
6558.29272165435 3.2667e-19
6560.94162596961 4.263129e-19
6563.59053028486 7.614233e-19
6566.23943460011 8.679195e-19
6568.88833891536 6.885405e-19
6571.53724323062 8.721954e-19
6574.18614754587 8.397601e-19
6576.83505186112 6.360007e-19
6579.48395617637 5.528889e-19
6582.13286049163 3.602112e-19
6584.78176480688 7.920749e-19
6587.43066912213 7.562557e-19
6590.07957343738 8.275032e-19
6592.72847775264 6.800642e-19
6595.37738206789 8.439112e-19
6598.02628638314 7.12077e-19
6600.67519069839 5.095353e-19
6603.32409501365 5.827069e-19
6605.9729993289 7.426311e-19
6608.62190364415 1.057338e-18
6611.2708079594 7.599171e-19
6613.91971227465 6.546585e-19
6616.5686165899 4.929522e-19
6619.21752090516 7.722974e-19
6621.86642522041 6.836979e-19
6624.51532953566 6.473796e-19
6627.16423385092 7.779792e-19
6629.81313816617 6.465035e-19
6632.46204248142 8.322222e-19
6635.11094679667 6.652413e-19
6637.75985111192 5.949696e-19
6640.40875542718 8.402296e-19
6643.05765974243 7.079028e-19
6645.70656405768 4.841043e-19
6648.35546837293 4.87591e-19
6651.00437268819 8.311136e-19
6653.65327700344 7.672356e-19
6656.30218131869 6.622916e-19
6658.95108563394 5.476152e-19
6661.59998994919 8.087011e-19
6664.24889426445 9.616909e-19
6666.8977985797 7.579258e-19
6669.54670289495 5.502565e-19
6672.1956072102 5.415304e-19
6674.84451152546 4.68805e-19
6677.49341584071 2.67709e-19
6680.14232015596 4.747536e-19
6682.79122447121 8.465119e-19
6685.44012878647 7.675911e-19
6688.08903310172 4.497609e-19
6690.73793741697 5.20761e-19
6693.38684173222 6.039052e-19
6696.03574604747 4.41218e-19
6698.68465036273 4.798101e-19
6701.33355467798 5.866617e-19
6703.98245899323 3.768405e-19
6706.63136330848 4.701444e-19
6709.28026762374 7.501687e-19
6711.92917193899 7.087646e-19
6714.57807625424 6.145678e-19
6717.22698056949 5.122478e-19
6719.87588488475 3.337286e-19
6722.5247892 4.902765e-19
6725.17369351525 6.92085e-19
6727.8225978305 9.272356e-19
6730.47150214575 9.730521e-19
6733.12040646101 3.855863e-19
6735.76931077626 4.808583e-19
6738.41821509151 8.498219e-19
6741.06711940677 7.988042e-19
6743.71602372202 7.511932e-19
6746.36492803727 6.334497e-19
6749.01383235252 7.642016e-19
6751.66273666777 6.384816e-19
6754.31164098303 5.306856e-19
6756.96054529828 2.477903e-19
6759.60944961353 5.438928e-19
6762.25835392878 6.699154e-19
6764.90725824404 8.511419e-19
6767.55616255929 7.336872e-19
6770.20506687454 3.719654e-19
6772.85397118979 6.133688e-19
6775.50287550504 3.50177e-19
6778.1517798203 5.695362e-19
6780.80068413555 6.654922e-19
6783.4495884508 4.965429e-19
6786.09849276605 3.032071e-19
6788.7473970813 7.156766e-19
6791.39630139656 5.028805e-19
6794.04520571181 5.236907e-19
6796.69411002706 2.023702e-19
6799.34301434231 6.682373e-19
6801.99191865757 5.511724e-19
6804.64082297282 3.954379e-19
6807.28972728807 7.201787e-19
6809.93863160332 6.738612e-19
6812.58753591858 5.950896e-19
6815.23644023383 7.30372e-19
6817.88534454908 7.320383e-19
6820.53424886433 4.635982e-19
6823.18315317959 3.628866e-19
6825.83205749484 8.568326e-19
6828.48096181009 5.687657e-19
6831.12986612534 9.030074e-19
6833.77877044059 5.363246e-19
6836.42767475585 4.807171e-19
6839.0765790711 7.63805e-19
6841.72548338635 9.081679e-19
6844.3743877016 6.007076e-19
6847.02329201686 4.74021e-19
6849.67219633211 6.024125e-19
6852.32110064736 7.757691e-19
6854.97000496261 8.392702e-19
6857.61890927787 5.842807e-19
6860.26781359312 6.679373e-19
6862.91671790837 8.178155e-19
6865.56562222362 7.374473e-19
6868.21452653887 7.814862e-19
6870.86343085413 3.042588e-19
6873.51233516938 2.832503e-19
6876.16123948463 6.643777e-19
6878.81014379988 5.603445e-19
6881.45904811514 7.740579e-19
6884.10795243039 6.805506e-19
6886.75685674564 5.134817e-19
6889.40576106089 1.092687e-18
6892.05466537615 1.010772e-18
6894.7035696914 6.518351e-19
6897.35247400665 8.814265e-19
6900.0013783219 5.823079e-19
6902.65028263715 5.191161e-19
6905.29918695241 8.143963e-19
6907.94809126766 5.364226e-19
6910.59699558291 8.618085e-19
6913.24589989816 9.451819e-19
6915.89480421342 7.194892e-19
6918.54370852867 7.73038e-19
6921.19261284392 7.559345e-19
6923.84151715917 6.16238e-19
6926.49042147443 5.996801e-19
6929.13932578968 8.08251e-19
6931.78823010493 9.586954e-19
6934.43713442018 9.316834e-19
6937.08603873543 8.52002e-19
6939.73494305069 5.519776e-19
6942.38384736594 8.643828e-19
6945.03275168119 6.909367e-19
6947.68165599644 7.09327e-19
6950.3305603117 8.862151e-19
6952.97946462695 9.409448e-19
6955.6283689422 7.064991e-19
6958.27727325745 5.947007e-19
6960.92617757271 8.32776e-19
6963.57508188796 1.171576e-18
6966.22398620321 1.036566e-18
6968.87289051846 5.579402e-19
6971.52179483372 4.335103e-19
6974.17069914897 6.045371e-19
6976.81960346422 1.050641e-18
6979.46850777947 9.519946e-19
6982.11741209472 5.807444e-19
6984.76631640998 9.492998e-19
6987.41522072523 6.203705e-19
6990.06412504048 9.136009e-19
6992.71302935573 5.744386e-19
6995.36193367099 3.256223e-19
6998.01083798624 -3.41261e-20
7000.65974230149 4.64884e-19
7003.30864661674 6.24658e-19
7005.95755093199 6.615061e-19
7008.60645524725 2.402396e-19
7011.2553595625 3.867334e-19
7013.90426387775 6.020224e-19
7016.553168193 4.486055e-19
7019.20207250826 5.937106e-19
7021.85097682351 9.030326e-19
7024.49988113876 8.522318e-19
7027.14878545401 7.343531e-19
7029.79768976926 6.661977e-19
7032.44659408452 6.861765e-19
7035.09549839977 7.89706e-19
7037.74440271502 5.497444e-19
7040.39330703027 5.084692e-19
7043.04221134553 6.199167e-19
7045.69111566078 8.527592e-19
7048.34001997603 1.163808e-18
7050.98892429128 8.618242e-19
7053.63782860654 8.531311e-19
7056.28673292179 1.31571e-18
7058.93563723704 1.398207e-18
7061.58454155229 8.782334e-19
7064.23344586755 6.351195e-19
7066.8823501828 7.325782e-19
7069.53125449805 7.960825e-19
7072.1801588133 8.394779e-19
7074.82906312855 1.011271e-18
7077.47796744381 8.265176e-19
7080.12687175906 4.574629e-19
7082.77577607431 5.039576e-19
7085.42468038956 8.017449e-19
7088.07358470482 1.049249e-18
7090.72248902007 8.128301e-19
7093.37139333532 1.116455e-18
7096.02029765057 5.129744e-19
7098.66920196582 8.677222e-19
7101.31810628108 6.323637e-19
7103.96701059633 6.058516e-19
7106.61591491158 2.325643e-19
7109.26481922684 6.603859e-19
7111.91372354209 5.203126e-19
7114.56262785734 6.869455e-19
7117.21153217259 7.565468e-19
7119.86043648784 6.37532e-19
7122.5093408031 8.539931e-19
7125.15824511835 1.287975e-18
7127.8071494336 7.942597e-19
7130.45605374885 1.080558e-18
7133.10495806411 8.336906e-19
7135.75386237936 5.234899e-19
7138.40276669461 4.46165e-19
7141.05167100986 4.701777e-19
7143.70057532511 8.46738e-19
7146.34947964037 6.564152e-19
7148.99838395562 6.269111e-19
7151.64728827087 6.455401e-19
7154.29619258612 1.378444e-19
7156.94509690138 9.902175e-20
7159.59400121663 4.690389e-19
7162.24290553188 5.948722e-19
7164.89180984713 7.07688e-19
7167.54071416239 8.292117e-19
7170.18961847764 5.028188e-19
7172.83852279289 8.687502e-19
7175.48742710814 1.071476e-18
7178.13633142339 5.359398e-19
7180.78523573865 6.532546e-19
7183.4341400539 4.137452e-19
7186.08304436915 3.124016e-19
7188.7319486844 7.316439e-19
7191.38085299966 8.947943e-19
7194.02975731491 8.083642e-19
7196.67866163016 6.768112e-19
7199.32756594541 3.17577e-19
7201.97647026066 2.302986e-19
7204.62537457592 6.68423e-19
7207.27427889117 5.034201e-19
7209.92318320642 5.334514e-19
7212.57208752167 7.503962e-19
7215.22099183693 5.172975e-19
7217.86989615218 1.346735e-19
7220.51880046743 4.40487e-19
7223.16770478268 9.002232e-19
7225.81660909794 7.035201e-19
7228.46551341319 1.227278e-18
7231.11441772844 1.365331e-18
7233.76332204369 3.161153e-19
7236.41222635895 8.349213e-19
7239.0611306742 1.43908e-19
7241.71003498945 -4.42684e-22
7244.3589393047 2.359041e-19
7247.00784361996 6.781948e-19
7249.65674793521 4.166391e-19
7252.30565225046 5.91069e-19
7254.95455656571 3.397424e-19
7257.60346088096 7.1119e-19
7260.25236519621 9.459632e-19
7262.90126951147 6.865959e-19
7265.55017382672 6.706103e-19
7268.19907814197 1.054634e-18
7270.84798245722 6.705044e-19
7273.49688677248 3.146247e-19
7276.14579108773 2.711481e-19
7278.79469540298 8.616934e-19
7281.44359971824 1.054449e-18
7284.09250403349 1.355418e-18
7286.74140834874 5.270197e-19
7289.39031266399 3.093733e-19
7292.03921697924 8.115011e-19
7294.6881212945 6.299891e-19
7297.33702560975 5.847061e-19
7299.985929925 6.912443e-19
7302.63483424025 4.070209e-19
7305.2837385555 5.646879e-19
7307.93264287076 9.768352e-19
7310.58154718601 9.9101e-19
7313.23045150126 7.567504e-19
7315.87935581651 2.706615e-19
7318.52826013177 6.786132e-19
7321.17716444702 8.537729e-19
7323.82606876227 3.248522e-19
7326.47497307752 4.925006e-19
7329.12387739277 5.051758e-19
7331.77278170803 2.954213e-20
7334.42168602328 3.172886e-19
7337.07059033853 5.640906e-19
7339.71949465378 9.700537e-19
7342.36839896904 9.059674e-20
7345.01730328429 8.958352e-19
7347.66620759954 6.388397e-19
7350.31511191479 6.480746e-19
7352.96401623005 5.213624e-19
7355.6129205453 6.844336e-19
7358.26182486055 7.349357e-19
7360.9107291758 9.240605e-19
7363.55963349106 5.234522e-19
7366.20853780631 1.003503e-19
7368.85744212156 5.313836e-19
7371.50634643681 1.830928e-19
7374.15525075207 5.080845e-19
7376.80415506732 6.510342e-19
7379.45305938257 1.034869e-18
7382.10196369782 2.935102e-19
7384.75086801307 3.722774e-19
7387.39977232833 2.272583e-19
7390.04867664358 4.339266e-19
7392.69758095883 5.366225e-19
7395.34648527408 9.287824e-19
7397.99538958934 3.738986e-19
7400.64429390459 4.617206e-19
7403.29319821984 8.149897e-19
7405.94210253509 7.692132e-19
7408.59100685034 4.793312e-19
7411.2399111656 4.687164e-19
7413.88881548085 4.617535e-19
7416.5377197961 5.27228e-19
7419.18662411135 6.159585e-19
7421.83552842661 8.853651e-19
7424.48443274186 1.082262e-18
7427.13333705711 1.097981e-18
7429.78224137236 9.095744e-19
7432.43114568762 4.918733e-19
7435.08005000287 5.73674e-19
7437.72895431812 4.846767e-19
7440.37785863337 4.262965e-19
7443.02676294862 7.390743e-19
7445.67566726388 6.769508e-19
7448.32457157913 6.045689e-19
7450.97347589438 1.498838e-19
7453.62238020963 4.211203e-19
7456.27128452489 7.761104e-19
7458.92018884014 5.095569e-19
7461.56909315539 5.197028e-19
7464.21799747064 5.944342e-19
7466.8669017859 7.81007e-19
7469.51580610115 4.522442e-19
7472.1647104164 4.282684e-19
7474.81361473165 8.837129e-19
7477.46251904691 7.188339e-19
7480.11142336216 1.13407e-18
7482.76032767741 9.23653e-19
7485.40923199266 1.009957e-18
7488.05813630791 5.401632e-19
7490.70704062317 9.118992e-19
7493.35594493842 4.71178e-19
7496.00484925367 5.833087e-19
7498.65375356892 9.847031e-19
7501.30265788417 6.839686e-19
7503.95156219943 7.639411e-19
7506.60046651468 9.491276e-19
7509.24937082993 6.461948e-19
7511.89827514518 4.898038e-19
7514.54717946044 9.093317e-19
7517.19608377569 9.158041e-19
7519.84498809094 7.057449e-19
7522.4938924062 8.680699e-20
7525.14279672145 9.179616e-19
7527.7917010367 1.305467e-18
7530.44060535195 8.676244e-19
7533.0895096672 4.325312e-19
7535.73841398246 7.686422e-19
7538.38731829771 9.087975e-19
7541.03622261296 6.727563e-19
7543.68512692821 7.752299e-19
7546.33403124346 7.542971e-19
7548.98293555872 5.518378e-19
7551.63183987397 6.757414e-19
7554.28074418922 7.854667e-19
7556.92964850447 6.549754e-19
7559.57855281972 8.760133e-19
7562.22745713498 1.037727e-18
7564.87636145023 7.374422e-19
7567.52526576548 7.469012e-19
7570.17417008073 8.267392e-19
7572.82307439599 2.549734e-19
7575.47197871124 6.933055e-20
7578.12088302649 4.540369e-19
7580.76978734174 7.180386e-19
7583.418691657 1.126123e-18
7586.06759597225 5.931491e-19
7588.7165002875 5.416638e-19
7591.36540460275 8.393964e-19
7594.01430891801 9.257162e-19
7596.66321323326 6.346462e-19
7599.31211754851 4.842222e-19
7601.96102186376 1.961168e-19
7604.60992617901 4.046114e-19
7607.25883049427 2.372585e-19
7609.90773480952 -1.928771e-20
7612.55663912477 2.720561e-20
7615.20554344003 -1.517829e-19
7617.85444775528 2.65169e-19
7620.50335207053 6.630702e-19
7623.15225638578 2.554127e-19
7625.80116070103 8.943442e-19
7628.45006501629 6.795989e-19
7631.09896933154 4.466263e-19
7633.74787364679 1.318527e-19
7636.39677796204 1.142114e-20
7639.04568227729 4.46017e-19
7641.69458659255 1.948581e-19
7644.3434909078 3.295227e-19
7646.99239522305 9.710075e-19
7649.6412995383 6.713621e-19
7652.29020385356 5.056007e-19
7654.93910816881 4.493065e-19
7657.58801248406 3.827277e-19
7660.23691679931 4.144014e-19
7662.88582111457 4.031585e-19
7665.53472542982 2.681283e-19
7668.18362974507 2.598314e-19
7670.83253406032 4.896755e-19
7673.48143837558 4.385501e-19
7676.13034269083 5.994243e-19
7678.77924700608 8.231701e-19
7681.42815132133 5.783579e-19
7684.07705563658 5.642881e-19
7686.72595995184 4.058054e-19
7689.37486426709 4.726874e-19
7692.02376858234 6.943887e-19
7694.67267289759 2.243233e-19
7697.32157721285 3.136093e-19
7699.9704815281 2.966741e-19
7702.61938584335 7.733225e-19
7705.2682901586 1.034971e-18
7707.91719447386 8.729834e-19
7710.56609878911 8.344926e-20
7713.21500310436 3.901467e-19
7715.86390741961 3.689611e-19
7718.51281173486 8.882398e-19
7721.16171605012 1.351313e-18
7723.81062036537 7.658536e-19
7726.45952468062 6.530012e-19
7729.10842899587 2.26217e-19
7731.75733331113 9.204589e-20
7734.40623762638 5.389544e-19
7737.05514194163 8.003708e-19
7739.70404625688 1.413549e-18
7742.35295057214 8.263823e-19
7745.00185488739 1.4744e-19
7747.65075920264 1.245291e-18
7750.29966351789 8.698047e-19
7752.94856783315 4.30252e-19
7755.5974721484 6.981087e-19
7758.24637646365 3.42008e-19
7760.8952807789 8.180754e-19
7763.54418509415 6.796366e-19
7766.19308940941 6.126049e-19
7768.84199372466 9.524972e-19
7771.49089803991 1.549894e-19
7774.13980235516 -3.578154e-19
7776.78870667041 3.137403e-19
7779.43761098567 5.112297e-19
7782.08651530092 6.755396e-19
7784.73541961617 8.086704e-20
7787.38432393142 -4.156648e-19
7790.03322824668 2.981695e-19
7792.68213256193 3.191516e-19
7795.33103687718 -1.613266e-20
7797.97994119243 -1.502393e-19
7800.62884550769 5.262262e-19
7803.27774982294 1.135411e-18
7805.92665413819 2.39773e-19
7808.57555845344 2.232314e-19
7811.22446276869 9.012359e-19
7813.87336708395 9.625082e-19
7816.5222713992 3.903667e-19
7819.17117571445 -6.983422e-20
7821.8200800297 5.032852e-20
7824.46898434496 3.331973e-19
7827.11788866021 7.233635e-19
7829.76679297546 6.750945e-19
7832.41569729071 4.225339e-19
7835.06460160597 -2.339872e-19
7837.71350592122 4.247967e-19
7840.36241023647 6.506222e-19
7843.01131455172 4.331502e-19
7845.66021886697 1.964699e-19
7848.30912318223 5.785813e-20
7850.95802749748 -5.584909e-19
7853.60693181273 3.343609e-19
7856.25583612798 8.265487e-19
7858.90474044324 1.248753e-18
7861.55364475849 4.223806e-19
7864.20254907374 2.073679e-20
7866.85145338899 5.764091e-19
7869.50035770424 1.157069e-18
7872.1492620195 1.215861e-18
7874.79816633475 1.783918e-18
7877.44707065 1.021318e-18
7880.09597496526 5.84137e-19
7882.74487928051 2.946262e-19
7885.39378359576 4.336415e-19
7888.04268791101 1.410853e-18
7890.69159222627 1.164374e-18
7893.34049654152 7.396523e-19
7895.98940085677 6.542664e-19
7898.63830517202 6.597827e-19
7901.28720948727 9.298616e-19
7903.93611380253 1.35477e-18
7906.58501811778 1.279914e-18
7909.23392243303 5.123351e-19
7911.88282674828 -9.514677e-20
7914.53173106354 -4.858778e-19
7917.18063537879 -2.262151e-19
7919.82953969404 6.79247e-20
7922.47844400929 -1.041174e-19
7925.12734832454 8.547797e-20
7927.7762526398 8.636447e-19
7930.42515695505 2.894613e-19
7933.0740612703 5.066745e-20
7935.72296558555 7.627517e-19
7938.37186990081 5.196903e-19
7941.02077421606 -4.033834e-19
7943.66967853131 1.022116e-19
7946.31858284656 1.440826e-19
7948.96748716181 5.88512e-19
7951.61639147707 -1.574882e-19
7954.26529579232 -1.617125e-19
7956.91420010757 7.969571e-19
7959.56310442282 1.465062e-18
7962.21200873808 6.331815e-19
7964.86091305333 8.253621e-19
7967.50981736858 4.716225e-19
7970.15872168383 1.642493e-19
7972.80762599909 7.057359e-19
7975.45653031434 1.723056e-18
7978.10543462959 6.132328e-19
7980.75433894484 1.070536e-18
7983.4032432601 8.37229e-19
7986.05214757535 8.85465e-19
7988.7010518906 8.685326e-19
7991.34995620585 -1.240333e-19
7993.9988605211 -6.853551e-19
7996.64776483636 -4.85552e-19
7999.29666915161 7.221696e-20
8001.94557346686 3.731557e-19
8004.59447778211 2.069866e-19
8007.24338209737 6.425405e-19
8009.89228641262 7.999607e-19
8012.54119072787 1.019988e-18
8015.19009504312 1.175547e-18
8017.83899935837 1.229177e-18
8020.48790367363 1.06215e-18
8023.13680798888 8.777025e-19
8025.78571230413 1.020443e-18
8028.43461661938 8.884487e-20
8031.08352093464 2.563193e-19
8033.73242524989 4.330979e-19
8036.38132956514 2.371353e-19
8039.03023388039 4.9532e-19
8041.67913819564 5.041229e-19
8044.3280425109 4.187955e-19
8046.97694682615 1.166143e-18
8049.6258511414 1.077317e-18
8052.27475545665 7.108605e-19
8054.92365977191 7.470653e-19
8057.57256408716 -3.992833e-20
8060.22146840241 1.796041e-19
8062.87037271767 1.047665e-18
8065.51927703292 1.073164e-18
8068.16818134817 4.008608e-19
8070.81708566342 -1.717216e-19
8073.46598997867 4.457869e-19
8076.11489429393 7.290837e-19
8078.76379860918 2.160981e-19
8081.41270292443 2.921119e-19
8084.06160723968 9.279229e-19
8086.71051155493 9.077032e-19
8089.35941587019 1.876673e-19
8092.00832018544 -6.199955e-20
8094.65722450069 5.089501e-19
8097.30612881594 4.253465e-19
8099.9550331312 3.942354e-19
8102.60393744645 7.041016e-19
8105.2528417617 3.938312e-19
8107.90174607695 -2.556161e-20
8110.5506503922 5.611789e-20
8113.19955470746 8.23913e-19
8115.84845902271 8.51738e-19
8118.49736333796 6.105825e-19
8121.14626765321 1.988699e-19
8123.79517196847 1.115772e-19
8126.44407628372 6.604082e-19
8129.09298059897 8.615863e-19
8131.74188491422 6.413177e-19
8134.39078922948 5.909083e-19
8137.03969354473 5.694479e-19
8139.68859785998 6.046932e-19
8142.33750217523 1.452232e-18
8144.98640649049 7.092532e-19
8147.63531080574 -5.196753e-20
8150.28421512099 5.004006e-19
8152.93311943624 3.94642e-19
8155.58202375149 3.338269e-19
8158.23092806675 4.045688e-19
8160.879832382 4.510831e-19
8163.52873669725 2.473649e-19
8166.1776410125 7.289524e-19
8168.82654532776 1.814158e-19
8171.47544964301 6.535667e-19
8174.12435395826 6.496155e-19
8176.77325827351 7.523436e-19
8179.42216258876 7.6884e-19
8182.07106690402 6.898739e-19
8184.71997121927 5.563315e-19
8187.36887553452 4.097129e-19
8190.01777984977 4.255451e-19
8192.66668416503 6.959813e-19
8195.31558848028 7.130895e-19
8197.96449279553 -2.228245e-19
8200.61339711078 3.672185e-19
8203.26230142604 5.951789e-19
8205.91120574129 5.939018e-19
8208.56011005654 7.801648e-19
8211.20901437179 5.274342e-19
8213.85791868704 3.762483e-19
8216.5068230023 -9.091164e-21
8219.15572731755 3.131186e-19
8221.8046316328 3.462612e-19
8224.45353594805 2.532507e-19
8227.10244026331 5.416603e-19
8229.75134457856 6.057279e-19
8232.40024889381 5.894328e-19
8235.04915320906 6.330462e-19
8237.69805752432 6.099078e-19
8240.34696183957 8.687453e-19
8242.99586615482 8.918373e-19
8245.64477047007 8.805859e-19
8248.29367478533 1.261422e-18
8250.94257910058 5.926158e-19
8253.59148341583 3.46024e-19
8256.24038773108 5.332251e-19
8258.88929204633 4.236668e-19
8261.53819636159 1.140612e-18
8264.18710067684 7.150948e-19
8266.83600499209 5.002359e-19
8269.48490930734 4.549543e-19
8272.1338136226 8.081744e-19
8274.78271793785 1.741878e-18
8277.4316222531 1.16022e-18
8280.08052656835 -3.812054e-19
8282.7294308836 2.43578e-19
8285.37833519886 8.102192e-20
8288.02723951411 8.868803e-19
8290.67614382936 5.137378e-19
8293.32504814461 1.990655e-19
8295.97395245987 7.475417e-19
8298.62285677512 -3.871854e-22
8301.27176109037 9.27775e-19
8303.92066540562 1.41576e-18
8306.56956972087 9.812096e-19
8309.21847403613 7.351252e-19
8311.86737835138 6.970348e-19
8314.51628266663 -3.315462e-19
8317.16518698189 1.640745e-19
8319.81409129714 9.982055e-19
8322.46299561239 8.845368e-19
8325.11189992764 5.903442e-19
8327.7608042429 6.866135e-19
8330.40970855815 3.070198e-19
8333.0586128734 2.127261e-19
8335.70751718865 3.005816e-19
8338.3564215039 6.447006e-19
8341.00532581915 -2.302235e-19
8343.65423013441 4.620033e-19
8346.30313444966 2.116523e-18
8348.95203876491 1.197794e-18
8351.60094308016 1.027719e-18
8354.24984739542 1.190583e-18
8356.89875171067 1.076919e-18
8359.54765602592 8.714964e-19
8362.19656034117 -1.67434e-19
8364.84546465643 -1.106161e-19
8367.49436897168 5.195898e-19
8370.14327328693 8.553681e-19
8372.79217760218 9.171286e-19
8375.44108191743 1.032965e-18
8378.08998623269 9.23748e-19
8380.73889054794 -3.221212e-20
8383.38779486319 -3.816794e-20
8386.03669917844 -1.36571e-20
8388.6856034937 7.505947e-19
8391.33450780895 -6.489118e-19
8393.9834121242 1.01268e-19
8396.63231643945 2.063013e-18
8399.28122075471 1.454731e-18
8401.93012506996 1.397987e-18
8404.57902938521 8.888416e-19
8407.22793370046 4.197436e-20
8409.87683801572 7.383266e-19
8412.52574233097 6.256708e-19
8415.17464664622 1.421308e-19
8417.82355096147 5.593308e-19
8420.47245527673 1.007205e-18
8423.12135959198 9.976449e-19
8425.77026390723 -3.599675e-19
8428.41916822248 8.923e-19
8431.06807253773 4.778163e-19
8433.71697685299 -2.695936e-20
8436.36588116824 3.717614e-19
8439.01478548349 -1.651381e-19
8441.66368979874 2.323051e-19
8444.312594114 1.254925e-18
8446.96149842925 1.077831e-18
8449.6104027445 9.19498e-19
8452.25930705975 4.143703e-19
8454.908211375 7.655348e-19
8457.55711569026 1.161201e-18
8460.20602000551 8.895089e-19
8462.85492432076 1.621094e-18
8465.50382863601 -1.234224e-19
8468.15273295126 -5.646637e-19
8470.80163726652 9.90139e-19
8473.45054158177 6.046501e-19
8476.09944589702 6.453589e-19
8478.74835021228 5.931138e-19
8481.39725452753 3.141177e-19
8484.04615884278 -9.435255e-20
8486.69506315803 5.651311e-19
8489.34396747328 5.445076e-19
8491.99287178854 1.852979e-19
8494.64177610379 2.252288e-19
8497.29068041904 1.312809e-19
8499.93958473429 9.952804e-19
8502.58848904955 1.082728e-18
8505.2373933648 1.009616e-18
8507.88629768005 5.795244e-19
8510.5352019953 7.152712e-19
8513.18410631056 2.989632e-19
8515.83301062581 1.829707e-19
8518.48191494106 7.386388e-19
8521.13081925631 7.725834e-19
8523.77972357156 9.329314e-19
8526.42862788682 6.518176e-19
8529.07753220207 1.624103e-19
8531.72643651732 9.043905e-19
8534.37534083257 1.000607e-18
8537.02424514783 5.406772e-19
8539.67314946308 4.461767e-20
8542.32205377833 -5.569443e-19
8544.97095809358 3.203076e-19
8547.61986240884 9.794738e-19
8550.26876672409 2.172559e-19
8552.91767103934 -6.817115e-20
8555.56657535459 -7.146199e-20
8558.21547966985 -3.504964e-20
8560.8643839851 7.50837e-20
8563.51328830035 9.522516e-19
8566.1621926156 1.783753e-18
8568.81109693085 1.204641e-18
8571.46000124611 1.059757e-18
8574.10890556136 7.512223e-19
8576.75780987661 2.460446e-19
8579.40671419186 3.384786e-19
8582.05561850711 8.347256e-19
8584.70452282237 3.131528e-19
8587.35342713762 5.045032e-19
8590.00233145287 7.793735e-19
8592.65123576812 -2.584488e-20
8595.30014008338 2.640034e-19
8597.94904439863 -1.858112e-19
8600.59794871388 4.464362e-19
8603.24685302913 1.095457e-18
8605.89575734439 6.409326e-19
8608.54466165964 4.343043e-19
