                MJD               R_low               R_med              R_high               T_low               T_med              T_high                   L_low                   L_med                  L_high 
           56733.31                 0.0                 0.0                 0.0                 nan                 nan                 nan   3.367146038723087e+32   9.236166628287452e+32  1.6991926970876612e+33 
 56736.570025062654                 0.0                 0.0                 0.0                 nan                 nan                 nan   3.367146038723087e+32   9.236166628287452e+32  1.6991926970876612e+33 
  56739.83005012531                 0.0                 0.0                 0.0                 nan                 nan                 nan   3.367146038723087e+32   9.236166628287452e+32  1.6991926970876612e+33 
  56743.09007518797                 0.0                 0.0                 0.0                 nan                 nan                 nan   3.367146038723087e+32   9.236166628287452e+32  1.6991926970876612e+33 
 56746.350100250624                 0.0                 0.0                 0.0                 nan                 nan                 nan   3.367146038723087e+32   9.236166628287452e+32  1.6991926970876612e+33 
  56749.61012531328                 0.0                 0.0                 0.0                 nan                 nan                 nan   3.367146038723087e+32   9.236166628287452e+32  1.6991926970876612e+33 
  56752.87015037594                 0.0                 0.0                 0.0                 nan                 nan                 nan   3.367146038723087e+32   9.236166628287452e+32  1.6991926970876612e+33 
  56756.13017543859                 0.0                 0.0                 0.0                 nan                 nan                 nan   3.367146038723087e+32   9.236166628287452e+32  1.6991926970876612e+33 
  56759.39020050125                 0.0                 0.0                 0.0                 nan                 nan                 nan   3.367146038723087e+32   9.236166628287452e+32  1.6991926970876612e+33 
 56762.650225563906                 0.0                 0.0                 0.0                 nan                 nan                 nan   3.367146038723087e+32   9.236166628287452e+32  1.6991926970876612e+33 
  56765.91025062656                 0.0                 0.0                 0.0                 nan                 nan                 nan   3.367146038723087e+32   9.236166628287452e+32  1.6991926970876612e+33 
  56769.17027568922                 0.0                 0.0                 0.0                 nan                 nan                 nan   3.367146038723087e+32   9.236166628287452e+32  1.6991926970876612e+33 
 56772.430300751876                 0.0                 0.0                 0.0                 nan                 nan                 nan   3.367146038723087e+32   9.236166628287452e+32  1.6991926970876612e+33 
  56775.69032581453                 0.0                 0.0                 0.0                 nan                 nan                 nan   3.367146038723087e+32   9.236166628287452e+32  1.6991926970876612e+33 
  56778.95035087719                 0.0                 0.0                 0.0                 nan                 nan                 nan   3.367146038723087e+32   9.236166628287452e+32  1.6991926970876612e+33 
 56782.210375939845                 0.0                 0.0                 0.0                 nan                 nan                 nan   3.367146038723087e+32   9.236166628287452e+32  1.6991926970876612e+33 
   56785.4704010025                 0.0                 0.0                 0.0                 nan                 nan                 nan   3.367146038723087e+32   9.236166628287452e+32  1.6991926970876612e+33 
  56788.73042606516                 0.0                 0.0                 0.0                 nan                 nan                 nan   3.367146038723087e+32   9.236166628287452e+32  1.6991926970876612e+33 
 56791.990451127815                 0.0                 0.0                 0.0                 nan                 nan                 nan   3.367146038723087e+32   9.236166628287452e+32  1.6991926970876612e+33 
  56795.25047619047                 0.0                 0.0                 0.0                 nan                 nan                 nan   3.367146038723087e+32   9.236166628287452e+32  1.6991926970876612e+33 
  56798.51050125313                 0.0                 0.0                 0.0                 nan                 nan                 nan   3.367146038723087e+32   9.236166628287452e+32  1.6991926970876612e+33 
 56801.770526315784                 0.0                 0.0                 0.0                 nan                 nan                 nan   3.367146038723087e+32   9.236166628287452e+32  1.6991926970876612e+33 
  56805.03055137844                 0.0                 0.0                 0.0                 nan                 nan                 nan   3.367146038723087e+32   9.236166628287452e+32  1.6991926970876612e+33 
   56808.2905764411                 0.0                 0.0                 0.0                 nan                 nan                 nan   3.367146038723087e+32   9.236166628287452e+32  1.6991926970876612e+33 
  56811.55060150375                 0.0                 0.0                 0.0                 nan                 nan                 nan   3.367146038723087e+32   9.236166628287452e+32  1.6991926970876612e+33 
  56814.81062656642                 0.0                 0.0                 0.0                 nan                 nan                 nan   3.367146038723087e+32   9.236166628287452e+32  1.6991926970876612e+33 
 56818.070651629074                 0.0                 0.0                 0.0                 nan                 nan                 nan   3.367146038723087e+32   9.236166628287452e+32  1.6991926970876612e+33 
  56821.33067669173                 0.0                 0.0                 0.0                 nan                 nan                 nan   3.367146038723087e+32   9.236166628287452e+32  1.6991926970876612e+33 
  56824.59070175439                 0.0                 0.0                 0.0                 nan                 nan                 nan   3.367146038723087e+32   9.236166628287452e+32  1.6991926970876612e+33 
  56827.85072681704                 0.0                 0.0                 0.0                 nan                 nan                 nan   3.367146038723087e+32   9.236166628287452e+32  1.6991926970876612e+33 
   56831.1107518797                 0.0                 0.0                 0.0                 nan                 nan                 nan   3.367146038723087e+32   9.236166628287452e+32  1.6991926970876612e+33 
 56834.370776942356                 0.0                 0.0                 0.0                 nan                 nan                 nan   3.367146038723087e+32   9.236166628287452e+32  1.6991926970876612e+33 
  56837.63080200501                 0.0                 0.0                 0.0                 nan                 nan                 nan   3.367146038723087e+32   9.236166628287452e+32  1.6991926970876612e+33 
  56840.89082706767                 0.0                 0.0                 0.0                 nan                 nan                 nan   3.367146038723087e+32   9.236166628287452e+32  1.6991926970876612e+33 
 56844.150852130326                 0.0                 0.0                 0.0                 nan                 nan                 nan   3.367146038723087e+32   9.236166628287452e+32  1.6991926970876612e+33 
  56847.41087719298                 0.0                 0.0                 0.0                 nan                 nan                 nan   3.367146038723087e+32   9.236166628287452e+32  1.6991926970876612e+33 
  56850.67090225564                 0.0                 0.0                 0.0                 nan                 nan                 nan   3.367146038723087e+32   9.236166628287452e+32  1.6991926970876612e+33 
 56853.930927318295                 0.0                 0.0                 0.0                 nan                 nan                 nan   3.367146038723087e+32   9.236166628287452e+32  1.6991926970876612e+33 
  56857.19095238095                 0.0                 0.0                 0.0                 nan                 nan                 nan   3.367146038723087e+32   9.236166628287452e+32  1.6991926970876612e+33 
  56860.45097744361                 0.0                 0.0                 0.0                 nan                 nan                 nan   3.367146038723087e+32   9.236166628287452e+32  1.6991926970876612e+33 
 56863.711002506265                 0.0                 0.0                 0.0                 nan                 nan                 nan   3.367146038723087e+32   9.236166628287452e+32  1.6991926970876612e+33 
  56866.97102756892                 0.0                 0.0                 0.0                 nan                 nan                 nan   3.367146038723087e+32   9.236166628287452e+32  1.6991926970876612e+33 
  56870.23105263158                 0.0                 0.0                 0.0                 nan                 nan                 nan   3.367146038723087e+32   9.236166628287452e+32  1.6991926970876612e+33 
 56873.491077694234                 0.0                 0.0                 0.0                 nan                 nan                 nan   3.367146038723087e+32   9.236166628287452e+32  1.6991926970876612e+33 
  56876.75110275689                 0.0                 0.0                 0.0                 nan                 nan                 nan   3.367146038723087e+32   9.236166628287452e+32  1.6991926970876612e+33 
  56880.01112781955                 0.0                 0.0                 0.0                 nan                 nan                 nan   3.367146038723087e+32   9.236166628287452e+32  1.6991926970876612e+33 
 56883.271152882204                 0.0                 0.0                 0.0                 nan                 nan                 nan   3.367146038723087e+32   9.236166628287452e+32  1.6991926970876612e+33 
  56886.53117794486                 0.0                 0.0                 0.0                 nan                 nan                 nan   3.367146038723087e+32   9.236166628287452e+32  1.6991926970876612e+33 
  56889.79120300752                 0.0                 0.0                 0.0                 nan                 nan                 nan   3.367146038723087e+32   9.236166628287452e+32  1.6991926970876612e+33 
  56893.05122807017                 0.0                 0.0                 0.0                 nan                 nan                 nan   3.367146038723087e+32   9.236166628287452e+32  1.6991926970876612e+33 
  56896.31125313283                 0.0                 0.0                 0.0                 nan                 nan                 nan   3.367146038723087e+32   9.236166628287452e+32  1.6991926970876612e+33 
 56899.571278195486                 0.0                 0.0                 0.0                 nan                 nan                 nan   3.367146038723087e+32   9.236166628287452e+32  1.6991926970876612e+33 
  56902.83130325814                 0.0                 0.0                 0.0                 nan                 nan                 nan   3.367146038723087e+32   9.236166628287452e+32  1.6991926970876612e+33 
   56906.0913283208                 0.0                 0.0                 0.0                 nan                 nan                 nan   3.367146038723087e+32   9.236166628287452e+32  1.6991926970876612e+33 
 56909.351353383456                 0.0                 0.0                 0.0                 nan                 nan                 nan   3.367146038723087e+32   9.236166628287452e+32  1.6991926970876612e+33 
  56912.61137844611                 0.0                 0.0                 0.0                 nan                 nan                 nan   3.367146038723087e+32   9.236166628287452e+32  1.6991926970876612e+33 
  56915.87140350877                 0.0                 0.0                 0.0                 nan                 nan                 nan   3.367146038723087e+32   9.236166628287452e+32  1.6991926970876612e+33 
 56919.131428571425                 0.0                 0.0                 0.0                 nan                 nan                 nan   3.367146038723087e+32   9.236166628287452e+32  1.6991926970876612e+33 
  56922.39145363408                 0.0                 0.0                 0.0                 nan                 nan                 nan   3.367146038723087e+32   9.236166628287452e+32  1.6991926970876612e+33 
  56925.65147869674                 0.0                 0.0                 0.0                 nan                 nan                 nan   3.367146038723087e+32   9.236166628287452e+32  1.6991926970876612e+33 
 56928.911503759395                 0.0                 0.0                 0.0                 nan                 nan                 nan   3.367146038723087e+32   9.236166628287452e+32  1.6991926970876612e+33 
  56932.17152882205                 0.0                 0.0                 0.0                 nan                 nan                 nan   3.367146038723087e+32   9.236166628287452e+32  1.6991926970876612e+33 
  56935.43155388471                 0.0                 0.0                 0.0                 nan                 nan                 nan   3.367146038723087e+32   9.236166628287452e+32  1.6991926970876612e+33 
 56938.691578947364                 0.0                 0.0                 0.0                 nan                 nan                 nan   3.367146038723087e+32   9.236166628287452e+32  1.6991926970876612e+33 
  56941.95160401002                 0.0                 0.0                 0.0                 nan                 nan                 nan   3.367146038723087e+32   9.236166628287452e+32  1.6991926970876612e+33 
  56945.21162907268                 0.0                 0.0                 0.0                 nan                 nan                 nan   3.367146038723087e+32   9.236166628287452e+32  1.6991926970876612e+33 
 56948.471654135334                 0.0                 0.0                 0.0                 nan                 nan                 nan   3.367146038723087e+32   9.236166628287452e+32  1.6991926970876612e+33 
  56951.73167919799                 0.0                 0.0                 0.0                 nan                 nan                 nan   3.367146038723087e+32   9.236166628287452e+32  1.6991926970876612e+33 
  56954.99170426065                 0.0                 0.0                 0.0                 nan                 nan                 nan   3.367146038723087e+32   9.236166628287452e+32  1.6991926970876612e+33 
   56958.2517293233                 0.0                 0.0                 0.0                 nan                 nan                 nan   3.367146038723087e+32   9.236166628287452e+32  1.6991926970876612e+33 
  56961.51175438596                 0.0                 0.0                 0.0                 nan                 nan                 nan   3.367146038723087e+32   9.236166628287452e+32  1.6991926970876612e+33 
 56964.771779448616                 0.0                 0.0                 0.0                 nan                 nan                 nan   3.367146038723087e+32   9.236166628287452e+32  1.6991926970876612e+33 
  56968.03180451127                 0.0                 0.0                 0.0                 nan                 nan                 nan   3.367146038723087e+32   9.236166628287452e+32  1.6991926970876612e+33 
  56971.29182957393                 0.0                 0.0                 0.0                 nan                 nan                 nan   3.367146038723087e+32   9.236166628287452e+32  1.6991926970876612e+33 
 56974.551854636586                 0.0                 0.0                 0.0                 nan                 nan                 nan   3.367146038723087e+32   9.236166628287452e+32  1.6991926970876612e+33 
  56977.81187969925                 0.0                 0.0                 0.0                 nan                 nan                 nan   3.367146038723087e+32   9.236166628287452e+32  1.6991926970876612e+33 
 56981.071904761906                 0.0                 0.0                 0.0                 nan                 nan                 nan   3.367146038723087e+32   9.236166628287452e+32  1.6991926970876612e+33 
  56984.33192982456                 0.0                 0.0                 0.0                 nan                 nan                 nan   3.367146038723087e+32   9.236166628287452e+32  1.6991926970876612e+33 
  56987.59195488722                 0.0                 0.0                 0.0                 nan                 nan                 nan   3.367146038723087e+32   9.236166628287452e+32  1.6991926970876612e+33 
 56990.851979949875                 0.0                 0.0                 0.0                 nan                 nan                 nan   3.367146038723087e+32   9.236166628287452e+32  1.6991926970876612e+33 
  56994.11200501253                 0.0                 0.0                 0.0                 nan                 nan                 nan   3.367146038723087e+32   9.236166628287452e+32  1.6991926970876612e+33 
  56997.37203007519                 0.0                 0.0                 0.0                 nan                 nan                 nan   3.367146038723087e+32   9.236166628287452e+32  1.6991926970876612e+33 
 57000.632055137845                 0.0                 0.0                 0.0                 nan                 nan                 nan   3.367146038723087e+32   9.236166628287452e+32  1.6991926970876612e+33 
   57003.8920802005                 0.0                 0.0                 0.0                 nan                 nan                 nan   3.367146038723087e+32   9.236166628287452e+32  1.6991926970876612e+33 
  57007.15210526316                 0.0                 0.0                 0.0                 nan                 nan                 nan   3.367146038723087e+32   9.236166628287452e+32  1.6991926970876612e+33 
 57010.412130325814                 0.0                 0.0                 0.0                 nan                 nan                 nan   3.367146038723087e+32   9.236166628287452e+32  1.6991926970876612e+33 
  57013.67215538847                 0.0                 0.0                 0.0                 nan                 nan                 nan   3.367146038723087e+32   9.236166628287452e+32  1.6991926970876612e+33 
  57016.93218045113                 0.0                 0.0                 0.0                 nan                 nan                 nan   3.367146038723087e+32   9.236166628287452e+32  1.6991926970876612e+33 
 57020.192205513784                 0.0                 0.0                 0.0                 nan                 nan                 nan   3.367146038723087e+32   9.236166628287452e+32  1.6991926970876612e+33 
  57023.45223057644                 0.0                 0.0                 0.0                 nan                 nan                 nan   3.367146038723087e+32   9.236166628287452e+32  1.6991926970876612e+33 
   57026.7122556391                 0.0                 0.0                 0.0                 nan                 nan                 nan   3.367146038723087e+32   9.236166628287452e+32  1.6991926970876612e+33 
  57029.97228070175                 0.0                 0.0                 0.0                 nan                 nan                 nan   3.367146038723087e+32   9.236166628287452e+32  1.6991926970876612e+33 
  57033.23230576441                 0.0                 0.0                 0.0                 nan                 nan                 nan   3.367146038723087e+32   9.236166628287452e+32  1.6991926970876612e+33 
 57036.492330827066                 0.0                 0.0                 0.0                 nan                 nan                 nan   3.367146038723087e+32   9.236166628287452e+32  1.6991926970876612e+33 
  57039.75235588972                 0.0                 0.0                 0.0                 nan                 nan                 nan   3.367146038723087e+32   9.236166628287452e+32  1.6991926970876612e+33 
  57043.01238095238                 0.0                 0.0                 0.0                 nan                 nan                 nan   3.367146038723087e+32   9.236166628287452e+32  1.6991926970876612e+33 
 57046.272406015036                 0.0                 0.0                 0.0                 nan                 nan                 nan   3.367146038723087e+32   9.236166628287452e+32  1.6991926970876612e+33 
  57049.53243107769                 0.0                 0.0                 0.0                 nan                 nan                 nan   3.367146038723087e+32   9.236166628287452e+32  1.6991926970876612e+33 
  57052.79245614035                 0.0                 0.0                 0.0                 nan                 nan                 nan   3.367146038723087e+32   9.236166628287452e+32  1.6991926970876612e+33 
 57056.052481203005                 0.0                 0.0                 0.0                 nan                 nan                 nan   3.367146038723087e+32   9.236166628287452e+32  1.6991926970876612e+33 
  57059.31250626566                 0.0                 0.0                 0.0                 nan                 nan                 nan   3.367146038723087e+32   9.236166628287452e+32  1.6991926970876612e+33 
  57062.57253132832                 0.0                 0.0                 0.0                 nan                 nan                 nan   3.367146038723087e+32   9.236166628287452e+32  1.6991926970876612e+33 
 57065.832556390975                 0.0                 0.0                 0.0                 nan                 nan                 nan   3.367146038723087e+32   9.236166628287452e+32  1.6991926970876612e+33 
  57069.09258145363                 0.0                 0.0                 0.0                 nan                 nan                 nan   3.367146038723087e+32   9.236166628287452e+32  1.6991926970876612e+33 
  57072.35260651629                 0.0                 0.0                 0.0                 nan                 nan                 nan   3.367146038723087e+32   9.236166628287452e+32  1.6991926970876612e+33 
 57075.612631578944                 0.0                 0.0                 0.0                 nan                 nan                 nan   3.367146038723087e+32   9.236166628287452e+32  1.6991926970876612e+33 
   57078.8726566416                 0.0                 0.0                 0.0                 nan                 nan                 nan   3.367146038723087e+32   9.236166628287452e+32  1.6991926970876612e+33 
  57082.13268170426                 0.0                 0.0                 0.0                 nan                 nan                 nan   3.367146038723087e+32   9.236166628287452e+32  1.6991926970876612e+33 
 57085.392706766914                 0.0                 0.0                 0.0                 nan                 nan                 nan   3.367146038723087e+32   9.236166628287452e+32  1.6991926970876612e+33 
  57088.65273182957                 0.0                 0.0                 0.0                 nan                 nan                 nan   3.367146038723087e+32   9.236166628287452e+32  1.6991926970876612e+33 
  57091.91275689223                 0.0                 0.0                 0.0                 nan                 nan                 nan   3.367146038723087e+32   9.236166628287452e+32  1.6991926970876612e+33 
  57095.17278195488                 0.0                 0.0                 0.0                 nan                 nan                 nan   3.367146038723087e+32   9.236166628287452e+32  1.6991926970876612e+33 
  57098.43280701754                 0.0                 0.0                 0.0                 nan                 nan                 nan   3.367146038723087e+32   9.236166628287452e+32  1.6991926970876612e+33 
 57101.692832080196                 0.0                 0.0                 0.0                 nan                 nan                 nan   3.367146038723087e+32   9.236166628287452e+32  1.6991926970876612e+33 
  57104.95285714285                 0.0                 0.0                 0.0                 nan                 nan                 nan   3.367146038723087e+32   9.236166628287452e+32  1.6991926970876612e+33 
  57108.21288220551                 0.0                 0.0                 0.0                 nan                 nan                 nan   3.367146038723087e+32   9.236166628287452e+32  1.6991926970876612e+33 
 57111.472907268166                 0.0                 0.0                 0.0                 nan                 nan                 nan   3.367146038723087e+32   9.236166628287452e+32  1.6991926970876612e+33 
  57114.73293233082                 0.0                 0.0                 0.0                 nan                 nan                 nan   3.367146038723087e+32   9.236166628287452e+32  1.6991926970876612e+33 
  57117.99295739348                 0.0                 0.0                 0.0                 nan                 nan                 nan   3.367146038723087e+32   9.236166628287452e+32  1.6991926970876612e+33 
 57121.252982456135                 0.0                 0.0                 0.0                 nan                 nan                 nan   3.367146038723087e+32   9.236166628287452e+32  1.6991926970876612e+33 
  57124.51300751879                 0.0                 0.0                 0.0                 nan                 nan                 nan   3.367146038723087e+32   9.236166628287452e+32  1.6991926970876612e+33 
  57127.77303258145                 0.0                 0.0                 0.0                 nan                 nan                 nan   3.367146038723087e+32   9.236166628287452e+32  1.6991926970876612e+33 
 57131.033057644105                 0.0                 0.0                 0.0                 nan                 nan                 nan   3.367146038723087e+32   9.236166628287452e+32  1.6991926970876612e+33 
  57134.29308270676                 0.0                 0.0                 0.0                 nan                 nan                 nan   3.367146038723087e+32   9.236166628287452e+32  1.6991926970876612e+33 
  57137.55310776942                 0.0                 0.0                 0.0                 nan                 nan                 nan   3.367146038723087e+32   9.236166628287452e+32  1.6991926970876612e+33 
  57140.81313283208                 0.0                 0.0                 0.0                 nan                 nan                 nan   3.367146038723087e+32   9.236166628287452e+32  1.6991926970876612e+33 
  57144.07315789474                 0.0                 0.0                 0.0                 nan                 nan                 nan   3.367146038723087e+32   9.236166628287452e+32  1.6991926970876612e+33 
 57147.333182957394                 0.0                 0.0                 0.0                 nan                 nan                 nan   3.367146038723087e+32   9.236166628287452e+32  1.6991926970876612e+33 
  57150.59320802005                 0.0                 0.0                 0.0                 nan                 nan                 nan   3.367146038723087e+32   9.236166628287452e+32  1.6991926970876612e+33 
  57153.85323308271                 0.0                 0.0                 0.0                 nan                 nan                 nan   3.367146038723087e+32   9.236166628287452e+32  1.6991926970876612e+33 
 57157.113258145364                 0.0                 0.0                 0.0                 nan                 nan                 nan   3.367146038723087e+32   9.236166628287452e+32  1.6991926970876612e+33 
  57160.37328320802                 0.0                 0.0                 0.0                 nan                 nan                 nan   3.367146038723087e+32   9.236166628287452e+32  1.6991926970876612e+33 
  57163.63330827068                 0.0                 0.0                 0.0                 nan                 nan                 nan   3.367146038723087e+32   9.236166628287452e+32  1.6991926970876612e+33 
  57166.89333333333                 0.0                 0.0                 0.0                 nan                 nan                 nan   3.367146038723087e+32   9.507462497861092e+32  1.8404747751486834e+33 
  57170.15335839599                 0.0                 0.0                 0.0                 nan                 nan                 nan   3.367146038723087e+32  1.0214980436198697e+33  2.0488308740637285e+33 
  57173.41338345865                 0.0                 0.0   54917089007276.84  50503.338641620765                 nan                 nan   3.528985544302781e+32  1.1214009951801784e+33  1.3614165073072276e+43 
   57176.6734085213                 0.0                 0.0  145512774175074.84  33477.539466661394                 nan                 nan   4.592037129517872e+32  1.7853750799792644e+33   1.879049647148889e+43 
  57179.93343358396                 0.0   42469291246066.95  236476351781242.22   27138.59575553237  56756.581795829436                 nan   7.338848334249563e+32  1.1466125432352356e+43  2.1074966571221306e+43 
 57183.193458646616                 0.0  131989119621291.88   325211186948462.7   23443.01446638566   33435.31365839029                 nan   1.483297342205581e+33  1.6876027279135662e+43   2.247744415597494e+43 
  57186.45348370927  45833419848069.125  232702405581735.62   415611774511855.5  21037.335301264702  26405.920108805367    53609.7320137129  1.1243574074021616e+43  1.9500787547442812e+43   2.354875644389111e+43 
  57189.71350877193  142547033982060.53   337373430043340.0  503883479790926.06   19211.22107570324  22603.615996107044    33110.8034249561  1.5781875496741046e+43  2.1209973909273559e+43  2.4495545638125015e+43 
 57192.973533834585  240778187679287.16   439497039034727.1   597649515034577.2   17770.25901975278  20160.217542748556   26038.81423664893  1.8241077437995852e+43  2.2467882308382136e+43  2.5256067244068256e+43 
  57196.23355889724   337603415577923.4   535503084789113.6   688060374463265.9  16647.836749052276  18478.785144457535  22273.066749683643  1.9914443844327128e+43   2.333428623076446e+43   2.571508822736922e+43 
   57199.4935839599   437791650017320.0   627846210286942.4   779868438035281.8  15681.626899953691  17024.516590128624   19939.90423971833  2.0818679696232102e+43   2.385984197507913e+43   2.619866274833329e+43 
 57202.753609022555  541940733880958.25   723401986252191.2   869898359580789.1  14819.863640495134  15983.883171829057    18070.1900652354  2.1583722796681448e+43   2.438529520234443e+43   2.650355168037688e+43 
  57206.01363408521   639586095690799.5   818789786640664.2   966833849579539.6  14133.683356631336   15088.58498445362  16797.565630528414  2.2222939575619775e+43   2.481257805561389e+43  2.6641408371697066e+43 
  57209.27365914787   740839621504290.4   915431229961901.2  1062695159479672.9  13511.386539414005  14313.736769148756  15758.382823642676   2.267679586350874e+43   2.513107922190705e+43   2.683214863399655e+43 
 57212.533684210524   842729248916499.5  1008908456739552.2  1153122305299856.2   12938.17167098008  13625.679873879957  14861.469865563238   2.294827542752812e+43   2.523799571234526e+43   2.706547982636466e+43 
  57215.79370927318   936576515119827.5  1103433170728396.8  1251058020827191.5  12427.573889588448  13042.401615324648  14123.984466223501  2.3127625253346423e+43  2.5265750346362915e+43  2.7107289583594385e+43 
  57219.05373433584  1026083828940918.1  1198015884746746.5  1347694859300944.8  11963.512804894746  12520.328581006072  13475.558390177592  2.3275876593862244e+43   2.519911288888234e+43   2.700734615351861e+43 
 57222.313759398494  1121413791935804.8  1285882113075906.5  1437917030815473.0  11535.289232451787  12060.487070261352  12864.869454797441   2.329497909333734e+43  2.5024947841914444e+43  2.6772226855907895e+43 
  57225.57378446115  1223826571503344.8  1377746559836480.0  1531695997599189.8  11135.642211045113  11648.125942959885  12346.922187554417   2.327812299815776e+43  2.4866335802205137e+43  2.6575692636934405e+43 
  57228.83380952381  1315905444728649.0  1469833599580753.0  1622555826726451.0   10766.92856221389   11221.69539613435  11865.834012327998  2.3160524930387334e+43   2.464042996208255e+43   2.633574590886306e+43 
  57232.09383458646  1407415453869597.2  1568707520897528.5  1718560969961300.5  10418.015690754602   10840.81527444072  11435.000682641567   2.295685340262859e+43  2.4362698021286883e+43   2.605014916972432e+43 
           57233.31  1441882074970675.0  1606259287551970.8  1755086397905161.2  10292.771787008496  10700.798998008811  11287.909295983765  2.2828203917687435e+43   2.427017038146037e+43   2.590810987664282e+43 
  57235.35385964912  1498566994924222.2  1667367103367442.0  1812553008939133.0  10093.430410490555  10475.381169621473  11048.107671326981    2.26049243146091e+43  2.4079354528992606e+43   2.563072540724579e+43 
           57237.26  1553586700891657.0  1729296623709087.0  1869466521772548.0   9914.364122976249  10284.538069888855  10831.196005770507  2.2443022621198737e+43  2.3877027004257656e+43   2.535604259465617e+43 
 57238.613884711776  1590157687098083.8  1767346725868449.0  1907734697005959.5   9791.896527947845  10152.103637219898  10685.635279162294  2.2324930312158197e+43  2.3729434666328885e+43   2.519307387675756e+43 
           57240.96  1653678622048186.2  1834268103827981.0  1974048726691570.2   9589.265067102746   9932.632010489498  10452.883215870806  2.2109240175588002e+43    2.34477348764929e+43   2.486888140640131e+43 
           57241.24  1661312575921311.0  1841807922313810.0  1982260330610465.0   9565.936430402993    9907.66534402899  10424.497173387004  2.2082300067000175e+43  2.3414058784783175e+43  2.4831512986758055e+43 
  57241.87390977443  1678595568699093.0  1859071696797259.5  2000957207963402.5   9515.021494797613   9851.256729479128  10360.314543152777  2.2020364469814394e+43   2.333610704333381e+43  2.4749560452495504e+43 
           57242.28  1689758148882060.0  1870668687549705.2  2013036540957897.2   9481.072491793178   9815.477090491124  10319.505451804414  2.1981293523783407e+43    2.32815311966872e+43  2.4690467076421554e+43 
           57243.93  1735305219551899.5  1921529517526383.5  2066116376034114.2       9347.31238322   9656.700980235635   10156.88874542987  2.1808601282747325e+43  2.3062753521406257e+43   2.445059877738513e+43 
           57244.28  1744966719390907.8  1931918747550196.0  2077489141360796.2   9317.717759163104   9626.673186027772  10123.145048940809  2.1768916728411142e+43  2.3011050014184056e+43  2.4395995649213053e+43 
           57244.92  1762633461953722.8  1950444644350256.5  2098285055101082.0   9264.846585134484   9571.429199001388  10061.369072803225  2.1700260743666555e+43   2.291951557905216e+43  2.4296861416204993e+43 
           57244.93  1762909504806323.2  1950727659574618.5  2098609991253340.5   9264.023994469853    9570.61908858599  10060.411690758216   2.169919975548222e+43  2.2918050347902643e+43   2.429528840660525e+43 
  57245.13393483709  1768538980222643.2  1956499325940843.8  2105170206992238.5   9247.247335678774   9553.796456801778   10040.97947811799  2.1677281394470792e+43  2.2887741450482385e+43   2.426298932181516e+43 
           57245.92  1790237747208146.2  1978705848270443.5  2130351220004452.8   9182.968495222518   9481.096169098004   9962.801363496257   2.159178143950151e+43  2.2776292401547704e+43   2.413325539729427e+43 
           57246.26  1799623204194754.8  1987995423272930.8  2141242867196354.0   9154.931904809937   9452.403756242853   9928.955706217508  2.1554153835769412e+43   2.272897858990493e+43   2.407878487023919e+43 
 57248.393959899746  1867747331677848.5  2051461057655136.0  2209602685871104.2   8976.877475159263    9276.52092222765   9717.292265952856   2.130520465701529e+43   2.240288806408966e+43  2.3712497143639496e+43 
           57250.26  1925316107055889.5  2107883440561374.5  2268725254867000.5    8834.98269597194   9129.275692697562   9550.474795445487  2.1045334372794308e+43  2.2104363653363026e+43  2.3386252594083114e+43 
   57251.6539849624  1961664091279559.2  2148926938126036.0  2313031325885007.5   8736.079419321424   9023.819813028516   9429.917797767908  2.0847887195339668e+43   2.187521847646379e+43   2.313769724980485e+43 
  57254.91401002506  2047789465240371.5  2248524254386501.5  2414140646044562.5   8504.734143784632    8776.33798214541   9168.624184025295  2.0397756526653344e+43  2.1363692019334755e+43  2.2569717548957167e+43 
           57255.25  2056665857808750.5  2259163881757362.0  2424225500985001.5    8480.64153608695    8751.96793922397   9141.987200512396  2.0350963592918045e+43   2.130357838191306e+43   2.250815394103749e+43 
 57258.174035087715  2137268513101274.8  2346845113202188.0  2500007921311435.5   8283.838447685985   8536.180832476552   8917.316547892338  1.9905505270781424e+43  2.0806440300275156e+43  2.1981554759451943e+43 
           57258.96  2160318400115080.8  2371561839253846.0  2522868717593878.5   8251.941492691833   8479.108478856915   8858.196713990388   1.978674047860889e+43  2.0670198508780436e+43  2.1837945381821386e+43 
           57258.97  2160612104442881.0  2371854690307430.0  2523155929419575.5   8251.941492691833    8478.38153064468    8857.44584748106  1.9785224724643577e+43  2.0668467794333336e+43  2.1836069774060842e+43 
  57261.43406015037  2232982617440555.2  2424662679546653.0  2587043678365615.0   8118.322861763638    8327.91026927084   8678.647079675688  1.9396791406192602e+43  2.0232021389532873e+43   2.138405183801469e+43 
           57263.91  2295743922028275.5  2478161843988989.0  2628859503977882.0   8004.458895567091   8208.557636294157   8508.716424913715  1.8984185448861773e+43  1.9797773253845068e+43   2.091594126899543e+43 
  57264.69408521303  2314196864902051.5  2482919981595084.0  2623792115497774.0   7972.448037695989   8166.209609347684   8456.220685480725  1.8854507716098283e+43  1.9659168511580594e+43   2.077419366636719e+43 
 57267.954110275685  2364919941634278.5  2539220229387461.5  2662220212608915.5    7873.42416852848   8044.888231701296    8309.83756618782  1.8310480188252777e+43  1.9073357478343742e+43  2.0146335923706706e+43 
  57271.21413533834  2349590763710699.0  2534035525838569.0  2670658957571482.0   7814.465328404887   7971.630089216186   8260.526747897844  1.7739453982218694e+43  1.8475492741780743e+43  1.9517314851426602e+43 
           57272.89  2372610819790126.0  2522023376947389.0  2657009705113820.5   7791.305770198377   7954.916970236814   8249.406327909315  1.7440164029880946e+43  1.8154006633543515e+43  1.9180407546269486e+43 
    57274.474160401  2352325241789408.0  2508904438725821.0  2657360197648638.5   7782.748934257749   7942.611462763488   8220.272564847524   1.714429111681393e+43   1.784891059518088e+43  1.8867005742891652e+43 
 57277.734185463654  2321790288873906.0  2468242167926041.0  2625348750011016.5   7754.659229150094    7931.86640304547   8220.272564847524  1.6546709025839026e+43   1.722350115096538e+43  1.8211186518664447e+43 
  57280.99421052631  2279984325764975.0  2426826347288455.0  2585017734665562.5   7746.006643321564   7930.001586880919   8220.272564847524  1.5967426215159842e+43  1.6613639057651338e+43  1.7564268772005946e+43 
  57284.25423558897  2237400519821700.5  2381388839420727.5  2541152161289560.0   7732.792892093163   7930.001586880919   8220.272564847524  1.5383709973819497e+43   1.599614633828782e+43  1.6897963395200718e+43 
 57287.514260651624  2194562333855529.5  2334076111325188.0  2489598846797257.0   7732.792892093163   7930.001586880919   8220.272564847524  1.4787036318774613e+43  1.5379129601444858e+43  1.6244896246663014e+43 
  57290.77428571428  2150902987390622.5  2286310829643066.0  2437752311739597.0   7732.792892093163   7930.001586880919   8220.272564847524  1.4201962410248047e+43  1.4755266298410787e+43  1.5597125201759772e+43 
           57292.86  2122161806346206.0  2255950162052418.0  2404785688550746.5   7732.792892093163   7930.001586880919   8220.272564847524  1.3835424696106558e+43  1.4370270943812476e+43  1.5189861282738838e+43 
  57294.03431077694  2105953501017125.8  2238682605510221.5  2386003872743636.5   7732.792892093163   7930.001586880919   8220.272564847524  1.3623507384954663e+43  1.4147827256807286e+43  1.4957441498569988e+43 
  57297.29433583959  2060166672222874.2  2190109370015614.5  2335194058781916.0   7732.792892093163   7930.001586880919   8220.272564847524     1.3026899887245e+43  1.3540753717640008e+43  1.4302071552472456e+43 
  57300.55436090226  2013998616507063.8  2140561245670492.5  2283474396029458.5   7732.792892093163   7930.001586880919   8220.272564847524   1.244554773135399e+43  1.2943040273506973e+43   1.366080631765969e+43 
  57303.81438596491  1967305958707986.2  2090571557104107.5  2231076574844371.0   7732.792892093163   7930.001586880919   8220.272564847524   1.187493913900156e+43  1.2365258520693104e+43  1.3046133752312355e+43 
  57307.07441102757  1920267261057997.8  2039818769644327.0  2177890074118956.0   7732.792892093163   7930.001586880919   8220.272564847524   1.131272631061269e+43  1.1798288272959017e+43   1.242718595229801e+43 
           57309.87  1879911229389527.0  1996510136404194.0  2132133548287707.0   7732.792892093163   7930.001586880919   8220.272564847524  1.0843535973110077e+43  1.1306233075798539e+43  1.1902867007441613e+43 
  57310.33443609023  1873165837009913.8  1989296182841136.8  2124584282806859.0   7732.792892093163   7930.001586880919   8220.272564847524  1.0765960680658244e+43  1.1224579731863883e+43  1.1816473621852936e+43 
  57313.59446115288  1825658722785025.2  1938759926376455.5  2071185000211239.8   7732.792892093163   7930.001586880919   8220.272564847524  1.0233361519327766e+43  1.0656148000180256e+43  1.1220546344883144e+43 
            57316.8  1778872798876483.2  1889703986302836.5  2018534464951050.2   7732.792892093163   7930.001586880919   8220.272564847524   9.727794819426888e+42  1.0111737565409708e+43  1.0649811564541355e+43 
  57316.85448621554  1778080723898391.5  1888875077631294.5  2017640947707530.8   7732.792892093163   7930.001586880919   8220.272564847524   9.719199310268641e+42  1.0102818455187508e+43  1.0640223928887205e+43 
            57317.8  1764491927723081.2  1874371192309458.0  2002076113680582.8   7732.792892093163   7930.001586880919   8220.272564847524    9.56852442110462e+42   9.948925501606536e+42   1.047339984787689e+43 
 57320.114511278196  1730898576079436.0  1838685230577927.8  1963776260476898.8   7732.792892093163   7930.001586880919   8220.272564847524   9.210083310048904e+42    9.57766945079926e+42  1.0074795247422924e+43 
  57323.37453634085  1683440013669995.8  1788800371009554.0  1909977730254748.5   7732.792892093163   7930.001586880919   8220.272564847524   8.723174183102012e+42   9.064669004776542e+42   9.509898495025536e+42 
  57326.63456140351  1636237645252031.8  1738149169153023.8  1855957321389784.0   7732.792892093163   7930.001586880919   8220.272564847524   8.247208240246712e+42   8.563458660513906e+42   8.981252647897297e+42 
 57329.894586466165  1589365227170501.5  1688138689670824.8  1801972510069400.8   7732.792892093163   7930.001586880919   8220.272564847524   7.785288697116116e+42   8.080110208029255e+42   8.459673733958887e+42 
           57330.79  1576586953275848.0  1674198479851537.5  1787175102055775.8   7732.792892093163   7930.001586880919   8220.272564847524   7.660414829920696e+42    7.95243869350066e+42   8.322248488451864e+42 
  57333.15461152882  1542918642339213.0  1637801933469035.0  1748296914791024.8   7732.792892093163   7930.001586880919   8220.272564847524   7.338100809982696e+42    7.61276358552363e+42   7.961320941618693e+42 
  57336.41463659148  1496962677741454.8  1587608873996148.0  1695793521812620.5   7732.792892093163   7930.001586880919   8220.272564847524   6.904996846201718e+42   7.163584365334687e+42   7.494456266296339e+42 
 57339.674661654135  1451539510033989.5  1538328681846139.0  1644229363371844.2   7732.792892093163   7930.001586880919   8220.272564847524   6.486179365886542e+42   6.731596243693667e+42   7.048062414936686e+42 
           57342.71  1409310691279148.8  1493294836383537.0  1596245673892534.0   7732.792892093163   7930.001586880919   8220.272564847524   6.109784628457452e+42   6.340613629149033e+42   6.649530637091079e+42 
  57342.93468671679  1406207455775357.8  1490039042795200.5  1592653362078758.5   7732.792892093163   7930.001586880919   8220.272564847524   6.083513602510466e+42   6.312495701732807e+42   6.620457438224923e+42 
  57346.19471177945  1362140811390026.2  1442409078322756.5  1540778885373449.5   7732.792892093163   7930.001586880919   8220.272564847524   5.701363229621465e+42   5.915849583106633e+42   6.209181749424936e+42 
 57349.454736842104  1319059230974756.0  1394901232429701.5  1490631291547017.2   7732.792892093163   7930.001586880919   8220.272564847524   5.338078671498648e+42   5.533148264324491e+42   5.816040749813261e+42 
  57352.71476190476  1275904841794342.8  1349149597108398.5  1442413601968812.8   7732.792892093163   7930.001586880919   8220.272564847524   4.996545377162946e+42   5.172808649605652e+42   5.434661982390283e+42 
  57355.97478696742  1233443916661311.8  1304440343076589.0  1394865445450169.0   7732.792892093163   7930.001586880919   8220.272564847524   4.670122559721171e+42   4.836602338495159e+42   5.075358270306878e+42 
           57359.22  1191926840247760.0  1260298196647791.0  1348243237405321.8   7732.792892093163   7930.001586880919   8220.272564847524  4.3633496922405804e+42   4.514760499845938e+42  4.7350787802189034e+42 
           57359.23  1191799164358341.5  1260162636250700.0  1348098164388960.0   7732.792892093163   7930.001586880919   8220.272564847524   4.362431906541044e+42  4.5137951208959605e+42  4.7340566315529116e+42 
 57359.234812030074  1191737729608033.5  1260097403364190.2  1348028353833566.5   7732.792892093163   7930.001586880919   8220.272564847524  4.3619902935600584e+42  4.5133306116842154e+42   4.733564863835294e+42 
  57362.49483709273  1150737121709827.0  1216213341920255.2  1301337291742026.2   7732.792892093163   7930.001586880919   8220.272564847524   4.069221139310828e+42  4.2089579029353675e+42   4.413494299702519e+42 
  57365.75486215539  1110748019872586.0  1173818363792594.0  1255713483406850.8   7732.792892093163   7930.001586880919   8220.272564847524  3.7936336655495526e+42   3.926760554136646e+42  4.1129111266208495e+42 
  57369.01488721804  1071820924220252.9  1133522259881726.5  1210811548187985.8   7732.792892093163   7930.001586880919   8220.272564847524  3.5357527802223684e+42   3.658294147346776e+42   3.821754284856493e+42 
   57372.2749122807  1033946679771321.0  1093661611378892.2  1166720290366326.5   7732.792892093163   7930.001586880919   8220.272564847524  3.2934794023347426e+42   3.405893912090728e+42  3.5573373326750636e+42 
  57375.53493734336   997227384269714.9  1054691510948399.5  1124228905268062.4   7732.792892093163   7930.001586880919   8220.272564847524  3.0632448575255966e+42  3.1641538952588195e+42   3.310451024664501e+42 
  57378.79496240601   961738613940578.2  1017027929281634.5  1084152427720998.4   7732.792892093163   7930.001586880919   8220.272564847524   2.846113582427984e+42   2.941224386362495e+42      3.080525655172e+42 
  57382.05498746867   927329480448413.6   979975836341421.5  1045272200130913.2   7732.792892093163   7930.001586880919   8220.272564847524  2.6449621313974832e+42  2.7330566237328876e+42   2.865022297635881e+42 
 57385.315012531326   893961273380321.8   944766650376276.8  1007633596767411.4   7732.792892093163   7930.001586880919   8220.272564847524  2.4547830624588635e+42  2.5393937821828483e+42   2.662529498492644e+42 
           57386.21   885008080646324.6   935089379766276.5   997437027365884.6   7732.792892093163   7930.001586880919   8220.272564847524   2.404635885977029e+42  2.4884134815117016e+42  2.6090315634783395e+42 
           57386.22   884908435486797.9   934981721609441.2   997323073441133.5   7732.792892093163   7930.001586880919   8220.272564847524  2.4040818268985782e+42  2.4878500253042428e+42  2.6084394372752847e+42 
  57388.57503759398   861624196542829.6   909888891217270.8   970904911620233.1   7732.792892093163   7930.001586880919   8220.272564847524   2.277484783590444e+42   2.358548493208015e+42  2.4723952479937877e+42 
  57391.83506265664   830187453647047.9   876849676250372.6   935413823547563.5   7732.792892093163   7930.001586880919   8220.272564847524   2.112694823896669e+42   2.188647109354177e+42  2.2986232934335473e+42 
 57395.095087719295   799857547058970.2   844759532626370.6   901114000915590.9   7732.792892093163   7930.001586880919   8220.272564847524  1.9627171714516994e+42  2.0307968366328617e+42  2.1367530056465354e+42 
  57398.35511278195   770129052340951.6   814098821342160.4   868088720190740.1   7732.792892093163   7930.001586880919   8220.272564847524  1.8216581269042106e+42  1.8852127975448557e+42  1.9855036694398955e+42 
  57401.61513784461   742100707119750.6   784716799770981.5   837020578123285.8   7732.792892093163   7930.001586880919   8220.272564847524   1.687788539371085e+42   1.751442762813005e+42  1.8447887133408345e+42 
 57404.875162907265   715381563335301.1   756650282760100.5   806763992569295.5   7732.792892093163   7930.001586880919   8220.272564847524   1.564634515086185e+42   1.623604796804099e+42   1.715916178066404e+42 
  57408.13518796992   688896642705166.6   729655750419209.5   777657746326031.1   7732.792892093163   7930.001586880919   8220.272564847524   1.453677562819497e+42  1.5091195890630325e+42   1.598781916503427e+42 
  57411.39521303258   663778256421237.1   703378702860015.0   749731978706725.0   7732.792892093163   7930.001586880919   8220.272564847524  1.3508299363022441e+42  1.4032489318201978e+42   1.485866358880073e+42 
 57414.655238095234   639837403305840.0   677771117918891.2   722493128993613.9   7732.792892093163   7930.001586880919   8220.272564847524  1.2550230145624104e+42  1.3075842027356155e+42  1.3802358517375109e+42 
  57417.91526315789   617214190452273.6   653195697244482.2   696094982636205.5   7732.792892093163   7930.001586880919   8220.272564847524   1.165599934833094e+42  1.2154349674450317e+42  1.2865632345206952e+42 
  57421.17528822055   595622016733147.8   629691861493252.8   670891318537838.9   7732.792892093163   7930.001586880919   8220.272564847524   1.084828201666618e+42  1.1330984996064399e+42  1.1956712664965518e+42 
 57424.435313283204   574983858537144.6   607705656782587.0   647279890474995.2   7732.792892093163   7930.001586880919   8220.272564847524  1.0100405665637123e+42  1.0558189093117796e+42  1.1122023498087772e+42 
           57426.23   564043938716364.8   596169341945994.0   634521501431727.9   7732.792892093163   7930.001586880919   8220.272564847524   9.733229505046867e+41  1.0150290788954963e+42  1.0681501513606359e+42 
  57427.69533834586   555315960087676.9   586976224231464.4   624126455299824.9   7732.792892093163   7930.001586880919   8220.272564847524   9.434805036349696e+41   9.837725833738334e+41  1.0336709909588012e+42 
           57429.19   546599427790332.5   577479601410402.2   613693746409569.1   7732.792892093163   7930.001586880919   8220.272564847524   9.136537227614998e+41   9.530571432700687e+41   9.998646235900629e+41 
            57429.2   546541725219378.7   577416140000230.8   613624802168322.2   7732.792892093163   7930.001586880919   8220.272564847524   9.134537879303652e+41   9.528501510682072e+41   9.996426226916252e+41 
  57430.95536340852  536545181959478.06   566413407434315.2   602071356159504.6   7732.792892093163   7930.001586880919   8220.272564847524   8.794154835522599e+41   9.171431605030445e+41   9.626724903619674e+41 
  57434.21538847117   518325230809776.7   547435888699150.4   581195616910044.0   7732.792892093163   7930.001586880919   8220.272564847524   8.210966473739646e+41   8.572762381988908e+41   9.003042901503024e+41 
  57437.47541353383   500744348521425.6   529146635674080.5   561207017440610.3   7732.792892093163   7930.001586880919   8220.272564847524    7.66254962521852e+41   8.029930130392921e+41   8.432293881968366e+41 
 57440.735438596486   483978952996824.6   511584301015960.4   542296452596858.9   7732.792892093163   7930.001586880919   8220.272564847524   7.160754042083296e+41   7.526463909082927e+41   7.901861464887695e+41 
  57443.99546365914  468122423413629.56  495046490610512.25  525337886021583.25   7732.792892093163   7930.001586880919   8220.272564847524   6.707662640625569e+41   7.060884927953622e+41    7.40021568337326e+41 
   57447.2554887218   453140134531924.2   479575259081186.1   509221366489929.7   7732.792892093163   7930.001586880919   8220.272564847524   6.291595761438491e+41   6.626783471183138e+41   6.963852894476415e+41 
 57450.515513784456   439449366437521.3   464926490488986.0   493905777506110.7   7732.792892093163   7930.001586880919   8220.272564847524   5.910438607521842e+41   6.224747341803867e+41   6.562728720213053e+41 
  57453.77553884711   425662124862561.9   450997011208079.1  479287958046625.25   7732.792892093163   7930.001586880919   8220.272564847524   5.562301219694611e+41  5.8587711747925405e+41   6.187454139970854e+41 
  57457.03556390977   412401398131182.5   437391208483224.5  465620053884075.06   7732.792892093163   7930.001586880919   8220.272564847524  5.2196702660829185e+41   5.512065390258113e+41   5.833619301558417e+41 
 57460.295588972425  399605812734425.94   424592822775829.8  452998072691691.94   7732.792892093163   7930.001586880919   8220.272564847524   4.912544678218825e+41   5.204912703899542e+41   5.507497725186944e+41 
  57463.55561403508  387521578279808.94   413197457855920.7   440888538486691.6   7732.792892093163   7930.001586880919   8220.272564847524  4.6293085506448565e+41  4.9111812728645005e+41   5.204909850674434e+41 
           57464.19   385344545796674.3  411076089554734.94   438619267574680.2   7732.792892093163   7930.001586880919   8220.272564847524   4.576820296939371e+41    4.85696458975751e+41  5.1483955501854625e+41 
 57466.815639097746   376547289308143.0  402466011478981.94   429505407771214.6   7732.792892093163   7930.001586880919   8220.272564847524   4.365646233226089e+41   4.638649915325653e+41   4.927022492646695e+41 
   57470.0756641604   366288908945618.0  391745522325607.06   418686015327105.5   7732.792892093163   7930.001586880919   8220.272564847524   4.119536902477386e+41   4.391391581499823e+41   4.668760322461078e+41 
  57473.33568922306   356704238820076.8   381558321126877.5   408240921929309.2   7732.792892093163   7930.001586880919   8220.272564847524   3.892439592388096e+41   4.164663318707611e+41  4.4272226142271855e+41 
 57476.595714285715  347473081846676.94  371884655087069.25   398181560489177.2   7732.792892093163   7930.001586880919   8220.272564847524   3.686948987259577e+41   3.957857273809903e+41   4.202719712625184e+41 
           57479.18  339998611459778.94   364785313402197.2   390512058114673.1   7732.792892093163   7930.001586880919   8220.272564847524   3.539870862287916e+41   3.801086158501081e+41   4.036347684669127e+41 
  57479.85573934837   338092561958618.6   362898123578329.5  388476642654022.25   7732.792892093163   7930.001586880919   8220.272564847524   3.503060054285902e+41   3.761636838765255e+41     3.9950022367724e+41 
  57483.11576441103  329365477830990.44   354067850035255.5   379521177785271.3   7732.792892093163   7930.001586880919   8220.272564847524   3.334985379480677e+41   3.577983293820504e+41     3.8041613600573e+41 
 57486.375789473685   321110594457049.1   345654066244996.6   370672251655532.0   7732.792892093163   7930.001586880919   8220.272564847524  3.1690360456451343e+41  3.4098838379701906e+41  3.6332697202922506e+41 
           57488.02   317096816970257.7   341557605950902.0  366196201658075.94   7732.792892093163   7930.001586880919   8220.272564847524   3.089203050469482e+41  3.3292139178919778e+41   3.551024656330479e+41 
           57488.04  317048599359404.56   341508386306106.5  366142445350804.75   7732.792892093163   7930.001586880919   8220.272564847524  3.0882678731587853e+41  3.3282262149634953e+41  3.5500326653276346e+41 
  57489.63581453634   313245974916936.8   337628393703101.0   361769250032337.0   7732.792892093163   7930.001586880919   8220.272564847524  3.0173004361334004e+41  3.2508171086223486e+41  3.4742010689903637e+41 
    57492.895839599   305804950835862.0  329971654142035.56  353292501353448.25   7732.792892093163   7930.001586880919   8220.272564847524  2.8774504491183493e+41   3.105248529969702e+41  3.3235394813455346e+41 
 57496.155864661654   298799172903442.4  322655868558365.25   345506766177505.3   7732.792892093163   7930.001586880919   8220.272564847524  2.7426125998179237e+41  2.9674955597946728e+41   3.174482146083054e+41 
  57499.41588972431   292093252226572.4  315613458513957.56   338236329069389.6   7732.792892093163   7930.001586880919   8220.272564847524  2.6168373944369733e+41   2.836488283573032e+41   3.037342004240506e+41 
  57502.67591478697  285546932974405.06  308922049157297.06   331171991919105.8   7732.792892093163   7930.001586880919   8220.272564847524   2.499548747445366e+41  2.7117238913858553e+41   2.914397844102564e+41 
  57505.93593984962  279326537491727.16   302305194515913.8   324308654564114.0   7732.792892093163   7930.001586880919   8220.272564847524  2.3900476543006345e+41  2.5957133722386406e+41   2.798693014362484e+41 
  57509.19596491228  273365855326418.22   295796265663068.9  317708111145508.06   7732.792892093163   7930.001586880919   8220.272564847524  2.2874459886167354e+41   2.487042453203125e+41  2.6881952701898177e+41 
  57512.45598997494  267648440917411.53   289591442622170.5   311352590726635.0   7732.792892093163   7930.001586880919   8220.272564847524  2.1915497878813817e+41  2.3866529234642706e+41  2.5822004976823597e+41 
  57515.71601503759   262156316566222.4  283434579035053.75  305225200328877.25   7732.792892093163   7930.001586880919   8220.272564847524  2.1019373979242087e+41  2.2920820675963033e+41   2.482062311110992e+41 
  57518.97604010025  256877784758636.97  277564529330828.25   299314424001388.7   7732.792892093163   7930.001586880919   8220.272564847524   2.017067891314939e+41  2.2028995355031563e+41  2.3873526727561038e+41 
 57522.236065162906   251660044247529.6  272123558057600.03   293607395304105.0   7732.792892093163   7930.001586880919   8220.272564847524  1.9372690511028248e+41  2.1186853567443796e+41  2.2956480806447453e+41 
  57525.49609022556  246660944106747.38  266971124945944.06   288091091446098.5   7732.792892093163   7930.001586880919   8220.272564847524   1.864150529867081e+41   2.039060057885423e+41  2.2087721599623916e+41 
  57528.75611528822  241924779279191.25   262011891041106.7   282754392239601.9   7732.792892093163   7930.001586880919   8220.272564847524  1.7949296626978045e+41   1.963654173796017e+41   2.127796041574669e+41 
 57532.016140350876   237354692877054.0   257295510111848.8  277587804388988.66   7732.792892093163   7930.001586880919   8220.272564847524  1.7268542402031594e+41   1.891435617247821e+41  2.0517287693973376e+41 
           57534.06   234569318789333.4   254464548769119.5  274534175083671.94   7732.792892093163   7930.001586880919   8220.272564847524  1.6860457719732457e+41  1.8469960142362286e+41  2.0066323601338315e+41 
  57535.27616541353  232942904603305.97   252750841205123.1  272756544484730.25   7732.792892093163   7930.001586880919   8220.272564847524  1.6623920171750838e+41  1.8216809754896513e+41  1.9804326315640137e+41 
  57538.53619047619  228700508207353.44  248081526299296.12  268096812044156.06   7732.792892093163   7930.001586880919   8220.272564847524  1.6013150171569464e+41   1.756314988402869e+41  1.9128492222387027e+41 
 57541.796215538845  224593271926906.47  243785607780817.22  263576205522920.38   7732.792892093163   7930.001586880919   8220.272564847524   1.543350338263909e+41  1.6944370834184418e+41  1.8491199633683513e+41 
   57545.0562406015  220613209015209.12  239546596060774.94   259160812289676.3   7732.792892093163   7930.001586880919   8220.272564847524   1.488299998228285e+41  1.6365864165388223e+41   1.786926027855381e+41 
  57548.31626566416   216752739096431.6   235439021855474.6  254781791521303.16   7732.792892093163   7930.001586880919   8220.272564847524  1.4363162756851328e+41  1.5797485026838305e+41  1.7279758944663887e+41 
 57551.576290726814  213006394274919.34  231331774837786.34   250510806367037.7   7732.792892093163   7930.001586880919   8220.272564847524  1.3868205946094768e+41   1.526712730087448e+41  1.6717882179700894e+41 
  57554.83631578947  209368536707349.47   227475338109319.0  246290586567992.12   7732.792892093163   7930.001586880919   8220.272564847524  1.3392269496402298e+41  1.4768108956915707e+41  1.6178466160499763e+41 
  57558.09634085213  205833826836515.47  223708728204665.06   242067566063527.4   7732.792892093163   7930.001586880919   8220.272564847524  1.2937260265037175e+41  1.4273836057938067e+41  1.5662228518021949e+41 
 57561.356365914784   202422621456063.6  220033143119677.88  237964923577497.62   7732.792892093163   7930.001586880919   8220.272564847524  1.2503686407634785e+41   1.381489412005651e+41  1.5173830510060824e+41 
  57564.61639097744  199126967232138.16   216454171537121.0  233976808616741.47   7732.792892093163   7930.001586880919   8220.272564847524  1.2090304225823835e+41  1.3365740609284528e+41  1.4703279851725514e+41 
   57567.8764160401   195916050234956.0  212967331288869.97  230120644310112.38   7732.792892093163   7930.001586880919   8220.272564847524  1.1694856623145948e+41   1.293567454511943e+41  1.4247350291475898e+41 
  57571.13644110275  192785437578027.06   209569038049885.9   226558847927913.8   7732.792892093163   7930.001586880919   8220.272564847524  1.1315992229173192e+41  1.2523528138256612e+41  1.3809611249930649e+41 
  57574.39646616541  189732341035872.06   206284017796037.7  223086012917057.75   7732.792892093163   7930.001586880919   8220.272564847524  1.0952359754101287e+41  1.2127533334148372e+41    1.33887848426928e+41 
  57577.65649122807   186766524522854.4  203121103662484.56  219697776773051.84   7732.792892093163   7930.001586880919   8220.272564847524  1.0603576318673047e+41  1.1735439473206954e+41  1.2979527239948256e+41 
  57580.91651629072  183880522403931.62   199963808661321.3   216337705109515.0   7732.792892093163   7930.001586880919   8220.272564847524  1.0268916609119865e+41  1.1359443743990386e+41  1.2580016275640751e+41 
  57584.17654135338   181061455600798.7  196756320796466.38  212951926315428.84   7732.792892093163   7930.001586880919   8220.272564847524    9.94759561528884e+40   1.099881729234714e+41  1.2200948755685381e+41 
 57587.436566416036  178307374549989.06  193651859442939.75  209632374315312.12   7732.792892093163   7930.001586880919   8220.272564847524   9.638913463555734e+40  1.0652663341566502e+41   1.183927726184181e+41 
  57590.69659147869  175615704145903.66   190634079820382.4  206388866631740.47   7732.792892093163   7930.001586880919   8220.272564847524   9.342312376960572e+40  1.0322634940992737e+41  1.1490164484823704e+41 
  57593.95661654135   172984115679566.0  187638112972481.56   203219243269111.7   7732.792892093163   7930.001586880919   8220.272564847524   9.057128319508275e+40    1.00121241745483e+41  1.1154189112883673e+41 
 57597.216641604005  170385879822446.94   184711664991110.0   200120631966283.9   7732.792892093163   7930.001586880919   8220.272564847524   8.782838868433108e+40   9.713443100970706e+40  1.0837107605761967e+41 
  57600.47666666666   167805275754355.5  181852355593305.47  197160756231854.62   7732.792892093163   7930.001586880919   8220.272564847524   8.518888428871495e+40   9.426015692158847e+40  1.0527108690576325e+41 
  57603.73669172932   165283227266814.3   179057990324795.4  194323057060972.56   7732.792892093163   7930.001586880919   8220.272564847524   8.264809433317238e+40   9.149311763861616e+40  1.0227299863076214e+41 
 57606.996716791975  162817642882202.62  176367286343325.44   191547206179874.5   7732.792892093163   7930.001586880919   8220.272564847524   8.020171885756058e+40   8.882827341168259e+40   9.940192182735217e+40 
  57610.25674185463  160406742329669.25  173797553821035.75  188873422651244.84   7732.792892093163   7930.001586880919   8220.272564847524   7.778700988276581e+40   8.626072412010811e+40   9.663473594874916e+40 
  57613.51676691729   158049069902433.4  171298931555610.94   186304463069596.4   7732.792892093163   7930.001586880919   8220.272564847524   7.548248122100189e+40   8.378595671753513e+40   9.396312509652576e+40 
 57616.776791979944   155742783646853.0  168853459784576.88  183787156142030.47   7732.792892093163   7930.001586880919   8220.272564847524   7.327308951551917e+40   8.140010118666459e+40   9.138298871516509e+40 
   57620.0368170426   153486142159121.6  166459428370163.62  181254052054750.28   7732.792892093163   7930.001586880919   8220.272564847524   7.116261626085048e+40   7.909907685581895e+40   8.889063892736502e+40 
  57623.29684210526   151332658449408.2  164115515157285.28   178712396437980.1   7732.792892093163   7930.001586880919   8220.272564847524   6.912733324796045e+40   7.687917465341524e+40   8.648236082377687e+40 
  57626.55686716792   149250755856294.0  161825509923834.28   176200541251656.2   7732.792892093163   7930.001586880919   8220.272564847524   6.716395585895116e+40    7.47368441264423e+40   8.415475148256702e+40 
  57629.81689223058  147177617488462.25   159646005060388.2  173697216864819.47   7732.792892093163   7930.001586880919   8220.272564847524   6.526937849919154e+40   7.262290878856731e+40   8.190457045860659e+40 
 57633.076917293234  145101352197092.94  157509730469102.06  171252217282596.62   7732.792892093163   7930.001586880919   8220.272564847524   6.344076792928713e+40   7.058391028822523e+40   7.970532350317868e+40 
  57636.33694235589   143068098015028.4  155422229237276.06  168909648531121.47   7732.792892093163   7930.001586880919   8220.272564847524   6.167534229571559e+40   6.866739483456672e+40   7.755602901205021e+40 
  57639.59696741855  141076432199499.25  153364943096492.44  166603890477966.38   7732.792892093163   7930.001586880919   8220.272564847524   5.997043771655164e+40    6.68154502182925e+40   7.547829139977277e+40 
   57642.8569924812  139125536969649.31  151301724374567.44  164383921385451.78   7732.792892093163   7930.001586880919   8220.272564847524    5.83234595673232e+40   6.501494335613397e+40   7.346699329627095e+40 
  57646.11701754386  137223130668084.84  149269620835556.97  162204779737698.84   7732.792892093163   7930.001586880919   8220.272564847524   5.673238566094325e+40   6.325675322612713e+40   7.150044167458767e+40 
  57649.37704260652  135361094044685.22   147221591052443.0  160056655174368.56   7732.792892093163   7930.001586880919   8220.272564847524   5.519477292367368e+40   6.157157968364976e+40   6.957864500940026e+40 
  57652.63706766917  133536119243938.03  145256509056624.06  157950355042082.97   7732.792892093163   7930.001586880919   8220.272564847524   5.371110915457274e+40   5.995928219306412e+40   6.771458207723521e+40 
  57655.89709273183  131747257752810.22   143333734064610.7   155884887471622.1   7732.792892093163   7930.001586880919   8220.272564847524   5.227797177954564e+40   5.839260484347794e+40   6.598340366980327e+40 
 57659.157117794486  129993618285762.97  141448194081550.38  153861472634336.25   7732.792892093163   7930.001586880919   8220.272564847524   5.087829212887957e+40   5.687651543128429e+40   6.430689420726871e+40 
  57662.41714285714  128274293575151.27  139579226204980.19  151902812724181.72   7732.792892093163   7930.001586880919   8220.272564847524    4.95248211739006e+40   5.540905306906795e+40    6.26828649133394e+40 
   57665.6771679198  126588254847746.66  137744113103501.25   149980830303104.7   7732.792892093163   7930.001586880919   8220.272564847524   4.821569824048424e+40   5.398844111512164e+40   6.110321217829081e+40 
 57668.937192982456  124934818275440.36  135944308189399.56  148094477420361.25   7732.792892093163   7930.001586880919   8220.272564847524   4.694929066848361e+40   5.259065263691595e+40   5.956054952955457e+40 
  57672.19721804511  123313127885360.47  134179033042138.44   146242904559650.7   7732.792892093163   7930.001586880919   8220.272564847524   4.570143499424752e+40   5.123413559635877e+40   5.805965959915277e+40 
  57675.45724310777  121722366515559.95   132447287052090.4   144425226862553.1   7732.792892093163   7930.001586880919   8220.272564847524   4.450183540143925e+40   4.992078409191242e+40   5.660536387437936e+40 
 57678.717268170425   120161774888392.3  130748400774621.22  142649300748431.12   7732.792892093163   7930.001586880919   8220.272564847524   4.336223286534517e+40   4.867157279403547e+40   5.519596607363509e+40 
  57681.97729323308  118630623050226.27  129081473611167.17  140931535188261.38   7732.792892093163   7930.001586880919   8220.272564847524  4.2258293296505937e+40   4.746608626164676e+40   5.382675131054948e+40 
  57685.23731829574  117128099740928.47   127445746789683.6  139242254019017.47   7732.792892093163   7930.001586880919   8220.272564847524     4.1188322998833e+40   4.629749458283266e+40   5.249939459915461e+40 
 57688.497343358395  115657715520798.84  125840499487428.75  137567430394241.45   7732.792892093163   7930.001586880919   8220.272564847524  4.0151863276980487e+40   4.516440222894942e+40    5.12124240520453e+40 
  57691.75736842105  114214607462285.05   124264906461948.6   135893304379416.1   7732.792892093163   7930.001586880919   8220.272564847524   3.914761311130514e+40   4.406556919958225e+40   4.996436281041919e+40 
  57695.01739348371  112798247506208.08   122718292126538.3  134228975585176.56   7732.792892093163   7930.001586880919   8220.272564847524  3.8172008104253385e+40  4.2999697577940907e+40   4.875380743854175e+40 
 57698.277418546364   111407987186420.6  121213798184519.94  132586495374830.33   7732.792892093163   7930.001586880919   8220.272564847524  3.7223892079186016e+40   4.196568449195445e+40   4.757940296547221e+40 
  57701.53744360902  110023324690659.27  119737181723918.94   131012967668954.0   7732.792892093163   7930.001586880919   8220.272564847524  3.6315577358009896e+40  4.0951982752666147e+40   4.644649989867642e+40 
  57704.79746867168  108625480702679.88  118287157464090.44  129466884212457.56   7732.792892093163   7930.001586880919   8220.272564847524  3.5435711510780104e+40   3.996325930332827e+40   4.536516501405625e+40 
  57708.05749373433  107253753023832.28   116863074586967.4   127946763473097.9   7732.792892093163   7930.001586880919   8220.272564847524   3.458219084572881e+40  3.9004059580727673e+40   4.431487356739623e+40 
  57711.31751879699  105931022419700.36  115464370732921.81  126449015703483.02   7732.792892093163   7930.001586880919   8220.272564847524   3.375406622174322e+40  3.8073361514174804e+40    4.32907161952772e+40 
  57714.57754385965  104678695395001.02  114090455458562.72   124977125844902.0   7732.792892093163   7930.001586880919   8220.272564847524   3.295044092299369e+40  3.7170145310114465e+40  4.2293363891241265e+40 
   57717.8375689223  103448220137558.16  112740719154284.95   123526816085512.9   7732.792892093163   7930.001586880919   8220.272564847524  3.2170469197315626e+40  3.6303186326051826e+40  4.1324313143365777e+40 
  57721.09759398496  102237495410588.05  111414622846566.67  122099191140029.03   7732.792892093163   7930.001586880919   8220.272564847524   3.141331779773942e+40   3.546287134601322e+40   4.038262543234949e+40 
 57724.357619047616  101012116279255.83  110111615434135.47  120695918605767.17   7732.792892093163   7930.001586880919   8220.272564847524  3.0676156819668264e+40  3.4646664699425605e+40  3.9467376983311326e+40 
  57727.61764411027   99819351536203.42  108834442219586.88  119316437989973.22   7732.792892093163   7930.001586880919   8220.272564847524   2.996025742240695e+40   3.385374932276474e+40  3.8577699944272693e+40 
  57730.87766917293   98668434276770.83  107581309234732.31  117958312163268.39   7732.792892093163   7930.001586880919   8220.272564847524   2.926500166310694e+40   3.308333268705095e+40  3.7712740100910976e+40 
 57734.137694235586   97537165070567.78  106341385049539.84  116622064921005.16   7732.792892093163   7930.001586880919   8220.272564847524  2.8589695960987624e+40   3.233466915290917e+40   3.686881364587707e+40 
  57737.39771929824   96425098951767.69  105117536348374.23   115308104017958.2   7732.792892093163   7930.001586880919   8220.272564847524   2.793371953908095e+40  3.1598915896355024e+40   3.604370888153158e+40 
   57740.6577443609   95295868420195.83  103914516504542.55  114014020449913.73   7732.792892093163   7930.001586880919   8220.272564847524  2.7296567405977575e+40   3.086615530375755e+40  3.5241366362795676e+40 
 57743.917769423555   94194694039312.53  102731877057283.34  112732241229688.95   7732.792892093163   7930.001586880919   8220.272564847524  2.6677411466095142e+40  3.0152541574510596e+40   3.446101824933262e+40 
  57747.17779448621   93112206932485.33  101573090109410.25  111471894712667.84   7732.792892093163   7930.001586880919   8220.272564847524  2.6075606528834846e+40   2.946919087954288e+40  3.3715103384221867e+40 
  57750.43781954887   92048287966178.33  100446385135333.53  110232396361428.81   7732.792892093163   7930.001586880919   8220.272564847524  2.5490670542621095e+40   2.881227368986122e+40   3.299032016425604e+40 
 57753.697844611524   91002355082323.77   99338164614062.03  109013308389909.53   7732.792892093163   7930.001586880919   8220.272564847524   2.492199183106219e+40    2.81740980721267e+40  3.2284836936647243e+40 
  57756.95786967418   90003164949596.62   98242728015102.34  107812598075942.14   7732.792892093163   7930.001586880919   8220.272564847524   2.436904963398277e+40   2.755394544427693e+40  3.1598013941282705e+40 
  57760.21789473684   89023918486257.61   97162062683841.62  106627391644753.22   7732.792892093163   7930.001586880919   8220.272564847524    2.38210957851184e+40  2.6950731581883686e+40   3.092925778273537e+40 
 57763.477919799494    88060403718152.5   96099085291472.72  105461540795377.72   7732.792892093163   7930.001586880919   8220.272564847524   2.328383170925883e+40  2.6363896377262174e+40    3.02780045608456e+40 
  57766.73794486215   87112316897526.69   95053381419148.03  104314602848279.97   7732.792892093163   7930.001586880919   8220.272564847524  2.2761597102600866e+40   2.579290359304946e+40   2.964371671268858e+40 
  57769.99796992481    86105971500776.8   94024591935666.19  103186154326477.06   7732.792892093163   7930.001586880919   8220.272564847524   2.225456157876525e+40   2.523725103816431e+40   2.902393821733856e+40 
  57773.25799498746   85116365782324.17   93012362525480.31  102075888098820.34   7732.792892093163   7930.001586880919   8220.272564847524  2.1761916637584296e+40    2.46964562141139e+40   2.841957243956626e+40 
  57776.51802005012    84179463169716.1   92016347896118.06  100983338785686.25   7732.792892093163   7930.001586880919   8220.272564847524  2.1282339987483663e+40   2.417004686187198e+40   2.783080938675626e+40 
  57779.77804511278   83257879447054.98    91036196808357.7   99908188040286.88   7732.792892093163   7930.001586880919   8220.272564847524   2.081288127324325e+40  2.3650923037944464e+40   2.725713862398185e+40 
  57783.03807017543    82351267488162.9   90071574647642.22   98857561550056.16   7732.792892093163   7930.001586880919   8220.272564847524  2.0356289658567646e+40  2.3149705193807957e+40    2.66981264447879e+40 
  57786.29809523809   81459330132855.58    89126769500123.1   97842091130927.25   7732.792892093163   7930.001586880919   8220.272564847524   1.991217752277478e+40  2.2663057773064485e+40   2.615331425507459e+40 
 57789.558120300746   80611001377384.75   88200359976561.19    96842029989233.9   7732.792892093163   7930.001586880919   8220.272564847524    1.94834523287652e+40  2.2189105497071755e+40   2.562227037561513e+40 
  57792.81814536341    79781101480659.0   87291742809453.45   95857105065485.72   7732.792892093163   7930.001586880919   8220.272564847524  1.9068729828592366e+40  2.1727453822837053e+40   2.510459662101871e+40 
 57796.078170426066    78963855704676.5   86398215007691.19   94887001685312.14   7732.792892093163   7930.001586880919   8220.272564847524  1.8661474407577092e+40  2.1277729273067163e+40  2.4599878017046795e+40 
  57799.33819548872   78159013774119.66   85518267322063.08   93931426327229.16   7732.792892093163   7930.001586880919   8220.272564847524  1.8267501457998515e+40   2.083956116225363e+40  2.4107416775611055e+40 
  57802.59822055138   77366324792765.83   84651625470907.92   92985423198614.44   7732.792892093163   7930.001586880919   8220.272564847524  1.7885292664448473e+40   2.041259597005483e+40   2.362583963985396e+40 
 57805.858245614036   76585552924012.56   83798035718622.23   92051790945273.81   7732.792892093163   7930.001586880919   8220.272564847524   1.751548419889802e+40  1.9996493693623382e+40   2.315618314847461e+40 
  57809.11827067669   75816456447703.72   82957228409342.72   91132047833753.22   7732.792892093163   7930.001586880919   8220.272564847524   1.715518408978423e+40  1.9590925113754514e+40  2.2698095755038587e+40 
  57812.37829573935   75055835902443.75    82128961906474.0   90225935777875.98   7732.792892093163   7930.001586880919   8220.272564847524   1.680410108436264e+40  1.9190320787864638e+40  2.2251240517372687e+40 
 57815.638320802005    74281655031002.6    81312983803328.6   89333185318246.55   7732.792892093163   7930.001586880919   8220.272564847524   1.646195769045011e+40    1.87995868304949e+40  2.1815290048849197e+40 
  57818.89834586466   73519457776239.62   80509062291251.66    88453542136057.4   7732.792892093163   7930.001586880919   8220.272564847524  1.6128481936204676e+40  1.8418741025072999e+40    2.13899301996804e+40 
  57822.15837092732   72769007001872.52   79716956656678.86   87586751846272.75   7732.792892093163   7930.001586880919   8220.272564847524  1.5803411637213134e+40   1.804748863387315e+40   2.097485280515374e+40 
 57825.418395989975   72030065995952.53   78936439215457.12   86732569736886.34   7732.792892093163   7930.001586880919   8220.272564847524  1.5486495148935258e+40  1.7685542810879645e+40   2.056976015548432e+40 
  57828.67842105263    71302402102886.5    78167283888354.0   85890749164338.72   7732.792892093163   7930.001586880919   8220.272564847524   1.517749132769099e+40  1.7332625064626467e+40  2.0174368492883378e+40 
  57831.93844611529   70585792898353.86    77409277766750.0   85061058583793.45   7732.792892093163   7930.001586880919   8220.272564847524  1.4876164346370117e+40   1.698846826504152e+40   1.978840174202578e+40 
 57835.198471177944   69880012479951.26   76662204206139.72    84243270804705.1   7732.792892093163   7930.001586880919   8220.272564847524   1.458228678752986e+40  1.6652816664236905e+40  1.9411591630043237e+40 
   57838.4584962406   69184847829501.11   75925854407279.52   83437154629482.38   7732.792892093163   7930.001586880919   8220.272564847524  1.4295639285527811e+40  1.6325418757865804e+40    1.90436814615148e+40 
  57841.71852130326   68500091734340.05   75200024735027.28   82637921365799.36   7732.792892093163   7930.001586880919   8220.272564847524  1.4016008702821162e+40   1.600603234553079e+40  1.8684419773942193e+40 
 57844.978546365914   67825537806515.78   74484517022143.88   81849768949039.47   7732.792892093163   7930.001586880919   8220.272564847524   1.374319178673182e+40  1.5694423562258533e+40  1.8333563954240366e+40 
  57848.23857142857   67160988035356.23   73779137966931.31    81074607317108.8   7732.792892093163   7930.001586880919   8220.272564847524  1.3476989970629052e+40   1.539036856112834e+40  1.7990880625012907e+40 
  57851.49859649123   66506251645492.12   73083701664657.11   80314191686972.02   7732.792892093163   7930.001586880919   8220.272564847524   1.321721263653721e+40   1.509364819448094e+40  1.7656144115363412e+40 
  57854.75862155388   65861134942397.28   72398022066426.28   79564342545919.64   7732.792892093163   7930.001586880919   8220.272564847524   1.296367568527387e+40  1.4804052288910605e+40  1.7329134434687312e+40 
  57858.01864661654   65225452021918.48   71721918221257.67   78824292699905.06   7732.792892093163   7930.001586880919   8220.272564847524   1.271620086680798e+40  1.4521376981121795e+40  1.7009641379160206e+40 
 57861.278671679196   64599023286619.93   71055217878619.39    78093589001193.7   7732.792892093163   7930.001586880919   8220.272564847524  1.2474614242310412e+40  1.4245425258131038e+40   1.669745887067706e+40 
  57864.53869674185   63981671585599.62   70397296074839.34   77372924506558.83   7732.792892093163   7930.001586880919   8220.272564847524  1.2238749352813553e+40   1.397600835205801e+40   1.639158862838637e+40 
  57867.79872180451   63373222023361.32   69746895350510.14   76662121980959.66   7732.792892093163   7930.001586880919   8220.272564847524  1.2008445415523467e+40  1.3712940422620283e+40  1.6092437033456419e+40 
 57871.058746867166   62773509362570.35   69105438166129.89    75961002850150.4   7732.792892093163   7930.001586880919   8220.272564847524  1.1783545305196255e+40  1.3456043742019037e+40   1.580006392210564e+40 
  57874.31877192982    62182319633586.0   68472724928162.42    75269374061612.2   7732.792892093163   7930.001586880919   8220.272564847524  1.1563893492832135e+40  1.3205139002504085e+40  1.5514252757249133e+40 
  57877.57879699248  61599597570342.164   67848673133756.65   74587087401599.47   7732.792892093163   7930.001586880919   8220.272564847524   1.134934787744994e+40  1.2960058471047734e+40   1.523490286325203e+40 
 57880.838822055135  61025130609547.836   67233096062559.42   73914008729544.75   7732.792892093163   7930.001586880919   8220.272564847524  1.1139777716847566e+40   1.272067064329871e+40  1.4961798116865843e+40 
  57884.09884711779   60462756059386.82   66625834801173.96    73249931362318.4   7732.792892093163   7930.001586880919   8220.272564847524  1.0933674602799055e+40    1.24891320496662e+40  1.4694772785083647e+40 
  57887.35887218045   59909201885903.52   66026751985280.86   72594718762478.28   7732.792892093163   7930.001586880919   8220.272564847524  1.0731267949626329e+40   1.226441577621721e+40   1.443367423311447e+40 
 57890.618897243105   59363266035795.87   65435682383867.58   71948188351131.44   7732.792892093163   7930.001586880919   8220.272564847524  1.0533552392404236e+40  1.2044730288452794e+40  1.4178333780458523e+40 
  57893.87892230576   58824814786349.68   64852500890565.25   71310210376225.42   7732.792892093163   7930.001586880919   8220.272564847524   1.034040351786111e+40   1.182994118277921e+40   1.392860515304572e+40 
  57897.13894736842  58293705754633.516   64277061597838.45   70680640085266.67   7732.792892093163   7930.001586880919   8220.272564847524  1.0151694496881438e+40  1.1619915791726196e+40  1.3684335987409605e+40 
 57900.398972431074    57769811262735.7   63709225641470.08   70059316832514.12   7732.792892093163   7930.001586880919   8220.272564847524   9.967303699002935e+39  1.1414534518756552e+40  1.3445388079759911e+40 
  57903.65899749373  57253016880056.086   63148873236018.95  69445834047740.695   7732.792892093163   7930.001586880919   8220.272564847524   9.787115940167748e+39  1.1213674043636027e+40  1.3211632647190318e+40 
  57906.91902255639  56743171058721.016    62595856526332.8   68839549442053.97   7732.792892093163   7930.001586880919   8220.272564847524   9.611012042186469e+39  1.1017207981171782e+40  1.2982918915677995e+40 
  57910.17904761904   56240164122300.07   62050064378446.91   68241151224147.69   7732.792892093163   7930.001586880919   8220.272564847524   9.438888406815732e+39  1.0825031413003241e+40  1.2759134567674603e+40 
   57913.4390726817  55743864368232.195  61511362940120.234   67650487489001.58   7732.792892093163   7930.001586880919   8220.272564847524   9.270972298635344e+39   1.063702473561512e+40  1.2540138683401412e+40 
  57916.69909774436   55250414169544.46   60979638365569.77   67067440258274.37   7732.792892093163   7930.001586880919   8220.272564847524    9.10708950946541e+39  1.0453086284708581e+40  1.2325818859159036e+40 
  57919.95912280701   54760078058204.06   60454767346256.81   66491874345869.38   7732.792892093163   7930.001586880919   8220.272564847524   8.946833753522894e+39  1.0273106668344185e+40  1.2116049860122139e+40 
  57923.21914786967   54276313694785.67   59936630450895.48   65923666822443.89   7732.792892093163   7930.001586880919   8220.272564847524   8.790108046992141e+39  1.0096985017096172e+40  1.1911502251883144e+40 
 57926.479172932326  53799011456793.695   59425115948840.86   65360468129658.61   7732.792892093163   7930.001586880919   8220.272564847524   8.637621772179851e+39   9.924624130686782e+39  1.1711251876006066e+40 
  57929.73919799498  53328052806309.836    58920109932317.3   64804121902436.83   7732.792892093163   7930.001586880919   8220.272564847524   8.489310988798303e+39   9.755926057856308e+39  1.1515189317885973e+40 
  57932.99922305764   52863327842837.83  58421502503568.125   64254485102969.24   7732.792892093163   7930.001586880919   8220.272564847524   8.344176139031065e+39   9.590798485372167e+39   1.132321066504849e+40 
 57936.259248120296   52404730445052.34   57929189068681.76   63710053518054.02   7732.792892093163   7930.001586880919   8220.272564847524   8.202703305869315e+39   9.429152079361838e+39  1.1135215418036995e+40 
  57939.51927318295   51952149025942.41   57443062866048.84   63172512222992.82   7732.792892093163   7930.001586880919   8220.272564847524   8.064432646830525e+39   9.270898597036201e+39  1.0951104079895732e+40 
  57942.77929824561   51505478585229.55  56963022102310.234   62641747602507.11   7732.792892093163   7930.001586880919   8220.272564847524   7.929065723496599e+39   9.115953073657594e+39  1.0770780715327875e+40 
 57946.039323308265  51064615602291.305    56488966441324.5   62117645734782.06   7732.792892093163   7930.001586880919   8220.272564847524   7.796529698942815e+39   8.964232499223048e+39  1.0594152108504593e+40 
  57949.29934837093   50629460494271.73   56020796993734.55   61600096816654.91   7732.792892093163   7930.001586880919   8220.272564847524   7.666754379435422e+39   8.815657662993995e+39  1.0421128739968566e+40 
 57952.559373433585   50199915322126.05   55558416810986.66   61088993354326.58   7732.792892093163   7930.001586880919   8220.272564847524   7.539670879107592e+39   8.670150184481362e+39  1.0251622031571949e+40 
  57955.81939849624   49775883560838.85   55101730718840.09   60584227347771.12   7732.792892093163   7930.001586880919   8220.272564847524   7.415212277102123e+39   8.527634146213792e+39  1.0085546862907874e+40 
   57959.0794235589  49357271364371.375   54650645566096.97  60085695069886.445   7732.792892093163   7930.001586880919   8220.272564847524    7.29331392173555e+39   8.388035998031119e+39   9.922820315906779e+39 
 57962.339448621555    48943986943766.3   54205070796249.81    59593293968088.1   7732.792892093163   7930.001586880919   8220.272564847524   7.173912953144929e+39   8.251284566336752e+39   9.763361498115152e+39 
  57965.59947368421   48535939941561.95  53764917315628.625    59106925193776.9   7732.792892093163   7930.001586880919   8220.272564847524   7.056947949676685e+39   8.117310545301613e+39   9.607092232022212e+39 
  57968.85949874687  48133041738973.375   53330097757259.17   58626489551364.94   7732.792892093163   7930.001586880919   8220.272564847524    6.94235943282101e+39   7.986046229823428e+39    9.45393613838711e+39 
 57972.119523809524   47735204976319.47   52900525962148.21  58151891160040.414   7732.792892093163   7930.001586880919   8220.272564847524   6.830089718576996e+39   7.857426190852602e+39   9.303819210112361e+39 
  57975.37954887218  47342344684278.625   52476118191681.06  57683036825108.445   7732.792892093163   7930.001586880919   8220.272564847524   6.720082910286897e+39   7.731386822978552e+39   9.156669432591651e+39 
  57978.63957393484   46954377997140.21   52056792018061.42   57219833239933.92   7732.792892093163   7930.001586880919   8220.272564847524   6.611823470419931e+39   7.607866151645438e+39   9.012416782577999e+39 
 57981.899598997494   46571224412640.54   51642466762819.49   56768274248687.88   7732.792892093163   7930.001586880919   8220.272564847524   6.505251247448406e+39   7.486804166302595e+39   8.870993325252306e+39 
  57985.15962406015   46192803748069.08   51233063444505.33   56322755018642.64   7732.792892093163   7930.001586880919   8220.272564847524   6.400825722310625e+39   7.368142540602145e+39   8.732333019695474e+39 
  57988.41964912281   45819038129825.14    50828504629406.2    55882446710570.3   7732.792892093163   7930.001586880919   8220.272564847524    6.29849529142943e+39   7.251824095743536e+39   8.596371119187116e+39 
  57991.67967418546   45449850579580.73  50428714369619.445   55447269691605.12   7732.792892093163   7930.001586880919   8220.272564847524   6.198209594347305e+39   7.137793524794262e+39   8.463044932262969e+39 
  57994.93969924812    45085166112833.9   50033618821753.66   55017008401995.98   7732.792892093163   7930.001586880919   8220.272564847524    6.09991945135965e+39   7.025997095634999e+39   8.332293306777385e+39 
 57998.199724310776  44724911431510.016  49643144826241.055    54589365339019.1   7732.792892093163   7930.001586880919   8220.272564847524   6.003577301614728e+39   6.916382715251765e+39   8.204056974354865e+39 
  58001.45974937343   44369014686004.23   49257221194462.92   54166677630639.91   7732.792892093163   7930.001586880919   8220.272564847524   5.909136942739964e+39     6.8088993769759e+39   8.078277967358523e+39 
  58004.71977443609   44017405158140.88   48875776879739.18   53748870512769.64   7732.792892093163   7930.001586880919   8220.272564847524   5.816553469677548e+39   6.703497364687296e+39   7.954900034858079e+39 
 58007.979799498746   43670013784647.14   48498742949486.92  53335869418484.125   7732.792892093163   7930.001586880919   8220.272564847524   5.725782971453062e+39   6.600234705309168e+39   7.833868642338867e+39 
   58011.2398245614  43326773555071.766    48126051754909.0   52927600605126.26   7732.792892093163   7930.001586880919   8220.272564847524   5.636783104680142e+39   6.499379442509601e+39   7.715130410477246e+39 
  58014.49984962406    42987617682612.7   47757637031339.03   52523717496583.05   7732.792892093163   7930.001586880919   8220.272564847524   5.549512623304997e+39   6.400440407205733e+39   7.598633367876372e+39 
 58017.759874686715  42652481913371.305   47393433483688.67   52118724996878.47   7732.792892093163   7930.001586880919   8220.272564847524   5.463930918238001e+39   6.303374337851438e+39   7.484327080523975e+39 
  58021.01989974937  42321301988992.664  47033377577790.625   51718426998186.42   7732.792892093163   7930.001586880919   8220.272564847524   5.379998787554502e+39   6.208139383213792e+39    7.37216235838594e+39 
  58024.27992481203   41994015419687.84  46677001549743.266   51322750765067.44   7732.792892093163   7930.001586880919   8220.272564847524   5.297678379557788e+39   6.114693791935412e+39   7.262091375932534e+39 
 58027.539949874685    41670560752790.7  46322467082304.984   50931624952070.66   7732.792892093163   7930.001586880919   8220.272564847524   5.216932661972109e+39   6.022997312145321e+39    7.15406707207653e+39 
  58030.79997493734  41350877494647.945    45971967015519.9   50544979925112.67   7732.792892093163   7930.001586880919   8220.272564847524   5.137725288205544e+39   5.933011149520096e+39   7.048043912454963e+39 
           58034.06  41034906513282.836  45625440155867.195   50161428978916.26   7732.792892093163   7930.001586880919   8220.272564847524   5.060020993746355e+39   5.844697135522372e+39   6.943977541170942e+39 
