                MJD               R_low               R_med                  R_high               T_low               T_med              T_high                   L_low                   L_med                  L_high 
           56829.03                 0.0                 0.0                     0.0                 nan                 nan                 nan   7.718440160612956e+32  1.9012883629921392e+33  4.6463136916019297e+33 
  56831.72177944862                 0.0                 0.0                     0.0                 nan                 nan                 nan   7.718440160612956e+32  1.9012883629921392e+33  4.6463136916019297e+33 
  56834.41355889724                 0.0                 0.0                     0.0                 nan                 nan                 nan   7.718440160612956e+32  1.9012883629921392e+33  4.6463136916019297e+33 
 56837.105338345864                 0.0                 0.0                     0.0                 nan                 nan                 nan   7.718440160612956e+32  1.9012883629921392e+33  4.6463136916019297e+33 
 56839.797117794486                 0.0                 0.0                     0.0                 nan                 nan                 nan   7.718440160612956e+32  1.9012883629921392e+33  4.6463136916019297e+33 
  56842.48889724311                 0.0                 0.0                     0.0                 nan                 nan                 nan   7.718440160612956e+32  1.9012883629921392e+33  4.6463136916019297e+33 
  56845.18067669173                 0.0                 0.0                     0.0                 nan                 nan                 nan   7.718440160612956e+32  1.9012883629921392e+33  4.6463136916019297e+33 
  56847.87245614035                 0.0                 0.0                     0.0                 nan                 nan                 nan   7.718440160612956e+32  1.9012883629921392e+33  4.6463136916019297e+33 
  56850.56423558897                 0.0                 0.0                     0.0                 nan                 nan                 nan   7.718440160612956e+32  1.9012883629921392e+33  4.6463136916019297e+33 
 56853.256015037594                 0.0                 0.0                     0.0                 nan                 nan                 nan   7.718440160612956e+32  1.9012883629921392e+33  4.6463136916019297e+33 
 56855.947794486216                 0.0                 0.0                     0.0                 nan                 nan                 nan   7.718440160612956e+32  1.9012883629921392e+33  4.6463136916019297e+33 
  56858.63957393484                 0.0                 0.0                     0.0                 nan                 nan                 nan   7.718440160612956e+32  1.9012883629921392e+33  4.6463136916019297e+33 
  56861.33135338346                 0.0                 0.0                     0.0                 nan                 nan                 nan   7.718440160612956e+32  1.9012883629921392e+33  4.6463136916019297e+33 
  56864.02313283208                 0.0                 0.0                     0.0                 nan                 nan                 nan   7.718440160612956e+32  1.9012883629921392e+33  4.6463136916019297e+33 
   56866.7149122807                 0.0                 0.0                     0.0                 nan                 nan                 nan   7.718440160612956e+32  1.9012883629921392e+33  4.6463136916019297e+33 
 56869.406691729324                 0.0                 0.0                     0.0                 nan                 nan                 nan   7.718440160612956e+32  1.9012883629921392e+33  4.6463136916019297e+33 
 56872.098471177946                 0.0                 0.0                     0.0                 nan                 nan                 nan   7.718440160612956e+32  1.9012883629921392e+33  4.6463136916019297e+33 
  56874.79025062657                 0.0                 0.0                     0.0                 nan                 nan                 nan   7.718440160612956e+32  1.9012883629921392e+33  4.6463136916019297e+33 
  56877.48203007519                 0.0                 0.0                     0.0                 nan                 nan                 nan   7.718440160612956e+32  1.9012883629921392e+33  4.6463136916019297e+33 
  56880.17380952381                 0.0                 0.0                     0.0                 nan                 nan                 nan   7.718440160612956e+32  1.9012883629921392e+33  4.6463136916019297e+33 
  56882.86558897243                 0.0                 0.0                     0.0                 nan                 nan                 nan   7.718440160612956e+32  1.9012883629921392e+33  4.6463136916019297e+33 
 56885.557368421054                 0.0                 0.0                     0.0                 nan                 nan                 nan   7.718440160612956e+32  1.9012883629921392e+33  4.6463136916019297e+33 
 56888.249147869676                 0.0                 0.0                     0.0                 nan                 nan                 nan   7.718440160612956e+32  1.9012883629921392e+33  4.6463136916019297e+33 
   56890.9409273183                 0.0                 0.0                     0.0                 nan                 nan                 nan   7.718440160612956e+32  1.9012883629921392e+33  4.6463136916019297e+33 
  56893.63270676692                 0.0                 0.0                     0.0                 nan                 nan                 nan   7.718440160612956e+32  1.9012883629921392e+33  4.6463136916019297e+33 
  56896.32448621554                 0.0                 0.0                     0.0                 nan                 nan                 nan   7.718440160612956e+32  1.9012883629921392e+33  4.6463136916019297e+33 
  56899.01626566416                 0.0                 0.0                     0.0                 nan                 nan                 nan   7.718440160612956e+32  1.9012883629921392e+33  4.6463136916019297e+33 
 56901.708045112784                 0.0                 0.0                     0.0                 nan                 nan                 nan   7.718440160612956e+32  1.9012883629921392e+33  4.6463136916019297e+33 
 56904.399824561406                 0.0                 0.0                     0.0                 nan                 nan                 nan   7.718440160612956e+32  1.9012883629921392e+33  4.6463136916019297e+33 
  56907.09160401003                 0.0                 0.0                     0.0                 nan                 nan                 nan   7.718440160612956e+32  1.9012883629921392e+33  4.6463136916019297e+33 
  56909.78338345865                 0.0                 0.0                     0.0                 nan                 nan                 nan   7.718440160612956e+32  1.9012883629921392e+33  4.6463136916019297e+33 
  56912.47516290727                 0.0                 0.0                     0.0                 nan                 nan                 nan   7.718440160612956e+32  1.9012883629921392e+33  4.6463136916019297e+33 
  56915.16694235589                 0.0                 0.0                     0.0                 nan                 nan                 nan   7.718440160612956e+32  1.9012883629921392e+33  4.6463136916019297e+33 
 56917.858721804514                 0.0                 0.0                     0.0                 nan                 nan                 nan   7.718440160612956e+32  1.9012883629921392e+33  4.6463136916019297e+33 
  56920.55050125313                 0.0                 0.0                     0.0                 nan                 nan                 nan   7.718440160612956e+32  1.9012883629921392e+33  4.6463136916019297e+33 
  56923.24228070175                 0.0                 0.0                     0.0                 nan                 nan                 nan   7.718440160612956e+32  1.9012883629921392e+33  4.6463136916019297e+33 
  56925.93406015037                 0.0                 0.0                     0.0                 nan                 nan                 nan   7.718440160612956e+32  1.9012883629921392e+33  4.6463136916019297e+33 
  56928.62583959899                 0.0                 0.0                     0.0                 nan                 nan                 nan   7.718440160612956e+32  1.9012883629921392e+33  4.6463136916019297e+33 
 56931.317619047615                 0.0                 0.0                     0.0                 nan                 nan                 nan   7.718440160612956e+32  1.9012883629921392e+33  4.6463136916019297e+33 
  56934.00939849624                 0.0                 0.0                     0.0                 nan                 nan                 nan   7.718440160612956e+32  1.9012883629921392e+33  4.6463136916019297e+33 
  56936.70117794486                 0.0                 0.0                     0.0                 nan                 nan                 nan   7.718440160612956e+32  1.9012883629921392e+33  4.6463136916019297e+33 
  56939.39295739348                 0.0                 0.0                     0.0                 nan                 nan                 nan   7.718440160612956e+32  1.9012883629921392e+33  4.6463136916019297e+33 
   56942.0847368421                 0.0                 0.0                     0.0                 nan                 nan                 nan   7.718440160612956e+32  1.9012883629921392e+33  4.6463136916019297e+33 
  56944.77651629072                 0.0                 0.0                     0.0                 nan                 nan                 nan   7.718440160612956e+32  1.9012883629921392e+33  4.6463136916019297e+33 
 56947.468295739345                 0.0                 0.0                     0.0                 nan                 nan                 nan   7.718440160612956e+32  1.9012883629921392e+33  4.6463136916019297e+33 
  56950.16007518797                 0.0                 0.0                     0.0                 nan                 nan                 nan   7.718440160612956e+32  1.9012883629921392e+33  4.6463136916019297e+33 
  56952.85185463659                 0.0                 0.0                     0.0                 nan                 nan                 nan   7.718440160612956e+32  1.9012883629921392e+33  4.6463136916019297e+33 
  56955.54363408521                 0.0                 0.0                     0.0                 nan                 nan                 nan   7.718440160612956e+32  1.9012883629921392e+33  4.6463136916019297e+33 
  56958.23541353383                 0.0                 0.0                     0.0                 nan                 nan                 nan   7.718440160612956e+32  1.9012883629921392e+33  4.6463136916019297e+33 
  56960.92719298245                 0.0                 0.0                     0.0                 nan                 nan                 nan   7.718440160612956e+32  1.9012883629921392e+33  4.6463136916019297e+33 
 56963.618972431075                 0.0                 0.0                     0.0                 nan                 nan                 nan   7.718440160612956e+32  1.9012883629921392e+33  4.6463136916019297e+33 
   56966.3107518797                 0.0                 0.0                     0.0                 nan                 nan                 nan   7.718440160612956e+32  1.9012883629921392e+33  4.6463136916019297e+33 
  56969.00253132832                 0.0                 0.0                     0.0                 nan                 nan                 nan   7.718440160612956e+32  1.9012883629921392e+33  4.6463136916019297e+33 
  56971.69431077694                 0.0                 0.0                     0.0                 nan                 nan                 nan   7.718440160612956e+32  1.9012883629921392e+33  4.6463136916019297e+33 
  56974.38609022556                 0.0                 0.0                     0.0                 nan                 nan                 nan   7.718440160612956e+32  1.9012883629921392e+33  4.6463136916019297e+33 
  56977.07786967418                 0.0                 0.0                     0.0                 nan                 nan                 nan   7.718440160612956e+32  1.9012883629921392e+33  4.6463136916019297e+33 
 56979.769649122805                 0.0                 0.0                     0.0                 nan                 nan                 nan   7.718440160612956e+32  1.9012883629921392e+33  4.6463136916019297e+33 
  56982.46142857143                 0.0                 0.0                     0.0                 nan                 nan                 nan   7.718440160612956e+32  1.9012883629921392e+33  4.6463136916019297e+33 
  56985.15320802005                 0.0                 0.0                     0.0                 nan                 nan                 nan   7.718440160612956e+32  1.9012883629921392e+33  4.6463136916019297e+33 
  56987.84498746867                 0.0                 0.0                     0.0                 nan                 nan                 nan   7.718440160612956e+32  1.9012883629921392e+33  4.6463136916019297e+33 
  56990.53676691729                 0.0                 0.0                     0.0                 nan                 nan                 nan   7.718440160612956e+32  1.9012883629921392e+33  4.6463136916019297e+33 
 56993.228546365914                 0.0                 0.0                     0.0                 nan                 nan                 nan   7.718440160612956e+32  1.9012883629921392e+33  4.6463136916019297e+33 
 56995.920325814535                 0.0                 0.0                     0.0                 nan                 nan                 nan   7.718440160612956e+32  1.9012883629921392e+33  4.6463136916019297e+33 
  56998.61210526316                 0.0                 0.0                     0.0                 nan                 nan                 nan   7.718440160612956e+32  1.9012883629921392e+33  4.6463136916019297e+33 
  57001.30388471178                 0.0                 0.0                     0.0                 nan                 nan                 nan   7.718440160612956e+32  1.9012883629921392e+33  4.6463136916019297e+33 
   57003.9956641604                 0.0                 0.0                     0.0                 nan                 nan                 nan   7.718440160612956e+32  1.9012883629921392e+33  4.6463136916019297e+33 
  57006.68744360902                 0.0                 0.0                     0.0                 nan                 nan                 nan   7.718440160612956e+32  1.9012883629921392e+33  4.6463136916019297e+33 
 57009.379223057644                 0.0                 0.0                     0.0                 nan                 nan                 nan   7.718440160612956e+32  1.9012883629921392e+33  4.6463136916019297e+33 
 57012.071002506265                 0.0                 0.0                     0.0                 nan                 nan                 nan   7.718440160612956e+32  1.9012883629921392e+33  4.6463136916019297e+33 
  57014.76278195489                 0.0                 0.0                     0.0                 nan                 nan                 nan   7.718440160612956e+32  1.9012883629921392e+33  4.6463136916019297e+33 
  57017.45456140351                 0.0                 0.0                     0.0                 nan                 nan                 nan   7.718440160612956e+32  1.9012883629921392e+33  4.6463136916019297e+33 
  57020.14634085213                 0.0                 0.0                     0.0                 nan                 nan                 nan   7.718440160612956e+32  1.9012883629921392e+33  4.6463136916019297e+33 
  57022.83812030075                 0.0                 0.0                     0.0                 nan                 nan                 nan   7.718440160612956e+32  1.9012883629921392e+33  4.6463136916019297e+33 
 57025.529899749374                 0.0                 0.0                     0.0                 nan                 nan                 nan   7.718440160612956e+32  1.9012883629921392e+33  4.6463136916019297e+33 
 57028.221679197995                 0.0                 0.0                     0.0                 nan                 nan                 nan   7.718440160612956e+32  1.9012883629921392e+33  4.6463136916019297e+33 
  57030.91345864662                 0.0                 0.0                     0.0                 nan                 nan                 nan   7.718440160612956e+32  1.9012883629921392e+33  4.6463136916019297e+33 
  57033.60523809524                 0.0                 0.0                     0.0                 nan                 nan                 nan   7.718440160612956e+32  1.9012883629921392e+33  4.6463136916019297e+33 
  57036.29701754386                 0.0                 0.0                     0.0                 nan                 nan                 nan   7.718440160612956e+32  1.9012883629921392e+33  4.6463136916019297e+33 
  57038.98879699248                 0.0                 0.0                     0.0                 nan                 nan                 nan   7.718440160612956e+32  1.9012883629921392e+33  4.6463136916019297e+33 
 57041.680576441104                 0.0                 0.0                     0.0                 nan                 nan                 nan   7.718440160612956e+32  1.9012883629921392e+33  4.6463136916019297e+33 
 57044.372355889725                 0.0                 0.0                     0.0                 nan                 nan                 nan   7.718440160612956e+32  1.9012883629921392e+33  4.6463136916019297e+33 
  57047.06413533835                 0.0                 0.0                     0.0                 nan                 nan                 nan   7.718440160612956e+32  1.9012883629921392e+33  4.6463136916019297e+33 
  57049.75591478697                 0.0                 0.0                     0.0                 nan                 nan                 nan   7.718440160612956e+32  1.9012883629921392e+33  4.6463136916019297e+33 
  57052.44769423559                 0.0                 0.0                     0.0                 nan                 nan                 nan   7.718440160612956e+32  1.9012883629921392e+33  4.6463136916019297e+33 
  57055.13947368421                 0.0                 0.0                     0.0                 nan                 nan                 nan   7.718440160612956e+32  1.9012883629921392e+33  4.6463136916019297e+33 
 57057.831253132834                 0.0                 0.0                     0.0                 nan                 nan                 nan   7.718440160612956e+32  1.9012883629921392e+33  4.6463136916019297e+33 
 57060.523032581455                 0.0                 0.0                     0.0                 nan                 nan                 nan   7.718440160612956e+32  1.9012883629921392e+33  4.6463136916019297e+33 
  57063.21481203008                 0.0                 0.0                     0.0                 nan                 nan                 nan   7.718440160612956e+32  1.9012883629921392e+33  4.6463136916019297e+33 
   57065.9065914787                 0.0                 0.0                     0.0                 nan                 nan                 nan   7.718440160612956e+32  1.9012883629921392e+33  4.6463136916019297e+33 
  57068.59837092732                 0.0                 0.0                     0.0                 nan                 nan                 nan   7.718440160612956e+32  1.9012883629921392e+33  4.6463136916019297e+33 
  57071.29015037594                 0.0                 0.0                     0.0                 nan                 nan                 nan   7.718440160612956e+32  1.9012883629921392e+33  4.6463136916019297e+33 
 57073.981929824564                 0.0                 0.0                     0.0                 nan                 nan                 nan   7.718440160612956e+32  1.9012883629921392e+33  4.6463136916019297e+33 
 57076.673709273186                 0.0                 0.0                     0.0                 nan                 nan                 nan   7.718440160612956e+32  1.9012883629921392e+33  4.6463136916019297e+33 
  57079.36548872181                 0.0                 0.0                     0.0                 nan                 nan                 nan   7.718440160612956e+32  1.9012883629921392e+33  4.6463136916019297e+33 
  57082.05726817043                 0.0                 0.0                     0.0                 nan                 nan                 nan   7.718440160612956e+32  1.9012883629921392e+33  4.6463136916019297e+33 
  57084.74904761905                 0.0                 0.0                     0.0                 nan                 nan                 nan   7.718440160612956e+32  1.9012883629921392e+33  4.6463136916019297e+33 
  57087.44082706767                 0.0                 0.0                     0.0                 nan                 nan                 nan   7.718440160612956e+32  1.9012883629921392e+33  4.6463136916019297e+33 
 57090.132606516294                 0.0                 0.0                     0.0                 nan                 nan                 nan   7.718440160612956e+32  1.9012883629921392e+33  4.6463136916019297e+33 
 57092.824385964916                 0.0                 0.0                     0.0                 nan                 nan                 nan   7.718440160612956e+32  1.9012883629921392e+33  4.6463136916019297e+33 
  57095.51616541354                 0.0                 0.0                     0.0                 nan                 nan                 nan   7.718440160612956e+32  1.9012883629921392e+33  4.6463136916019297e+33 
  57098.20794486215                 0.0                 0.0                     0.0                 nan                 nan                 nan   7.718440160612956e+32  1.9012883629921392e+33  4.6463136916019297e+33 
  57100.89972431077                 0.0                 0.0                     0.0                 nan                 nan                 nan   7.718440160612956e+32  1.9012883629921392e+33  4.6463136916019297e+33 
 57103.591503759395                 0.0                 0.0                     0.0                 nan                 nan                 nan   7.718440160612956e+32  1.9012883629921392e+33  4.6463136916019297e+33 
  57106.28328320802                 0.0                 0.0                     0.0                 nan                 nan                 nan   7.718440160612956e+32  1.9012883629921392e+33  4.6463136916019297e+33 
  57108.97506265664                 0.0                 0.0                     0.0                 nan                 nan                 nan   7.718440160612956e+32  1.9012883629921392e+33  4.6463136916019297e+33 
  57111.66684210526                 0.0                 0.0                     0.0                 nan                 nan                 nan   7.718440160612956e+32  1.9012883629921392e+33  4.6463136916019297e+33 
  57114.35862155388                 0.0                 0.0                     0.0                 nan                 nan                 nan   7.718440160612956e+32  1.9012883629921392e+33  4.6463136916019297e+33 
   57117.0504010025                 0.0                 0.0                     0.0                 nan                 nan                 nan   7.718440160612956e+32  1.9012883629921392e+33  4.6463136916019297e+33 
 57119.742180451125                 0.0                 0.0                     0.0                 nan                 nan                 nan   7.718440160612956e+32  1.9012883629921392e+33  4.6463136916019297e+33 
  57122.43395989975                 0.0                 0.0                     0.0                 nan                 nan                 nan   7.718440160612956e+32  1.9012883629921392e+33  4.6463136916019297e+33 
  57125.12573934837                 0.0                 0.0                     0.0                 nan                 nan                 nan   7.718440160612956e+32  1.9012883629921392e+33  4.6463136916019297e+33 
  57127.81751879699                 0.0                 0.0                     0.0                 nan                 nan                 nan   7.718440160612956e+32  1.9012883629921392e+33  4.6463136916019297e+33 
  57130.50929824561                 0.0                 0.0                     0.0                 nan                 nan                 nan   7.718440160612956e+32  1.9012883629921392e+33  4.6463136916019297e+33 
  57133.20107769423                 0.0                 0.0                     0.0                 nan                 nan                 nan   7.718440160612956e+32  1.9012883629921392e+33  4.6463136916019297e+33 
 57135.892857142855                 0.0                 0.0                     0.0                 nan                 nan                 nan   7.718440160612956e+32  1.9012883629921392e+33  4.6463136916019297e+33 
  57138.58463659148                 0.0                 0.0                     0.0                 nan                 nan                 nan   7.718440160612956e+32  1.9012883629921392e+33  4.6463136916019297e+33 
   57141.2764160401                 0.0                 0.0                     0.0                 nan                 nan                 nan   7.718440160612956e+32  1.9012883629921392e+33  4.6463136916019297e+33 
  57143.96819548872                 0.0                 0.0                     0.0                 nan                 nan                 nan   7.718440160612956e+32  1.9012883629921392e+33  4.6463136916019297e+33 
  57146.65997493734                 0.0                 0.0                     0.0                 nan                 nan                 nan   7.718440160612956e+32  1.9012883629921392e+33  4.6463136916019297e+33 
  57149.35175438596                 0.0                 0.0                     0.0                 nan                 nan                 nan   7.718440160612956e+32  1.9012883629921392e+33  4.6463136916019297e+33 
 57152.043533834585                 0.0                 0.0                     0.0                 nan                 nan                 nan   7.718440160612956e+32  1.9012883629921392e+33  4.6463136916019297e+33 
  57154.73531328321                 0.0                 0.0                     0.0                 nan                 nan                 nan   7.718440160612956e+32  1.9012883629921392e+33  4.6463136916019297e+33 
  57157.42709273183                 0.0                 0.0                     0.0                 nan                 nan                 nan   7.718440160612956e+32  1.9012883629921392e+33  4.6463136916019297e+33 
  57160.11887218045                 0.0                 0.0                     0.0                 nan                 nan                 nan   7.718440160612956e+32  1.9012883629921392e+33  4.6463136916019297e+33 
  57162.81065162907                 0.0                 0.0                     0.0                 nan                 nan                 nan   7.718440160612956e+32  1.9012883629921392e+33  4.6463136916019297e+33 
  57165.50243107769                 0.0                 0.0                     0.0                 nan                 nan                 nan   7.718440160612956e+32  1.9012883629921392e+33  4.6463136916019297e+33 
 57168.194210526315                 0.0                 0.0                     0.0                 nan                 nan                 nan   7.718440160612956e+32  1.9012883629921392e+33  4.6463136916019297e+33 
  57170.88598997494                 0.0                 0.0                     0.0                 nan                 nan                 nan   7.718440160612956e+32  1.9012883629921392e+33  4.6463136916019297e+33 
  57173.57776942356                 0.0                 0.0                     0.0                 nan                 nan                 nan   7.718440160612956e+32  1.9012883629921392e+33  4.6463136916019297e+33 
  57176.26954887218                 0.0                 0.0                     0.0                 nan                 nan                 nan   7.718440160612956e+32  1.9012883629921392e+33  4.6463136916019297e+33 
   57178.9613283208                 0.0                 0.0                     0.0                 nan                 nan                 nan   7.718440160612956e+32  1.9012883629921392e+33  4.6463136916019297e+33 
  57181.65310776942                 0.0                 0.0                     0.0                 nan                 nan                 nan   7.718440160612956e+32  1.9012883629921392e+33  4.6463136916019297e+33 
 57184.344887218045                 0.0                 0.0                     0.0                 nan                 nan                 nan   7.718440160612956e+32  1.9012883629921392e+33  4.6463136916019297e+33 
  57187.03666666667                 0.0                 0.0                     0.0                 nan                 nan                 nan   7.718440160612956e+32  1.9012883629921392e+33  4.6463136916019297e+33 
  57189.72844611529                 0.0                 0.0                     0.0                 nan                 nan                 nan   7.718440160612956e+32  1.9012883629921392e+33  4.6463136916019297e+33 
  57192.42022556391                 0.0                 0.0                     0.0                 nan                 nan                 nan   7.718440160612956e+32  1.9012883629921392e+33  4.6463136916019297e+33 
  57195.11200501253                 0.0                 0.0                     0.0                 nan                 nan                 nan   7.718440160612956e+32  1.9012883629921392e+33  4.6463136916019297e+33 
  57197.80378446115                 0.0                 0.0                     0.0                 nan                 nan                 nan   7.718440160612956e+32  1.9012883629921392e+33  4.6463136916019297e+33 
 57200.495563909775                 0.0                 0.0                     0.0                 nan                 nan                 nan   7.718440160612956e+32  1.9012883629921392e+33  4.6463136916019297e+33 
   57203.1873433584                 0.0                 0.0                     0.0                 nan                 nan                 nan   7.718440160612956e+32  1.9012883629921392e+33  4.6463136916019297e+33 
  57205.87912280702                 0.0                 0.0                     0.0                 nan                 nan                 nan   7.718440160612956e+32  1.9012883629921392e+33  4.6463136916019297e+33 
  57208.57090225564                 0.0                 0.0                     0.0                 nan                 nan                 nan   7.718440160612956e+32  1.9012883629921392e+33  4.6463136916019297e+33 
  57211.26268170426                 0.0                 0.0                     0.0                 nan                 nan                 nan   7.718440160612956e+32  1.9012883629921392e+33  4.6463136916019297e+33 
  57213.95446115288                 0.0                 0.0                     0.0                 nan                 nan                 nan   7.718440160612956e+32  1.9012883629921392e+33  4.6463136916019297e+33 
 57216.646240601505                 0.0                 0.0                     0.0                 nan                 nan                 nan   7.718440160612956e+32  1.9012883629921392e+33  4.6463136916019297e+33 
  57219.33802005013                 0.0                 0.0                     0.0                 nan                 nan                 nan   7.718440160612956e+32  1.9012883629921392e+33  4.6463136916019297e+33 
  57222.02979949875                 0.0                 0.0                     0.0                 nan                 nan                 nan   7.718440160612956e+32  1.9012883629921392e+33  4.6463136916019297e+33 
  57224.72157894737                 0.0                 0.0                     0.0                 nan                 nan                 nan   7.718440160612956e+32  1.9012883629921392e+33  4.6463136916019297e+33 
  57227.41335839599                 0.0                 0.0                     0.0                 nan                 nan                 nan   7.718440160612956e+32  1.9012883629921392e+33  4.6463136916019297e+33 
  57230.10513784461                 0.0                 0.0                     0.0                 nan                 nan                 nan   7.718440160612956e+32  1.9012883629921392e+33  4.6463136916019297e+33 
 57232.796917293235                 0.0                 0.0                     0.0                 nan                 nan                 nan   7.718440160612956e+32  1.9012883629921392e+33  4.6463136916019297e+33 
  57235.48869674186                 0.0                 0.0                     0.0                 nan                 nan                 nan   7.718440160612956e+32  1.9012883629921392e+33  4.6463136916019297e+33 
  57238.18047619048                 0.0                 0.0                     0.0                 nan                 nan                 nan   7.718440160612956e+32  1.9012883629921392e+33  4.6463136916019297e+33 
   57240.8722556391                 0.0                 0.0                     0.0                 nan                 nan                 nan   7.718440160612956e+32  1.9012883629921392e+33  4.6463136916019297e+33 
  57243.56403508772                 0.0                 0.0                     0.0                 nan                 nan                 nan   7.718440160612956e+32  1.9012883629921392e+33  4.6463136916019297e+33 
 57246.255814536344                 0.0                 0.0                     0.0                 nan                 nan                 nan   7.718440160612956e+32  1.9012883629921392e+33  4.6463136916019297e+33 
 57248.947593984965                 0.0                 0.0                     0.0                 nan                 nan                 nan   7.718440160612956e+32  1.9012883629921392e+33  4.6463136916019297e+33 
  57251.63937343359                 0.0                 0.0                     0.0                 nan                 nan                 nan   7.718440160612956e+32  1.9012883629921392e+33  4.6463136916019297e+33 
  57254.33115288221                 0.0                 0.0                     0.0                 nan                 nan                 nan   7.718440160612956e+32  1.9012883629921392e+33  4.6463136916019297e+33 
  57257.02293233083                 0.0                 0.0                     0.0                 nan                 nan                 nan   7.718440160612956e+32  1.9012883629921392e+33  4.6463136916019297e+33 
  57259.71471177945                 0.0                 0.0                     0.0                 nan                 nan                 nan   7.718440160612956e+32  1.9012883629921392e+33  4.6463136916019297e+33 
 57262.406491228074                 0.0                 0.0                     0.0                 nan                 nan                 nan   7.718440160612956e+32  1.9012883629921392e+33  4.6463136916019297e+33 
 57265.098270676695                 0.0                 0.0                     0.0                 nan                 nan                 nan   7.718440160612956e+32  1.9012883629921392e+33  4.6463136916019297e+33 
  57267.79005012532                 0.0                 0.0                     0.0                 nan                 nan                 nan   7.718440160612956e+32  1.9012883629921392e+33  4.6463136916019297e+33 
  57270.48182957394                 0.0                 0.0                     0.0                 nan                 nan                 nan   7.718440160612956e+32  1.9012883629921392e+33  4.6463136916019297e+33 
  57273.17360902256                 0.0                 0.0                     0.0                 nan                 nan                 nan   7.718440160612956e+32  1.9012883629921392e+33  4.6463136916019297e+33 
  57275.86538847118                 0.0                 0.0                     0.0                 nan                 nan                 nan   7.718440160612956e+32  1.9012883629921392e+33  4.6463136916019297e+33 
   57278.5571679198                 0.0                 0.0                     0.0                 nan                 nan                 nan   7.718440160612956e+32  1.9012883629921392e+33  4.6463136916019297e+33 
  57281.24894736842                 0.0                 0.0                     0.0                 nan                 nan                 nan   7.718440160612956e+32  1.9012883629921392e+33  4.6463136916019297e+33 
  57283.94072681704                 0.0                 0.0                     0.0                 nan                 nan                 nan   7.718440160612956e+32  1.9012883629921392e+33  4.6463136916019297e+33 
  57286.63250626566                 0.0                 0.0                     0.0                 nan                 nan                 nan   7.718440160612956e+32  1.9012883629921392e+33  4.6463136916019297e+33 
  57289.32428571428                 0.0                 0.0                     0.0                 nan                 nan                 nan   7.718440160612956e+32  1.9012883629921392e+33  4.6463136916019297e+33 
 57292.016065162905                 0.0                 0.0                     0.0                 nan                 nan                 nan   7.718440160612956e+32  1.9012883629921392e+33  4.6463136916019297e+33 
  57294.70784461153                 0.0                 0.0                     0.0                 nan                 nan                 nan   7.718440160612956e+32  1.9012883629921392e+33  4.6463136916019297e+33 
  57297.39962406015                 0.0                 0.0                     0.0                 nan                 nan                 nan   7.718440160612956e+32  1.9012883629921392e+33  4.6463136916019297e+33 
  57300.09140350877                 0.0                 0.0                     0.0                 nan                 nan                 nan   7.718440160612956e+32  1.9012883629921392e+33  4.6463136916019297e+33 
  57302.78318295739                 0.0                 0.0                     0.0                 nan                 nan                 nan   7.718440160612956e+32  1.9012883629921392e+33  4.6463136916019297e+33 
  57305.47496240601                 0.0                 0.0                     0.0                 nan                 nan                 nan   7.718440160612956e+32  1.9012883629921392e+33  4.6463136916019297e+33 
 57308.166741854635                 0.0                 0.0                     0.0                 nan                 nan                 nan   7.718440160612956e+32  1.9012883629921392e+33  4.6463136916019297e+33 
  57310.85852130326                 0.0                 0.0                     0.0                 nan                 nan                 nan   7.718440160612956e+32  1.9012883629921392e+33  4.6463136916019297e+33 
  57313.55030075188                 0.0                 0.0                     0.0                 nan                 nan                 nan   8.322144386773261e+32  1.9348213379831975e+33   4.712797156027828e+33 
   57316.2420802005                 0.0                 0.0                     0.0                 nan                 nan                 nan   8.322144386773261e+32  1.9348213379831975e+33   4.712797156027828e+33 
  57318.93385964912                 0.0                 0.0                     0.0                 nan                 nan                 nan   8.803278861561568e+32  2.0993072994488022e+33   5.108929326302005e+33 
  57321.62563909774                 0.0                 0.0                     0.0                 nan                 nan                 nan   9.214091538140353e+32  2.1499529657760253e+33   5.373645110367623e+33 
 57324.317418546365                 0.0                 0.0      34531497223843.633   80467.36737814583                 nan                 nan    1.11054822789541e+33   3.655636025201508e+33   4.396819529690964e+43 
  57327.00919799499   39624571657769.29   81506219261789.75      146036738382946.88  57111.050294116176   71291.33643095667   94258.45435681484   5.978236999109123e+43  1.1055835342847488e+44  1.7521405661647525e+44 
           57329.03  118469291461010.72  163807490468197.06       236601412276697.7   48731.50606288619  56761.190216976436   66771.56009916935  1.6467945524349531e+44  2.0627921083407563e+44  2.4617568809287593e+44 
  57329.70097744361  144044746464816.97   193531313458780.8       267172896384160.8   46665.13399295347   53636.66406665112   62205.04972386193  1.8965103158798474e+44  2.2657242231225495e+44  2.6592230441681414e+44 
  57332.39275689223   246783625739258.4   309465427393942.7       391767126573761.6   40825.78950929151   45347.06598683789   50656.47431197063   2.629044976595479e+44  2.9960427332863887e+44  3.3369300906123193e+44 
           57334.22   316055171895892.6   391042123794290.1       473832649217633.9   38046.12814627757   41851.67455035279   46240.61199304815  2.9926299956701647e+44  3.3168690721431892e+44   3.671919661249234e+44 
           57334.23  316451722304978.75   391503340312279.1       474243596332210.5  38033.370177636556  41831.669519176125  46218.782114560985  2.9941918698526173e+44  3.3187807727007585e+44  3.6730989410928176e+44 
  57335.08453634085   348310671725682.4   428762278038284.7      507384500868736.56   36957.91733621856    40449.1585922039  44456.221446390715   3.127367117561001e+44  3.4425334192961687e+44    3.79622816067304e+44 
  57337.77631578947   455220861871593.1   543618231590895.1       628858817943869.0  34247.873023479886   36793.71867548808  40278.664323232006  3.5151056378623394e+44    3.80989629450361e+44   4.188689966464586e+44 
           57340.06   546076499400698.3   641441973837228.6       734314932555217.1   32171.42658776033   34320.25979344275  37574.550829391264    3.78084463594117e+44   4.071039775823624e+44   4.439787444348006e+44 
           57340.07   546473808822033.4   641794132909373.6       734781312900999.1  32163.164076401572   34310.81284246477    37564.2074885641  3.7817486448382274e+44  4.0720654646906136e+44  4.4408833537542795e+44 
 57340.468095238095   562290507687196.2   657069837373590.5       753347692376919.9  31842.982456697682   33943.54994112402   37151.15150977583    3.82208782782618e+44   4.110483339298126e+44   4.483600214424689e+44 
           57342.02   623384225878221.4   722374283616129.1       829461626672315.2   30606.93707332038  32645.175049944082   35596.57221454591   3.975436567842875e+44   4.256350582392375e+44   4.634972219134321e+44 
           57342.03   623767205655039.5   722810593608301.0       829958202472907.2  30599.513673475616  32637.420840133334   35587.24642490179   3.976499297368259e+44   4.257640040544626e+44   4.636113159245976e+44 
  57343.15987468672   667039121181383.0   767431129934359.9       881128036194956.4  29784.259296285312  31842.781749332848   34546.29576447709   4.089700144671993e+44  4.3528839773489916e+44   4.739281121379958e+44 
  57345.85165413534   767816340394732.4   877118718140149.8      1008364505464034.4   28134.46047308065   30077.63291275016  32461.012040821282   4.285172215220425e+44   4.560308818650674e+44  4.9500452180466225e+44 
           57347.08   816803070230198.4   927588366215341.0      1066155959605058.1   27536.08448233417   29391.51137749454  31653.728513305123   4.373217075828128e+44   4.639533029694174e+44   5.021216439808591e+44 
  57348.54343358396   873218539634706.0   990568096164018.1      1134586683616805.2  26789.242083173456  28600.333252922304   30836.57338583619  4.4553231660621626e+44   4.736766126495683e+44   5.107018121536668e+44 
  57351.23521303258   968674590632890.9  1105937042019076.8      1258714378724154.2   25568.06555854552  27243.819217423836  29472.588132400004   4.582893251403854e+44   4.856574389084996e+44   5.239322951205213e+44 
   57353.9269924812  1067888111167883.4  1213229284037259.5      1386386636906109.8   24473.45932343379  26046.129980968275  28163.315378479732   4.676175991249216e+44   4.955275775162412e+44   5.341700367037423e+44 
           57356.13  1148591801228087.8  1304912083573554.2      1483276603493602.0  23676.155291139676  25229.896335961017  27233.126566975126   4.748410874784606e+44  5.0275720880182875e+44  5.3938955614087114e+44 
 57356.618771929825  1166497186479124.2  1325567628068607.2      1506684704818204.5  23511.057474961195  25074.812066061466   27035.37263618785   4.760446533793888e+44  5.0410101161201714e+44   5.405189338868749e+44 
  57359.31055137845  1266360278754603.5  1439322462949329.0      1634978903991806.8  22642.575759744446   24146.69980371734  25991.870964645776   4.831164680509137e+44   5.095853007562867e+44   5.449065135994251e+44 
  57362.00233082707  1369168827883873.2  1553077297830050.5      1764270506629698.8  21861.229382970858   23292.43678863025  25059.913401697006   4.881487882795555e+44   5.133578188833635e+44   5.469153604119778e+44 
  57364.69411027569  1474637110488245.0  1667657241041417.0      1891800787459624.0  21145.174101366654  22510.945370105997   24196.18984569321   4.907147838073739e+44   5.153622369291223e+44   5.466989102309709e+44 
           57366.04  1527371251790431.0  1725349297055679.0      1957328497052614.2  20806.402693594177  22135.068468874357  23782.447913188567   4.914262384054208e+44      5.159970196516e+44   5.455662543950908e+44 
           57366.05  1527763068002119.0  1725787078982563.5      1957809994598040.2  20803.928722709355   22132.35428735498  23779.483084680363   4.914362503039418e+44   5.160030043971258e+44   5.455570047058859e+44 
  57367.38588972431  1579078338163347.5  1784269916731967.8      2022132756906383.2   20482.29167400057   21780.32894573596   23389.61805798675   4.924188015063857e+44   5.164112245641176e+44    5.44483804310013e+44 
  57370.07766917293  1679696465568501.2  1900842423784613.0      2151378574976265.5   19869.18900833218  21110.092722805814   22662.57168417796   4.926128656476191e+44    5.14727425103997e+44  5.4211922845830834e+44 
 57372.769448621555  1781848508500262.2  2014153091545209.5      2276814879088767.5  19299.078517149628  20493.425859155614  21961.876345345827  4.9194471378267595e+44   5.124931864749707e+44   5.379757155025523e+44 
           57373.04  1792115834094265.0  2025541973116076.2      2289338530845989.0  19243.112622728604  20433.204262643616  21892.076162042984   4.916706039938033e+44   5.120786275997518e+44  5.3738744184923026e+44 
  57375.46122807018  1884000551432023.5  2127575446670503.2      2401190171406210.5  18757.062463265833  19911.355691473702  21292.542964825385  4.8926229995386656e+44    5.08217036433022e+44   5.322702044830737e+44 
   57378.1530075188  1987627290806586.8  2239390042070539.0      2524991840853791.0  18253.045276850156  19365.395685305833  20673.124707636925   4.862110048721929e+44   5.057346303452971e+44   5.273608196909194e+44 
  57380.84478696742  2091433765690444.5  2349214391573544.0      2648793510301371.0    17777.1881739673   18847.28312509622   20079.14827138615  4.8114551818479144e+44   4.990169486196347e+44   5.222849329297121e+44 
  57383.53656641604  2194565283201730.2  2462137480984231.0      2772595179748951.5  17357.068763259747  18350.313509105923   19509.31277668054   4.738106112783355e+44   4.926066801748582e+44   5.132113225110828e+44 
           57385.09  2252994927393611.5  2528350447138076.5      2844041475680816.5  17121.775975509947  18072.443760947743  19193.950951665163   4.690149869209942e+44   4.880449682844353e+44   5.081899254761528e+44 
            57385.1  2253371059626153.0  2528776683359897.0      2844501400692638.0   17120.19067064768   18070.64988156423   19192.12382313537   4.689872620609314e+44   4.880176780637609e+44   5.081673095759291e+44 
  57386.22834586466  2295811784533044.0  2576870871176209.0      2896396849196531.5   16942.91247298121   17870.52971629222   18988.09850342758  4.6572939848498084e+44   4.849107284900695e+44   5.052487783019551e+44 
 57388.920125313285  2397058285864357.0  2691604261368188.0      3020198518644111.5  16525.223506135182   17411.04753264384   18475.60974328818   4.576001955306292e+44   4.760165771601674e+44  4.9705008603494356e+44 
           57389.06  2402319423682210.0  2697566227166237.0      3026631705336781.5   16503.06811015153   17387.84122471426    18448.6218327989   4.572013193257622e+44   4.754669954176057e+44   4.965819472492598e+44 
           57389.07  2402695555914751.0  2697992463388057.0      3027091630348602.5   16501.50440269103  17386.186732403476   18446.69045336735   4.571727233750293e+44   4.754276666941937e+44  4.9654366741979245e+44 
  57391.61190476191  2498304787195671.0  2806337651560166.5      3143864864318151.5  16102.327095513456   16972.45749813339  17969.833082645087   4.482949852107945e+44   4.653933288952058e+44   4.897016635969288e+44 
  57394.30368421053  2599551288526984.0  2921071041752145.0      3266824975378617.5   15709.44455824935  16538.532539867956   17501.58963120321   4.379723246707862e+44   4.549773871909098e+44   4.801009861493528e+44 
           57396.05  2665235854175353.0  2995505346158021.0      3346596437907012.0  15465.061655939287  16285.129914345507  17212.316499815406   4.316690176234249e+44   4.485326635178742e+44    4.73169018683208e+44 
  57396.99546365915  2701021381621859.5  3035804431944123.5      3390158237642445.0  15339.828797014768  16144.168940651738  17057.117350247627   4.277938378088046e+44    4.44573254519482e+44   4.693673445075786e+44 
  57399.68724310777  2802907543631185.0  3150537822136102.0      3516959143070765.0  14991.453993679866  15747.878483435336  16623.263949945653   4.151093140596417e+44   4.343485893464129e+44  4.5883280345321505e+44 
  57402.37902255639  2904793705640511.0  3265271212328081.0      3643760048499084.5   14637.62155789881   15366.41382472562  16201.206625764024  4.0222679281968624e+44   4.234670112155084e+44   4.484116962804092e+44 
           57403.04  2929812269081278.0  3293069643745527.0      3674896529000870.5  14551.040163366366  15271.959177189901   16100.36734266273   3.986864702285572e+44   4.206258310401749e+44   4.457920321718153e+44 
           57403.05  2930190777662589.5  3293489810668728.0      3675367596218205.5   14549.69418466629  15270.567055605667  16098.854890716222   3.986361571197768e+44   4.205880355301223e+44  4.4575115210247646e+44 
 57405.070802005015  3006679867649836.5  3378397226735837.0      3770560953927404.0   14282.58135429297  14993.310362062917  15819.210490584943  3.8941825088455284e+44    4.12155396467997e+44  4.3694917883963295e+44 
  57407.76258145364  3108566029659162.5  3491496895599057.0      3895854925426053.5  13937.178372754963  14632.800875637378  15437.851101390852  3.7641900802819346e+44   3.994793760144952e+44  4.2572066673696006e+44 
  57410.45436090226  3210452191668488.0  3604596564462276.5      4017673432274378.5  13612.767649433163  14282.303464630979  15085.004664593476  3.6331740534329766e+44  3.8578646834744445e+44   4.162901573108172e+44 
  57413.14614035088  3312338353677814.0  3717696233325497.0      4139491939122704.0  13291.935953145467  13948.072450147505  14742.838809847955  3.4958773642405337e+44   3.742696740013358e+44   4.033976538631043e+44 
   57415.8379197995  3414224515687139.5  3830795902188717.0      4261310445971029.0  12982.123523985694  13611.783321007493   14412.18390639636  3.3572201077499874e+44    3.61998371334471e+44   3.918836750030418e+44 
  57418.52969924812  3516110677696465.0  3941951354622536.0      4385641665529989.0   12686.80611522442  13303.539543251309  14098.055193696055  3.2257168625333877e+44  3.5003110718740713e+44   3.798623255261496e+44 
 57421.221478696745  3617996839705791.0  4055816029438733.0      4513077795099214.0  12384.163389991503   12990.69709287905  13793.893396642863   3.084269947165931e+44  3.3808418617814382e+44    3.68718165805526e+44 
  57423.91325814537  3719883001715117.0  4169680704254929.0      4640513924668439.0  12095.660462174783  12687.635831063533  13492.653882473012   2.943519825701003e+44   3.249275478449713e+44  3.5711860570572516e+44 
  57426.60503759399  3821545607100858.0  4283194577641596.5      4767950054237664.0  11832.733983836546  12403.421316523829  13171.706431467537   2.802775947086154e+44  3.1249408655448563e+44   3.466782332693113e+44 
  57429.29681704261  3922340486957148.0  4396294246504816.0      4895386183806889.0   11534.59609398567   12121.90128257554  12862.758328612785  2.6690578952923593e+44   2.998895961911319e+44  3.3588204482478966e+44 
  57431.98859649123  4023260078900510.5  4509393915368036.0      5022822313376114.0  11237.842620128033  11854.628039901174  12556.733899491524   2.543173708927869e+44  2.8752305376176026e+44  3.2462576503600253e+44 
  57434.68037593985  4123492561256549.0  4622493584231256.0      5150258442945339.0  10973.565072991496  11595.632417164281  12285.299955130584  2.4258091992636495e+44  2.7482516006457044e+44  3.1373049555109922e+44 
 57437.372155388475  4223725043612587.0  4735593253094476.0      5277694572514564.0  10719.069509418148  11320.056726019084  11989.624342430721  2.3036050533648493e+44   2.637004111896868e+44  3.0252247803582483e+44 
   57440.0639348371  4323957525968625.5  4848692921957696.0      5405130702083788.0  10476.940927517888  11058.183747775074  11726.658770339971  2.1737005032010166e+44  2.5168224713692944e+44  2.9150083658598284e+44 
  57442.75571428572  4424190008324663.5  4961792590820916.0      5532566831653014.0  10211.104006146003   10798.56535320171  11472.727900903772  2.0479932520477663e+44  2.4020593085376165e+44   2.808886158516183e+44 
  57445.44749373434  4524422490680702.0  5074892259684136.0      5636566208499142.0   9957.792729805447  10550.463536051477  11213.841233781084  1.9319705235255425e+44  2.2833005315191096e+44   2.706202358218941e+44 
  57448.13927318296  4624654973036741.0  5187991928547356.0      5748518272927011.0   9727.045287356023   10318.47734280342  10986.770623423223  1.8202510536654608e+44  2.1760834217302374e+44  2.6031255203048543e+44 
  57450.83105263158  4725727816484568.0  5292787765461473.0      5874973974909081.0    9521.76068784999  10094.362859086788  10767.727420397236  1.7104713614355303e+44   2.066139504640639e+44  2.4945501278717673e+44 
 57453.522832080205  4826974317815882.0  5396021262318437.0      6001429676891151.0   9323.405133353088   9871.348273612391  10526.759092067063  1.6158380796691086e+44  1.9679310092809933e+44   2.380282958685586e+44 
  57456.21461152882  4928220819146921.0  5432482894780952.0      6116056314152408.0   9148.163747044082   9666.213363269679  10312.079938068784  1.5227361022653472e+44  1.8719591440702186e+44  2.2745084270339216e+44 
  57458.90639097744  5013128623374448.0  5523094022563124.0      6240390254953297.0   8945.915287967633   9479.494261218526  10100.603386393723  1.4318696713439784e+44  1.7759953355681334e+44  2.1683769273191375e+44 
  57461.59817042606  4996296999637027.0  5612261129229092.0      6366798473765014.0   8732.079888943123   9278.166921505515   9898.218955262386  1.3442793277901862e+44  1.6809198259344737e+44  2.0657085675682564e+44 
 57464.289949874685  5060833176666424.0  5669691671261952.0      6493206692576730.0   8534.139122562454    9091.13318355392   9709.473034228084  1.2577039692228049e+44  1.5869078083018563e+44  1.9690985172113664e+44 
 57466.981729323306  5021196461262722.0  5773129275036824.0      6599180944074434.0   8338.847154081788   8894.574960100026   9606.897733935637  1.1775535315897841e+44  1.5016067914827569e+44  1.8827058364272178e+44 
  57469.67350877193  5067518687276970.0  5882750584541690.0      6704616526345587.0   8152.700256054919   8725.747950014105   9443.645291086941  1.1039875287246694e+44  1.4200693458082884e+44  1.7965214978158266e+44 
  57472.36528822055  4976462973659493.0  5982447938071465.0      6829623858635996.0   7973.827003267479   8584.391762489178   9342.698493277852  1.0355066397598337e+44  1.3427273232779962e+44  1.7139471818673375e+44 
  57475.05706766917  4856078357336299.0  6060287177251821.0      6954631190926404.0   7797.750497284352   8397.065075827904   9265.837298475864   9.697592494226038e+43  1.2642042098240568e+44  1.6343060147972417e+44 
  57477.74884711779  4750805766281206.0  6163118700036198.0      7079638523216814.0   7607.153502105987   8214.095542543906    9245.30718817417   9.109121986426553e+43   1.195032644944417e+44   1.557454900237051e+44 
 57480.440626566415  4697785765084681.0  6216188657702490.0      7187139345649966.0   7434.878987284226   8061.609269478196   9210.366773817655   8.515189517926427e+43  1.1320465541862787e+44  1.4835065110389519e+44 
  57483.13240601504  4637681393685790.0  6301422283823830.0      7297713738555943.0   7282.886803694649    7916.90996229564   9114.412795043194   8.004387810335203e+43  1.0713304926991049e+44  1.4155242315963933e+44 
  57485.82418546366  4514104722264521.0  6393470148859276.0      7381601202141775.0  7113.0406582681935   7765.291228247228   9114.412795043194   7.545366785015708e+43  1.0185443858306508e+44  1.3485990406685554e+44 
  57488.51596491228  4393057218994012.0  6412590535411528.0      7404248068835894.0     6969.9874433418   7641.370777629592   9114.412795043194   7.119024269388336e+43   9.655841630888312e+43  1.2827238070797498e+44 
   57491.2077443609  4278490455937714.5  6512716596095274.0      7484681986335399.0   6879.397568185683   7519.717188491857   9114.412795043194   6.720712703665964e+43   9.140788596529929e+43  1.2196745199700526e+44 
  57493.89952380952  4230374878903864.5  6553591565441054.0      7605528070198623.0   6804.050466486864    7399.59676645961   9046.942359070541   6.339240305952572e+43   8.672385755356576e+43  1.1683304411408385e+44 
 57496.591303258145  4128328134256413.5  6588548179395556.0      7710176125007871.0   6661.514956080158   7258.926266564356   9026.000694865656   5.944772227207605e+43   8.208286831508306e+43   1.111892418605183e+44 
  57499.28308270677  3978585140617836.5  6496176303405022.0      7831313005243419.0   6520.008018988449   7126.783258170724   9026.000694865656     5.5446426247827e+43   7.782422707756908e+43   1.057544621294007e+44 
  57501.97486215539  3845811969641803.0  6428730431213090.0      7952449885478966.0   6388.294876630995   7013.367343351179   9026.000694865656   5.176637903625441e+43   7.381791154228942e+43   1.005861047160849e+44 
  57504.66664160401  3726617429888086.0  6506124054685660.0      8073586765714514.0   6255.481506621407  6973.3419092785225   9026.000694865656   4.870087061564366e+43   6.947403692318395e+43   9.569349741501573e+43 
  57507.35842105263  3625497986014589.5  6430693405613764.0      8148754950842655.0   6137.228817569757  6880.3137163732545   9026.000694865656    4.60349227807524e+43   6.571120277369526e+43   9.101581832404974e+43 
  57510.05020050125  3531568344498461.5  6488087746992654.0      8231001474403696.0    6004.46401262729   6825.996883303165   9026.000694865656  4.3398747153293443e+43    6.25529778616269e+43   8.654628224191942e+43 
 57512.741979949875  3431416384097032.0  6551522579553238.0      8351055188772586.0   5880.519666831548  6812.4964047332405   9026.000694865656  4.1107447839248743e+43   5.932620710403952e+43   8.312593584750965e+43 
   57515.4337593985  3338625864292412.5  6407541145295158.0      8471108903141480.0    5791.82602624489   6772.463762845529   9026.000694865656  3.9023829657256763e+43    5.62122353008588e+43   7.986230096280082e+43 
  57518.12553884712  3249006459594279.5  6235644796059422.0      8586508738164949.0    5720.68192855222   6709.828908769303   9026.000694865656   3.676104661126627e+43   5.329784299356906e+43   7.637867702064111e+43 
  57520.81731829574  3162264818611432.5  6070662492863674.0      8591700003902802.0   5641.961752612475   6686.464913907684   9026.000694865656  3.4802954049829345e+43   5.056854491144405e+43   7.347591928936611e+43 
  57523.50909774436  3078539586831118.0  6021453548081544.0      8659028784054658.0   5562.276228991734   6638.007592290756   9026.000694865656   3.325632773742153e+43   4.814171871529483e+43   7.059812005188825e+43 
  57526.20087719298  2997819117773844.0  5949548482183378.0      8743003269724291.0   5496.459141855727  6545.1714302674545   9026.000694865656  3.1922278901123283e+43   4.548492024124947e+43    6.78171264259662e+43 
 57528.892656641605  2920095805723963.0  5866434379353242.0      8860140013667899.0   5387.017946224751  6521.6952453577915   9026.000694865656  3.0419091428797526e+43   4.321226561646942e+43    6.48603422235304e+43 
  57531.58443609023  2845330020730988.0  5696627719221130.0      8977276757611508.0  5295.6309726710715   6457.364013805278   9026.000694865656   2.870599713106339e+43  4.1063293598542914e+43   6.204508534968451e+43 
  57534.27621553885  2773314845773434.0  5534640556670289.0      9047301882331000.0   5192.575037340013    6404.82480468254   9026.000694865656   2.707712570046185e+43  3.9178650586251226e+43   6.004161496180855e+43 
  57536.96799498747  2704049420297106.0  5406265603172568.0      9101358902832276.0  5096.3515549569875   6365.852874776205   9026.000694865656   2.583466491223085e+43   3.727320146519847e+43   5.792902996961445e+43 
  57539.65977443609  2637690455874893.0  5424809402921744.0      9201085672478278.0   5017.052421500813   6320.046969573541   9026.000694865656  2.4567670956798264e+43  3.5387986651893084e+43   5.560905946733556e+43 
  57542.35155388471  2580322905362285.0  5392410080255880.0      9316848972667800.0   4984.515557693781   6320.046969573541   9026.000694865656   2.326647484394519e+43   3.340556641482986e+43   5.351570219370242e+43 
 57545.043333333335  2525360396508199.5  5243975638551110.0      9309431299596314.0   4900.052638311501   6320.046969573541   9026.000694865656  2.2083776826738599e+43   3.188709641891088e+43   5.183246688113862e+43 
  57547.73511278196  2472647535358994.0  5107316854516304.0      9389584918017824.0   4817.925173502464   6320.046969573541   9026.000694865656  2.0981926656502458e+43   3.056041794484218e+43   5.031691185980003e+43 
  57550.42689223058  2422140156959891.5  5017835047259120.0      9484658745778048.0   4746.915929141048   6320.046969573541   9026.000694865656  1.9954647387397473e+43   2.924063880417256e+43   4.861082326914198e+43 
   57553.1186716792  2373775607070777.0  4916636480937460.0      9597720667366160.0   4698.307044977782   6320.046969573541   9026.000694865656  1.8996727266145734e+43   2.796054551688386e+43    4.67268071200865e+43 
  57555.81045112782  2327533996189856.0  4810264942191341.0      9710782588954270.0   4653.696875566742   6320.046969573541   9026.000694865656   1.810297895858759e+43   2.676364951732567e+43   4.530280081108526e+43 
  57558.50223057644  2281768819625278.0  4705419520655584.0      9677472601124672.0    4630.59554540888   6320.046969573541   9026.000694865656  1.7267686838299574e+43   2.564446762145113e+43  4.4385218664789664e+43 
 57561.194010025065  2232572044489925.0  4630067659240808.0      9729647983959368.0   4604.967113251812   6320.046969573541   9026.000694865656  1.6486339047011417e+43  2.4598084246783893e+43   4.351494841652308e+43 
  57563.88578947369  2191457290870252.2  4557838220773500.0      9840515122240810.0   4583.540982844639   6320.046969573541   9026.000694865656  1.5754725425653804e+43  2.3619131695625666e+43  4.2646538539519794e+43 
  57566.57756892231  2155142013228409.0  4488597384542167.0      9951382260522254.0   4543.050611892131   6320.046969573541   9026.000694865656  1.5068988838004854e+43  2.2702280179904046e+43  4.1536543631098365e+43 
  57569.26934837093  2106694969057431.5  4422232361387227.0  1.0057088501768786e+16   4509.196235159182   6320.046969573541   9026.000694865656   1.442538338225759e+43  2.1843141822242852e+43    3.96866206912715e+43 
  57571.96112781955  2060742728084576.2  4358582898200179.0  1.0054575854580512e+16   4465.170669821416   6320.046969573541   9026.000694865656  1.3821750613684931e+43  2.1037277252329383e+43   3.788488465286915e+43 
  57574.65290726817  2021846821136676.5  4297500533620390.0  1.0121988653641244e+16   4417.526501670296   6320.046969573541   9026.000694865656  1.3284985284049322e+43  2.0341151271899347e+43   3.645124585631671e+43 
 57577.344686716795  1985199002134114.0  4226235555283110.5  1.0098154292994926e+16   4377.191905889896   6320.046969573541   9026.000694865656  1.2777862612113923e+43  1.9714995089558308e+43  3.5345208538133284e+43 
  57580.03646616542  1950151886584720.8  4155390956566980.0  1.0029407437596102e+16   4358.634052792721   6320.046969573541   9026.000694865656   1.229812737401652e+43   1.909199370444443e+43  3.4503260463994463e+43 
  57582.72824561404  1916620269720286.8  4075175294286097.0      9906285470897524.0   4353.489916877146   6320.046969573541   9026.000694865656  1.1843803695927135e+43  1.8453059805473183e+43   3.370453206665329e+43 
  57585.42002506266  1880878701841420.8  3986512070813904.0      9831099768134642.0   4353.489916877146   6320.046969573541   9026.000694865656  1.1412989762885693e+43  1.7881088531783525e+43   3.301652588343786e+43 
  57588.11180451128  1842042912585548.5  3902382187713395.0      9699734234127122.0    4344.62279842311   6320.046969573541   9026.000694865656  1.1003979173954961e+43  1.7323389244887645e+43  3.2425082495008477e+43 
   57590.8035839599  1804866535284495.5  3844936936521008.0      9667927569739614.0   4316.509594583322   6320.046969573541   9026.000694865656  1.0636703055744953e+43   1.673202471813243e+43  3.1504887802496364e+43 
 57593.495363408525  1774940108179488.5  3790963029451160.5      9766299486266708.0   4272.775870850564   6320.046969573541   9026.000694865656  1.0314231675464736e+43  1.6206346004455737e+43  3.0973254860336804e+43 
  57596.18714285715  1746845805667787.0  3745056919508153.5      9772610690938698.0  4245.0953683564885   6320.046969573541   9026.000694865656  1.0029291667744543e+43   1.572365645660774e+43   3.048324099077507e+43 
  57598.87892230577  1722406175387402.0  3700762756444296.0      9646452047830338.0   4224.124184693901   6320.046969573541   9026.000694865656   9.641072361846488e+42  1.5266577167029556e+43   3.000843214355448e+43 
  57601.57070175439  1701240705732247.2  3657991133083604.0      9524827560262236.0  4215.7254028467205   6320.046969573541   9026.000694865656   9.279019502246697e+42   1.486213790403887e+43  2.9547911387020193e+43 
  57604.26248120301  1680713171203215.0  3616636534383324.0      9407480924541352.0   4192.285404836354   6320.046969573541   9026.000694865656   8.988303865953533e+42  1.4461848982603723e+43  2.9100903922945673e+43 
  57606.95426065163  1660781014677794.2  3576641185427215.5      9294204590537938.0  4179.4322433997795   6320.046969573541   9026.000694865656   8.709947266787101e+42  1.4086171676126184e+43   2.859188521032008e+43 
 57609.646040100255  1641407339626951.2  3537915763126609.0      9175217815825588.0   4171.142228138926   6320.046969573541   9026.000694865656   8.443233590450464e+42  1.3732976613497433e+43   2.781090273104111e+43 
  57612.33781954888  1622558705898744.5  3485541875179262.5      9048521163901418.0   4171.142228138926   6320.046969573541   9026.000694865656   8.187426422704093e+42  1.3419743321905734e+43   2.706351257956372e+43 
   57615.0295989975  1604209915691761.2  3430261487240315.0      8926610534701512.0   4171.142228138926   6320.046969573541   9026.000694865656   7.921466363410485e+42  1.3084710383823755e+43  2.6522845333715605e+43 
  57617.72137844612  1586331689371454.0  3381225404976635.0      8826160054627589.0   4171.142228138926   6320.046969573541   9026.000694865656    7.66251699570355e+42  1.2715712848586202e+43   2.608412743009557e+43 
  57620.41315789474  1568896154010547.8  3336060203278452.5      8730413307311566.0   4158.696615747531   6320.046969573541   9026.000694865656   7.414455007304632e+42   1.239173343128772e+43   2.561748455652891e+43 
  57623.10493734336  1546064874461544.2  3290268277280667.5      8667426039475675.0   4132.300641217534   6320.046969573541   9026.000694865656   7.176757622494163e+42  1.2060821928298615e+43  2.5074412389405117e+43 
 57625.796716791985  1519297485450135.0  3245747265356089.5      8604264837986263.0   4113.723148406559   6320.046969573541   9026.000694865656    6.94880326508723e+42  1.1717664183997576e+43   2.455380175181062e+43 
  57628.48849624061  1494430206673510.0  3196338092721665.0      8526118639917409.0   4075.229333369785   6320.046969573541   9026.000694865656   6.730079147459159e+42   1.143195258595859e+43   2.405404131334705e+43 
  57631.18027568923  1470456518033411.0  3151614955910059.0      8446899102901738.0   4046.579249318933   6320.046969573541   9026.000694865656   6.520116087629386e+42  1.1156871620488694e+43  2.3573965639923605e+43 
  57633.87205513785  1447233751441628.8  3119511153093900.0      8366513986485795.0  4031.0543518481854   6320.046969573541   9026.000694865656   6.318457007051883e+42  1.0891754875001034e+43   2.311222806503825e+43 
  57636.56383458647  1424719750834057.8  3093532416497848.0      8280882471876474.0  4019.4785580997373   6320.046969573541   9026.000694865656   6.124673274849524e+42   1.062871520299696e+43   2.262767041190825e+43 
 57639.255614035086  1402880497738728.8  3068053350882997.0      8190988247852873.0  4019.4785580997373   6320.046969573541   9026.000694865656   5.938382799487921e+42  1.0348121021598643e+43    2.21444714451625e+43 
  57641.94739348371  1383356950832783.2  3043048599793601.0      8092301617417603.0  4019.4785580997373   6320.046969573541   9026.000694865656   5.759219327928326e+42  1.0091784263718503e+43  2.1681070400068275e+43 
  57644.63917293233  1365894594314527.5  3018493289677373.0      8019914957296319.0  4019.4785580997373   6320.046969573541   9026.000694865656   5.586823546294746e+42   9.867215607050952e+42  2.1236289631462127e+43 
  57647.33095238095  1349979280770785.2  2994370413937469.0      7918459543323911.0  4019.4785580997373   6320.046969573541   9026.000694865656   5.420901850798064e+42    9.66643060564302e+42  2.0809087343636426e+43 
  57650.02273182957  1335848917435772.5  2970809397837247.0      7839290748628250.0  4019.4785580997373   6320.046969573541   9026.000694865656  5.2665941956388344e+42   9.476552696484475e+42   2.039831687946981e+43 
 57652.714511278195  1321971914390539.0  2952409841641096.0      7768343551974033.0  4019.4785580997373   6320.046969573541   9026.000694865656  5.1191917531303133e+42   9.291804538138246e+42  2.0003098649365818e+43 
 57655.406290726816  1308336035065498.2  2934223821765604.0      7699069172253866.0  4019.4785580997373   6320.046969573541   9026.000694865656   4.976943537957514e+42   9.091805174249134e+42  1.9622246923733602e+43 
  57658.09807017544  1294932135851250.5  2916242456414504.0      7631379557893894.0  4019.4785580997373   6320.046969573541   9026.000694865656  4.8396107326900905e+42   8.897007503152172e+42  1.9255220170472815e+43 
  57660.78984962406  1281752976111950.5  2894053308909020.0      7565187089561717.0  4019.4785580997373   6320.046969573541   9026.000694865656  4.7069918922912204e+42   8.707358697938758e+42   1.893420410272564e+43 
  57663.48162907268  1268789046329043.8  2867343029281140.0      7500423162154313.0  4019.4785580997373   6320.046969573541   9026.000694865656  4.5788858584200126e+42   8.522674273785265e+42  1.8685484685007317e+43 
   57666.1734085213  1256032771392474.8  2838875110377253.5      7437016215841098.0  4019.4785580997373   6320.046969573541   9026.000694865656   4.455096536389141e+42   8.361541274713764e+42  1.8441521693081028e+43 
 57668.865187969925  1243477676067408.0  2814800143580248.0      7374903427656124.0  4019.4785580997373   6320.046969573541   9026.000694865656    4.33544469815292e+42   8.207323609271473e+42  1.8202148685330977e+43 
 57671.556967418546  1226918124925228.8  2793818969068871.0      7314020403129329.0  4019.4785580997373   6320.046969573541   9026.000694865656  4.2197778102276595e+42   8.056938270109405e+42  1.7967202485259016e+43 
  57674.24874686717  1209744562861737.0  2768851709717985.0      7254294659769543.0  4019.4785580997373   6320.046969573541   9026.000694865656   4.107926588480994e+42   7.910200957993515e+42   1.773648067223207e+43 
  57676.94052631579  1192960162513894.2  2737896327859059.5      7187315801667425.0  4019.4785580997373   6320.046969573541   9026.000694865656  3.9997279910145924e+42    7.76699804831428e+42  1.7509863962132568e+43 
  57679.63230576441  1176547853962754.2  2707557682863370.0      7107780379888340.0  4019.4785580997373   6320.046969573541   9026.000694865656   3.895055220946699e+42   7.612706922722872e+42  1.7287188285263888e+43 
  57682.32408521303  1160496859578776.2  2677814175537350.5      7029792963023103.0  4019.4785580997373   6320.046969573541   9026.000694865656   3.793755012151624e+42   7.454263591474641e+42  1.7068332379728923e+43 
 57685.015864661655  1144790564040510.8  2652056759378047.0      6952777093012285.0  4019.4785580997373   6320.046969573541   9026.000694865656   3.695701124609875e+42   7.299802039858105e+42  1.6853155236309203e+43 
 57687.707644110276  1129420352968060.2  2620427418174027.0      6874869401580695.0  4019.4785580997373   6320.046969573541   9026.000694865656   3.600771338580135e+42   7.153167559682129e+42  1.6641550015060716e+43 
   57690.3994235589  1114372849752399.6  2585459256111328.0      6798352656888996.0  4019.4785580997373   6320.046969573541   9026.000694865656  3.5088411543438465e+42   7.007519514747115e+42  1.6433390409488996e+43 
  57693.09120300752  1099637462552280.1  2548184239333671.0      6723185749699103.0  4019.4785580997373   6320.046969573541   9026.000694865656   3.419799237736201e+42    6.85913147358258e+42   1.622857289127263e+43 
  57695.78298245614  1086230171037253.1  2512325271542060.5      6649340838525662.0  4019.4785580997373   6320.046969573541   9026.000694865656  3.3335349958683636e+42   6.719409020979948e+42  1.6027001954148224e+43 
  57698.47476190476  1073180122959368.4  2481077678545236.0      6576769463901738.0  4019.4785580997373   6320.046969573541   9026.000694865656   3.249943286964948e+42   6.583081903325548e+42  1.5821865130629882e+43 
 57701.166541353385  1059609361034430.1  2455559782399454.5      6505442133709712.0  4019.4785580997373   6320.046969573541   9026.000694865656   3.168924819443158e+42   6.450047486703577e+42  1.5608338793053457e+43 
 57703.858320802006  1044880595556712.0  2430461696296689.0      6435323948003503.0  4019.4785580997373   6320.046969573541   9026.000694865656  3.0903879822257864e+42   6.318048440768342e+42  1.5398352788648934e+43 
  57706.55010025063  1030461230196013.9  2408751606133703.0      6366386658090560.0  4019.4785580997373   6320.046969573541   9026.000694865656   3.014237926686981e+42   6.197861243051161e+42  1.5191821383381837e+43 
  57709.24187969925  1016341948146121.2  2390326296809863.0      6298595225836292.0  4019.4785580997373   6320.046969573541   9026.000694865656   2.940390045436105e+42   6.083672685865912e+42   1.498866089413489e+43 
  57711.93365914787  1003003783235121.4  2372117985988463.0      6231916348803660.0  4019.4785580997373   6320.046969573541   9026.000694865656   2.870196222574292e+42    5.96188496383529e+42  1.4784177259783521e+43 
  57714.62543859649   991037416620297.1  2354121168794528.5      6161545558257034.0  4019.4785580997373   6320.046969573541   9026.000694865656   2.802315221775335e+42   5.835170658408587e+42  1.4561964249812593e+43 
 57717.317218045115   979367316731055.0  2336329254263298.5      6092310575363769.0  4019.4785580997373   6320.046969573541   9026.000694865656  2.7363954760363806e+42   5.720707392768724e+42  1.4343592024012823e+43 
  57720.00899749374   969031095167790.0  2313172098780478.5      6024194181370069.0  4019.4785580997373   6320.046969573541   9026.000694865656  2.6723674715069372e+42   5.604680019881765e+42  1.4130990262093551e+43 
  57722.70077694236   958856508568675.4  2289915464790186.0      5957185356563382.0  4019.4785580997373   6320.046969573541   9026.000694865656   2.610169359713803e+42   5.472787343841305e+42  1.3976747427429182e+43 
  57725.39255639098   948838848026986.8  2267023705597986.5      5891252408329847.0  4019.4785580997373   6320.046969573541   9026.000694865656   2.549736043170625e+42   5.349110046789913e+42  1.3824651624555588e+43 
   57728.0843358396   939684270441062.0  2241710815210040.0      5831036053466843.0  4019.4785580997373   6320.046969573541   9026.000694865656  2.4910090024279874e+42  5.2431199691652523e+42  1.3672236909805085e+43 
  57730.77611528822   931247847277408.8  2215441620769329.0      5772802507213853.0  4019.4785580997373   6320.046969573541   9026.000694865656   2.433928737211173e+42  5.1396392971251316e+42  1.3510545121570352e+43 
 57733.467894736845   922912893514198.2  2192602203546389.8      5717812320275095.0  4019.4785580997373   6320.046969573541   9026.000694865656   2.378440512384417e+42   5.036344284417375e+42  1.3351140340895965e+43 
  57736.15967418547   914677878965511.9  2173179335019836.2      5670036272813181.0  4019.4785580997373   6320.046969573541   9026.000694865656  2.3241522614593455e+42  4.9384857453276095e+42  1.3193975151432997e+43 
  57738.85145363409   906541066414417.9  2154025959908770.5      5622975126400266.0  4019.4785580997373   6320.046969573541   9026.000694865656   2.268466836884289e+42   4.842893093236102e+42  1.3038991853874323e+43 
  57741.54323308271   898500775283037.0  2135136657024620.8      5576619311474709.0  4019.4785580997373   6320.046969573541   9026.000694865656   2.214427630923376e+42  4.7495114671338975e+42  1.2886148850375676e+43 
  57744.23501253133   890555823601584.2  2116504844846487.0      5530941836328479.0  4019.4785580997373   6320.046969573541   9026.000694865656  2.1619743394014578e+42   4.658270460385478e+42  1.2726861113256028e+43 
  57746.92679197995   882704338286558.6  2098125334882523.0      5485926721792243.0  4019.4785580997373   6320.046969573541   9026.000694865656  2.1110520605057725e+42   4.569115693879266e+42  1.2565911537826465e+43 
 57749.618571428575   874945180023900.6  2079992643541522.8      5441558562826218.0  4019.4785580997373   6320.046969573541   9026.000694865656    2.06160769602061e+42  4.4836174977577534e+42  1.2407187683371755e+43 
   57752.3103508772   867276643098083.4  2062101270140822.8      5397816954287455.0  4019.4785580997373   6320.046969573541   9026.000694865656   2.013590337332848e+42   4.403697740577469e+42  1.2250655629121264e+43 
  57755.00213032582   859697653420931.6  2044446163370493.5      5354685674559079.0  4019.4785580997373   6320.046969573541   9026.000694865656  1.9669508478045176e+42   4.325459158376575e+42  1.2096264957154452e+43 
  57757.69390977444   852206718684016.4  2025930759228921.0      5312152088596783.0  4019.4785580997373   6320.046969573541   9026.000694865656   1.921642587954761e+42  4.2488656072877846e+42  1.1943990637152697e+43 
  57760.38568922306   844227715017767.6  2007315100239217.5      5270193413539187.0  4019.4785580997373   6320.046969573541   9026.000694865656  1.8776200558138082e+42  4.1738719921212455e+42  1.1793782359428686e+43 
  57763.07746867168   836295754735121.4  1988953126357711.0      5228797926744017.0  4019.4785580997373   6320.046969573541   9026.000694865656  1.8348396227070478e+42   4.100438284348616e+42  1.1637953436882226e+43 
 57765.769248120305   828466779598444.9  1970840563808008.5      5187955873457789.0  4019.4785580997373   6320.046969573541   9026.000694865656  1.7932598817256618e+42  4.0285297849066744e+42  1.1461821866296815e+43 
  57768.46102756893   820146406496906.0  1952971598291985.5      5147649208262030.0  4019.4785580997373   6320.046969573541   9026.000694865656   1.752840444906652e+42   3.958106186554584e+42  1.1288525217537886e+43 
  57771.15280701755   811757188360266.1  1935341954152396.0      5107868263257439.0  4019.4785580997373   6320.046969573541   9026.000694865656  1.7135426545179397e+42  3.8891317638161277e+42  1.1118017655623363e+43 
  57773.84458646617   803492639694602.2  1917946954919317.2      5068600560518899.0  4019.4785580997373   6320.046969573541   9026.000694865656  1.6758443930007252e+42   3.821575034759631e+42  1.0950249854895251e+43 
  57776.53636591479   795350366765687.2  1900782289321473.0      5029836687041047.0  4019.4785580997373   6320.046969573541   9026.000694865656   1.639185826862859e+42   3.755399723045844e+42  1.0785175901175032e+43 
  57779.22814536341   787327844787502.6  1883843505295646.5      4991563257670031.0  4019.4785580997373   6320.046969573541   9026.000694865656    1.60351344988233e+42   3.690575056788238e+42  1.0622749012586699e+43 
 57781.919924812035   780487110289614.4  1867126254668802.2      4953770367724025.0  4019.4785580997373   6320.046969573541   9026.000694865656  1.5687963958179567e+42  3.6270689681609215e+42  1.0457825331575951e+43 
  57784.61170426066   773932276394218.9  1850626266780057.5      4916445989185629.0  4019.4785580997373   6320.046969573541   9026.000694865656  1.5350033957645444e+42   3.564849210799687e+42  1.0289730268834984e+43 
  57787.30348370928   766816545233839.5  1837818436688053.8      4879580299063399.0  4019.4785580997373   6320.046969573541   9026.000694865656  1.5021056644773914e+42  3.5038875220456725e+42  1.0124560813461472e+43 
   57789.9952631579   759589923785161.4  1826820265257579.0      4843165458554086.0  4019.4785580997373   6320.046969573541   9026.000694865656   1.470075091595066e+42  3.4428222115377364e+42   9.962263798875634e+42 
  57792.68704260652   752461333938854.6  1815916555511535.2      4807193327104082.0  4019.4785580997373   6320.046969573541   9026.000694865656    1.43888397715046e+42   3.382197313405001e+42   9.802783700107109e+42 
  57795.37882205514   745429147047137.8  1805106112169265.0      4770981007111700.0  4019.4785580997373   6320.046969573541   9026.000694865656  1.4085063515774274e+42   3.322823582194201e+42   9.646067989759987e+42 
 57798.070601503765   738491526064762.6  1794387383547881.8      4734181733190231.0  4019.4785580997373   6320.046969573541   9026.000694865656  1.3789173711134211e+42  3.2646715883603767e+42   9.492065532993507e+42 
  57800.76238095239   731198584115731.1  1783759018763684.0      4697849644383487.0  4019.4785580997373   6320.046969573541   9026.000694865656  1.3500923478868075e+42    3.20771125044678e+42   9.340726388711798e+42 
  57803.45416040101   724006027246887.6  1773218251397272.2      4656701380540252.0  4019.4785580997373   6320.046969573541   9026.000694865656  1.3222839158610428e+42   3.151908174587606e+42   9.191990278541186e+42 
  57806.14593984963   716916691566225.2  1762767566127648.5      4612124129146377.0  4019.4785580997373   6320.046969573541   9026.000694865656  1.2953061231591223e+42  3.0972507544727867e+42    9.04583191745681e+42 
  57808.83771929825   709927384550119.4  1752403291525501.0      4568153089479935.0  4019.4785580997373   6320.046969573541   9026.000694865656   1.269002747077633e+42   3.043704142311814e+42   8.897965479685899e+42 
  57811.52949874687   703036137689118.5  1742124608571121.0      4524777470041326.0  4019.4785580997373   6320.046969573541   9026.000694865656  1.2433528992801936e+42   2.991240852670949e+42   8.742388933561548e+42 
  57814.22127819549   696275104117116.4  1731930182603508.8      4481988505864840.0  4019.4785580997373   6320.046969573541   9026.000694865656  1.2183394200852544e+42   2.939838129634243e+42   8.589845280338174e+42 
  57816.91305764411   689682921858631.4  1721819054777187.0      4439774718870976.5  4019.4785580997373   6320.046969573541   9026.000694865656  1.1939420943958212e+42   2.889470042037198e+42   8.440268775647845e+42 
  57819.60483709273   683179544375594.8  1711789891598337.0      4401884310612995.5  4019.4785580997373   6320.046969573541   9026.000694865656  1.1695086539274654e+42  2.8401126678436433e+42   8.293594678722984e+42 
  57822.29661654135   676763502714902.0  1701841920223258.0      4371872885413223.5  4019.4785580997373   6320.046969573541   9026.000694865656  1.1455325290646912e+42   2.791743451430852e+42   8.149761355558703e+42 
 57824.988395989974   670433559668212.0  1691367040432758.5      4342206603958059.0  4019.4785580997373   6320.046969573541   9026.000694865656  1.1221616600897337e+42  2.7443417196208184e+42   8.008709836327921e+42 
 57827.680175438596   664187670462493.1  1680687803029774.5      4310957743806357.0  4019.4785580997373   6320.046969573541   9026.000694865656   1.099376509493311e+42  2.6978816940872764e+42   7.870377777487305e+42 
  57830.37195488722   658024752557229.0  1670093852290693.5      4278148346538801.5  4019.4785580997373   6320.046969573541   9026.000694865656   1.077161812182029e+42    2.65234423496298e+42   7.734709957386924e+42 
  57833.06373433584   651943252269353.6  1659584907570078.2      4245720915359278.0  4019.4785580997373   6320.046969573541   9026.000694865656  1.0554985522360913e+42  2.6077079876963312e+42    7.60164836783525e+42 
  57835.75551378446   645941836700785.6  1649159733162877.5      4213670219092375.5  4019.4785580997373   6320.046969573541   9026.000694865656  1.0343720286320335e+42  2.5639530056219806e+42   7.471138698388533e+42 
  57838.44729323308   640019032497095.6  1638817796480997.0      4181989007940472.5  4019.4785580997373   6320.046969573541   9026.000694865656  1.0137650644226556e+42   2.521058506126661e+42   7.343126098698645e+42 
 57841.139072681704   634173691600805.1  1628558225317695.0      4150672775996236.0  4019.4785580997373   6320.046969573541   9026.000694865656   9.936636262681866e+41   2.479006578262455e+42   7.217557757605582e+42 
 57843.830852130326   628404349487804.5  1618380212892130.0      4119714659141405.0  4019.4785580997373   6320.046969573541   9026.000694865656   9.740520591955971e+41   2.437777494809886e+42   7.094381226283088e+42 
  57846.52263157895   622709754159531.5  1608283100030748.0      4089109386708220.0  4019.4785580997373   6320.046969573541   9026.000694865656   9.549162167308115e+41  2.3973528580694216e+42    6.97354594095068e+42 
  57849.21441102757   617088687454290.8  1598266016874322.2      4058852029866043.0  4019.4785580997373   6320.046969573541   9026.000694865656   9.362429155857193e+41    2.35771517437441e+42   6.870784088803917e+42 
  57851.90619047619   611539904162749.2  1588328240767757.0      4028936425657817.5  4019.4785580997373   6320.046969573541   9026.000694865656   9.180184816934966e+41  2.3188466094558287e+42   6.776232188582591e+42 
  57854.59796992481   606062205501265.4  1578469013378086.5      3999357597429242.5  4019.4785580997373   6320.046969573541   9026.000694865656   9.002301625840656e+41  2.2807300934731076e+42   6.683241776905098e+42 
 57857.289749373434   600654439301783.2  1565774671545269.5      3978484953443844.0  4019.4785580997373   6320.046969573541   9026.000694865656   8.828656455111025e+41  2.2433493682389365e+42   6.587260030488662e+42 
 57859.981528822056   595315415141164.1  1552388518056862.8      3959152188521657.0  4019.4785580997373   6320.046969573541   9026.000694865656   8.659129952813023e+41   2.206688143054297e+42    6.48608435654266e+42 
  57862.67330827068   590044060533687.8  1539146608658663.5      3939939779484945.0  4019.4785580997373   6320.046969573541   9026.000694865656   8.493605649964106e+41  2.1707307081986174e+42   6.386739827641838e+42 
   57865.3650877193   584839236254367.0  1526046982481936.0      3920845825479727.5  4019.4785580997373   6320.046969573541   9026.000694865656   8.331970073660151e+41   2.135461708699753e+42   6.289187177016119e+42 
  57868.05686716792   579699884009543.1  1513087727945942.8      3901868320244254.0  4019.4785580997373   6320.046969573541   9026.000694865656   8.174115027155813e+41  2.1008662487031457e+42   6.193387929550535e+42 
  57870.74864661654   574624919247268.9  1500267060953752.0      3883005607092294.5  4019.4785580997373   6320.046969573541   9026.000694865656   8.019935120935447e+41  2.0669295599081657e+42    6.10955412470952e+42 
 57873.440426065165   569613283481177.1  1487583103748934.0      3864255796208561.0  4019.4785580997373   6320.046969573541   9026.000694865656   7.869327416601382e+41  2.0336372380990948e+42   6.043826882079946e+42 
 57876.132205513786   564664003376713.9  1475033999422020.0      3845617332903950.0  4019.4785580997373   6320.046969573541   9026.000694865656   7.722193690451404e+41   2.000975489184975e+42   5.978887380081068e+42 
  57878.82398496241   559776064413132.4  1462617948251755.0      3827088526216713.5  4019.4785580997373   6320.046969573541   9026.000694865656    7.57843886227279e+41   1.968930617430814e+42     5.9147233085743e+42 
  57881.51576441103   554948458811862.4  1450333263429369.5      3808667737710892.0  4019.4785580997373   6320.046969573541   9026.000694865656   7.437970881330412e+41  1.9374890728895818e+42   5.851322262978139e+42 
  57884.20754385965  550180207917615.44  1438178212123400.5      3790353472774261.5  4019.4785580997373   6320.046969573541   9026.000694865656   7.300699765045054e+41   1.907739058043615e+42   5.788672275234077e+42 
  57886.89932330827   545470395760547.0  1426151029950736.0      3772144123132865.5  4019.4785580997373   6320.046969573541   9026.000694865656   7.166539518083426e+41   1.878574153516002e+42   5.726760553114271e+42 
 57889.591102756895   540818102227629.3  1414250061287378.5      3754038212744945.0  4019.4785580997373   6320.046969573541   9026.000694865656   7.035406698445697e+41  1.8499384689304983e+42   5.665575313451052e+42 
 57892.282882205516   536222393505752.5  1402473689626601.5      3736034397786037.0  4019.4785580997373   6320.046969573541   9026.000694865656   6.907219681070971e+41   1.821820991784065e+42   5.605105413396772e+42 
  57894.97466165414   531682386176573.0  1390820323958778.0      3716020586408903.5  4019.4785580997373   6320.046969573541   9026.000694865656   6.781899712889828e+41  1.7942110770607106e+42  5.5453396355790105e+42 
  57897.66644110276   527197212148504.3  1379288325739285.5      3694440896084806.0  4019.4785580997373   6320.046969573541   9026.000694865656  6.6593715614335536e+41  1.7670983870407008e+42  5.4862676172008545e+42 
  57900.35822055138  522766015825598.06  1367876124842543.0      3673019437742646.0  4019.4785580997373   6320.046969573541   9026.000694865656   6.539560525256095e+41     1.7404726420628e+42   5.427879235750072e+42 
           57903.05   518387955931231.4  1356582180006317.5      3651754178123970.5  4019.4785580997373   6320.046969573541   9026.000694865656  6.4223950857709185e+41  1.7143237765403405e+42   5.370164081137252e+42 
