                MJD               R_low               R_med                  R_high               T_low               T_med              T_high                   L_low                   L_med                  L_high 
           57519.17                 0.0                 0.0                     0.0                 nan                 nan                 nan  3.3340867716438106e+31  1.1190452426739483e+32   6.443604869608244e+32 
 57521.969197994986                 0.0                 0.0                     0.0                 nan                 nan                 nan  3.3340867716438106e+31  1.1190452426739483e+32   6.443604869608244e+32 
  57524.76839598997                 0.0                 0.0                     0.0                 nan                 nan                 nan  3.3340867716438106e+31  1.1190452426739483e+32   6.443604869608244e+32 
  57527.56759398496                 0.0                 0.0                     0.0                 nan                 nan                 nan  3.3340867716438106e+31  1.1190452426739483e+32   6.443604869608244e+32 
  57530.36679197995                 0.0                 0.0                     0.0                 nan                 nan                 nan  3.3340867716438106e+31  1.1190452426739483e+32   6.443604869608244e+32 
 57533.165989974936                 0.0                 0.0                     0.0                 nan                 nan                 nan  3.3340867716438106e+31  1.1190452426739483e+32   6.443604869608244e+32 
  57535.96518796992                 0.0                 0.0                     0.0                 nan                 nan                 nan  3.3340867716438106e+31  1.1190452426739483e+32   6.443604869608244e+32 
  57538.76438596491                 0.0                 0.0                     0.0                 nan                 nan                 nan  3.3340867716438106e+31  1.1190452426739483e+32   6.443604869608244e+32 
   57541.5635839599                 0.0                 0.0                     0.0                 nan                 nan                 nan  3.3340867716438106e+31  1.1190452426739483e+32   6.443604869608244e+32 
 57544.362781954886                 0.0                 0.0                     0.0                 nan                 nan                 nan  3.3340867716438106e+31  1.1190452426739483e+32   6.443604869608244e+32 
  57547.16197994987                 0.0                 0.0                     0.0                 nan                 nan                 nan  3.3340867716438106e+31  1.1190452426739483e+32   6.443604869608244e+32 
  57549.96117794486                 0.0                 0.0                     0.0                 nan                 nan                 nan  3.3340867716438106e+31  1.1190452426739483e+32   6.443604869608244e+32 
  57552.76037593985                 0.0                 0.0                     0.0                 nan                 nan                 nan  3.3340867716438106e+31  1.1190452426739483e+32   6.443604869608244e+32 
 57555.559573934835                 0.0                 0.0                     0.0                 nan                 nan                 nan  3.3340867716438106e+31  1.1190452426739483e+32   6.443604869608244e+32 
  57558.35877192982                 0.0                 0.0                     0.0                 nan                 nan                 nan  3.3340867716438106e+31  1.1190452426739483e+32   6.443604869608244e+32 
  57561.15796992481                 0.0                 0.0                     0.0                 nan                 nan                 nan  3.3340867716438106e+31  1.1190452426739483e+32   6.443604869608244e+32 
   57563.9571679198                 0.0                 0.0                     0.0                 nan                 nan                 nan  3.3340867716438106e+31  1.1190452426739483e+32   6.443604869608244e+32 
 57566.756365914785                 0.0                 0.0                     0.0                 nan                 nan                 nan  3.3340867716438106e+31  1.1190452426739483e+32   6.443604869608244e+32 
  57569.55556390977                 0.0                 0.0                     0.0                 nan                 nan                 nan  3.3340867716438106e+31  1.1190452426739483e+32   6.443604869608244e+32 
  57572.35476190476                 0.0                 0.0                     0.0                 nan                 nan                 nan  3.3340867716438106e+31  1.1190452426739483e+32   6.443604869608244e+32 
  57575.15395989975                 0.0                 0.0                     0.0                 nan                 nan                 nan  3.3340867716438106e+31  1.1190452426739483e+32   6.443604869608244e+32 
 57577.953157894735                 0.0                 0.0                     0.0                 nan                 nan                 nan  3.3340867716438106e+31  1.1190452426739483e+32   6.443604869608244e+32 
  57580.75235588972                 0.0                 0.0                     0.0                 nan                 nan                 nan  3.3340867716438106e+31  1.1190452426739483e+32   6.443604869608244e+32 
  57583.55155388471                 0.0                 0.0                     0.0                 nan                 nan                 nan  3.3340867716438106e+31  1.1190452426739483e+32   6.443604869608244e+32 
   57586.3507518797                 0.0                 0.0                     0.0                 nan                 nan                 nan  3.3340867716438106e+31  1.1190452426739483e+32   6.443604869608244e+32 
 57589.149949874685                 0.0                 0.0                     0.0                 nan                 nan                 nan  3.3340867716438106e+31  1.1190452426739483e+32   6.443604869608244e+32 
  57591.94914786967                 0.0                 0.0                     0.0                 nan                 nan                 nan  3.3340867716438106e+31  1.1190452426739483e+32   6.443604869608244e+32 
  57594.74834586466                 0.0                 0.0                     0.0                 nan                 nan                 nan  3.3340867716438106e+31  1.1190452426739483e+32   6.443604869608244e+32 
  57597.54754385965                 0.0                 0.0                     0.0                 nan                 nan                 nan  3.3340867716438106e+31  1.1190452426739483e+32   6.443604869608244e+32 
 57600.346741854635                 0.0                 0.0                     0.0                 nan                 nan                 nan  3.3340867716438106e+31  1.1190452426739483e+32   6.443604869608244e+32 
  57603.14593984962                 0.0                 0.0                     0.0                 nan                 nan                 nan  3.3340867716438106e+31  1.1190452426739483e+32   6.443604869608244e+32 
  57605.94513784461                 0.0                 0.0                     0.0                 nan                 nan                 nan  3.3340867716438106e+31  1.1190452426739483e+32   6.443604869608244e+32 
   57608.7443358396                 0.0                 0.0                     0.0                 nan                 nan                 nan  3.3340867716438106e+31  1.1190452426739483e+32   6.443604869608244e+32 
 57611.543533834585                 0.0                 0.0                     0.0                 nan                 nan                 nan  3.3340867716438106e+31  1.1190452426739483e+32   6.443604869608244e+32 
  57614.34273182957                 0.0                 0.0                     0.0                 nan                 nan                 nan  3.3340867716438106e+31  1.1190452426739483e+32   6.443604869608244e+32 
  57617.14192982456                 0.0                 0.0                     0.0                 nan                 nan                 nan  3.3340867716438106e+31  1.1190452426739483e+32   6.443604869608244e+32 
  57619.94112781955                 0.0                 0.0                     0.0                 nan                 nan                 nan  3.3340867716438106e+31  1.1190452426739483e+32   6.443604869608244e+32 
 57622.740325814535                 0.0                 0.0                     0.0                 nan                 nan                 nan  3.3340867716438106e+31  1.1190452426739483e+32   6.443604869608244e+32 
  57625.53952380952                 0.0                 0.0                     0.0                 nan                 nan                 nan  3.3340867716438106e+31  1.1190452426739483e+32   6.443604869608244e+32 
  57628.33872180451                 0.0                 0.0                     0.0                 nan                 nan                 nan  3.3340867716438106e+31  1.1190452426739483e+32   6.443604869608244e+32 
   57631.1379197995                 0.0                 0.0                     0.0                 nan                 nan                 nan  3.3340867716438106e+31  1.1190452426739483e+32   6.443604869608244e+32 
 57633.937117794485                 0.0                 0.0                     0.0                 nan                 nan                 nan  3.3340867716438106e+31  1.1190452426739483e+32   6.443604869608244e+32 
  57636.73631578947                 0.0                 0.0                     0.0                 nan                 nan                 nan  3.3340867716438106e+31  1.1190452426739483e+32   6.443604869608244e+32 
  57639.53551378446                 0.0                 0.0                     0.0                 nan                 nan                 nan  3.3340867716438106e+31  1.1190452426739483e+32   6.443604869608244e+32 
  57642.33471177945                 0.0                 0.0                     0.0                 nan                 nan                 nan  3.3340867716438106e+31  1.1190452426739483e+32   6.443604869608244e+32 
 57645.133909774435                 0.0                 0.0                     0.0                 nan                 nan                 nan  3.3340867716438106e+31  1.1190452426739483e+32   6.443604869608244e+32 
  57647.93310776942                 0.0                 0.0                     0.0                 nan                 nan                 nan  3.3340867716438106e+31  1.1190452426739483e+32   6.443604869608244e+32 
  57650.73230576441                 0.0                 0.0                     0.0                 nan                 nan                 nan  3.3340867716438106e+31  1.1190452426739483e+32   6.443604869608244e+32 
   57653.5315037594                 0.0                 0.0                     0.0                 nan                 nan                 nan  3.3340867716438106e+31  1.1190452426739483e+32   6.443604869608244e+32 
 57656.330701754385                 0.0                 0.0                     0.0                 nan                 nan                 nan  3.3340867716438106e+31  1.1190452426739483e+32   6.443604869608244e+32 
  57659.12989974937                 0.0                 0.0                     0.0                 nan                 nan                 nan  3.3340867716438106e+31  1.1190452426739483e+32   6.443604869608244e+32 
  57661.92909774436                 0.0                 0.0                     0.0                 nan                 nan                 nan  3.3340867716438106e+31  1.1190452426739483e+32   6.443604869608244e+32 
  57664.72829573935                 0.0                 0.0                     0.0                 nan                 nan                 nan  3.3340867716438106e+31  1.1190452426739483e+32   6.443604869608244e+32 
 57667.527493734335                 0.0                 0.0                     0.0                 nan                 nan                 nan  3.3340867716438106e+31  1.1190452426739483e+32   6.443604869608244e+32 
  57670.32669172932                 0.0                 0.0                     0.0                 nan                 nan                 nan  3.3340867716438106e+31  1.1190452426739483e+32   6.443604869608244e+32 
  57673.12588972431                 0.0                 0.0                     0.0                 nan                 nan                 nan  3.3340867716438106e+31  1.1190452426739483e+32   6.443604869608244e+32 
   57675.9250877193                 0.0                 0.0                     0.0                 nan                 nan                 nan  3.3340867716438106e+31  1.1190452426739483e+32   6.443604869608244e+32 
 57678.724285714285                 0.0                 0.0                     0.0                 nan                 nan                 nan  3.3340867716438106e+31  1.1190452426739483e+32   6.443604869608244e+32 
  57681.52348370927                 0.0                 0.0                     0.0                 nan                 nan                 nan  3.3340867716438106e+31  1.1190452426739483e+32   6.443604869608244e+32 
  57684.32268170426                 0.0                 0.0                     0.0                 nan                 nan                 nan  3.3340867716438106e+31  1.1190452426739483e+32   6.443604869608244e+32 
  57687.12187969925                 0.0                 0.0                     0.0                 nan                 nan                 nan  3.3340867716438106e+31  1.1190452426739483e+32   6.443604869608244e+32 
 57689.921077694235                 0.0                 0.0                     0.0                 nan                 nan                 nan  3.3340867716438106e+31  1.1190452426739483e+32   6.443604869608244e+32 
  57692.72027568922                 0.0                 0.0                     0.0                 nan                 nan                 nan  3.3340867716438106e+31  1.1190452426739483e+32   6.443604869608244e+32 
  57695.51947368421                 0.0                 0.0                     0.0                 nan                 nan                 nan  3.3340867716438106e+31  1.1190452426739483e+32   6.443604869608244e+32 
   57698.3186716792                 0.0                 0.0                     0.0                 nan                 nan                 nan  3.3340867716438106e+31  1.1190452426739483e+32   6.443604869608244e+32 
 57701.117869674184                 0.0                 0.0                     0.0                 nan                 nan                 nan  3.3340867716438106e+31  1.1190452426739483e+32   6.443604869608244e+32 
  57703.91706766917                 0.0                 0.0                     0.0                 nan                 nan                 nan  3.3340867716438106e+31  1.1190452426739483e+32   6.443604869608244e+32 
  57706.71626566416                 0.0                 0.0                     0.0                 nan                 nan                 nan  3.3340867716438106e+31  1.1190452426739483e+32   6.443604869608244e+32 
  57709.51546365915                 0.0                 0.0                     0.0                 nan                 nan                 nan  3.3340867716438106e+31  1.1190452426739483e+32   6.443604869608244e+32 
 57712.314661654134                 0.0                 0.0                     0.0                 nan                 nan                 nan  3.3340867716438106e+31  1.1190452426739483e+32   6.443604869608244e+32 
  57715.11385964912                 0.0                 0.0                     0.0                 nan                 nan                 nan  3.3340867716438106e+31  1.1190452426739483e+32   6.443604869608244e+32 
  57717.91305764411                 0.0                 0.0                     0.0                 nan                 nan                 nan  3.3340867716438106e+31  1.1190452426739483e+32   6.443604869608244e+32 
   57720.7122556391                 0.0                 0.0                     0.0                 nan                 nan                 nan  3.3340867716438106e+31  1.1190452426739483e+32   6.443604869608244e+32 
 57723.511453634084                 0.0                 0.0                     0.0                 nan                 nan                 nan  3.3340867716438106e+31  1.1190452426739483e+32   6.443604869608244e+32 
  57726.31065162907                 0.0                 0.0                     0.0                 nan                 nan                 nan  3.3340867716438106e+31  1.1190452426739483e+32   6.443604869608244e+32 
  57729.10984962406                 0.0                 0.0                     0.0                 nan                 nan                 nan  3.3340867716438106e+31  1.1190452426739483e+32   6.443604869608244e+32 
  57731.90904761905                 0.0                 0.0                     0.0                 nan                 nan                 nan  3.3340867716438106e+31  1.1190452426739483e+32   6.443604869608244e+32 
 57734.708245614034                 0.0                 0.0                     0.0                 nan                 nan                 nan  3.3340867716438106e+31  1.1190452426739483e+32   6.443604869608244e+32 
  57737.50744360902                 0.0                 0.0                     0.0                 nan                 nan                 nan  3.3340867716438106e+31  1.1190452426739483e+32   6.443604869608244e+32 
  57740.30664160401                 0.0                 0.0                     0.0                 nan                 nan                 nan  3.3340867716438106e+31  1.1190452426739483e+32   6.443604869608244e+32 
    57743.105839599                 0.0                 0.0                     0.0                 nan                 nan                 nan  3.3340867716438106e+31  1.1190452426739483e+32   6.443604869608244e+32 
 57745.905037593984                 0.0                 0.0                     0.0                 nan                 nan                 nan  3.3340867716438106e+31  1.1190452426739483e+32   6.443604869608244e+32 
  57748.70423558897                 0.0                 0.0                     0.0                 nan                 nan                 nan  3.3340867716438106e+31  1.1190452426739483e+32   6.443604869608244e+32 
  57751.50343358396                 0.0                 0.0                     0.0                 nan                 nan                 nan  3.3340867716438106e+31  1.1190452426739483e+32   6.443604869608244e+32 
  57754.30263157895                 0.0                 0.0                     0.0                 nan                 nan                 nan  3.3340867716438106e+31  1.1190452426739483e+32   6.443604869608244e+32 
 57757.101829573934                 0.0                 0.0                     0.0                 nan                 nan                 nan  3.3340867716438106e+31  1.1190452426739483e+32   6.443604869608244e+32 
  57759.90102756892                 0.0                 0.0                     0.0                 nan                 nan                 nan  3.3340867716438106e+31  1.1190452426739483e+32   6.443604869608244e+32 
  57762.70022556391                 0.0                 0.0                     0.0                 nan                 nan                 nan  3.3340867716438106e+31  1.1190452426739483e+32   6.443604869608244e+32 
   57765.4994235589                 0.0                 0.0                     0.0                 nan                 nan                 nan  3.3340867716438106e+31  1.1190452426739483e+32   6.443604869608244e+32 
 57768.298621553884                 0.0                 0.0                     0.0                 nan                 nan                 nan  3.3340867716438106e+31  1.1190452426739483e+32   6.443604869608244e+32 
  57771.09781954887                 0.0                 0.0                     0.0                 nan                 nan                 nan  3.3340867716438106e+31  1.1190452426739483e+32   6.443604869608244e+32 
  57773.89701754386                 0.0                 0.0                     0.0                 nan                 nan                 nan  3.3340867716438106e+31  1.1190452426739483e+32   6.443604869608244e+32 
  57776.69621553885                 0.0                 0.0                     0.0                 nan                 nan                 nan  3.3340867716438106e+31  1.1190452426739483e+32   6.443604869608244e+32 
 57779.495413533834                 0.0                 0.0                     0.0                 nan                 nan                 nan  3.3340867716438106e+31  1.1190452426739483e+32   6.443604869608244e+32 
  57782.29461152882                 0.0                 0.0                     0.0                 nan                 nan                 nan  3.3340867716438106e+31  1.1190452426739483e+32   6.443604869608244e+32 
  57785.09380952381                 0.0                 0.0                     0.0                 nan                 nan                 nan  3.3340867716438106e+31  1.1190452426739483e+32   6.443604869608244e+32 
   57787.8930075188                 0.0                 0.0                     0.0                 nan                 nan                 nan  3.3340867716438106e+31  1.1190452426739483e+32   6.443604869608244e+32 
 57790.692205513784                 0.0                 0.0                     0.0                 nan                 nan                 nan  3.3340867716438106e+31  1.1190452426739483e+32   6.443604869608244e+32 
  57793.49140350877                 0.0                 0.0                     0.0                 nan                 nan                 nan  3.3340867716438106e+31  1.1190452426739483e+32   6.443604869608244e+32 
  57796.29060150376                 0.0                 0.0                     0.0                 nan                 nan                 nan  3.3340867716438106e+31  1.1190452426739483e+32   6.443604869608244e+32 
 57799.089799498746                 0.0                 0.0                     0.0                 nan                 nan                 nan  3.3340867716438106e+31  1.1190452426739483e+32   6.443604869608244e+32 
 57801.888997493734                 0.0                 0.0                     0.0                 nan                 nan                 nan  3.3340867716438106e+31  1.1190452426739483e+32   6.443604869608244e+32 
  57804.68819548872                 0.0                 0.0                     0.0                 nan                 nan                 nan  3.3340867716438106e+31  1.1190452426739483e+32   6.443604869608244e+32 
  57807.48739348371                 0.0                 0.0                     0.0                 nan                 nan                 nan  3.3340867716438106e+31  1.1190452426739483e+32   6.443604869608244e+32 
 57810.286591478696                 0.0                 0.0                     0.0                 nan                 nan                 nan  3.3340867716438106e+31  1.1190452426739483e+32   6.443604869608244e+32 
 57813.085789473684                 0.0                 0.0                     0.0                 nan                 nan                 nan  3.3340867716438106e+31  1.1190452426739483e+32   6.443604869608244e+32 
  57815.88498746867                 0.0                 0.0                     0.0                 nan                 nan                 nan  3.3340867716438106e+31  1.1190452426739483e+32   6.443604869608244e+32 
  57818.68418546366                 0.0                 0.0                     0.0                 nan                 nan                 nan  3.3340867716438106e+31  1.1190452426739483e+32   6.443604869608244e+32 
 57821.483383458646                 0.0                 0.0                     0.0                 nan                 nan                 nan  3.3340867716438106e+31  1.1190452426739483e+32   6.443604869608244e+32 
  57824.28258145363                 0.0                 0.0                     0.0                 nan                 nan                 nan  3.3340867716438106e+31  1.1190452426739483e+32   6.443604869608244e+32 
  57827.08177944862                 0.0                 0.0                     0.0                 nan                 nan                 nan  3.3340867716438106e+31  1.1190452426739483e+32   6.443604869608244e+32 
  57829.88097744361                 0.0                 0.0                     0.0                 nan                 nan                 nan  3.3340867716438106e+31  1.1190452426739483e+32   6.443604869608244e+32 
 57832.680175438596                 0.0                 0.0                     0.0                 nan                 nan                 nan  3.3340867716438106e+31  1.1190452426739483e+32   6.443604869608244e+32 
  57835.47937343358                 0.0                 0.0                     0.0                 nan                 nan                 nan  3.3340867716438106e+31  1.1190452426739483e+32   6.443604869608244e+32 
  57838.27857142857                 0.0                 0.0                     0.0                 nan                 nan                 nan  3.3340867716438106e+31  1.1190452426739483e+32   6.443604869608244e+32 
  57841.07776942356                 0.0                 0.0                     0.0                 nan                 nan                 nan  3.3340867716438106e+31  1.1190452426739483e+32   6.443604869608244e+32 
 57843.876967418546                 0.0                 0.0                     0.0                 nan                 nan                 nan  3.3340867716438106e+31  1.1190452426739483e+32   6.443604869608244e+32 
  57846.67616541353                 0.0                 0.0                     0.0                 nan                 nan                 nan  3.3340867716438106e+31  1.1190452426739483e+32   6.443604869608244e+32 
  57849.47536340852                 0.0                 0.0                     0.0                 nan                 nan                 nan  3.3340867716438106e+31  1.1190452426739483e+32   6.443604869608244e+32 
  57852.27456140351                 0.0                 0.0                     0.0                 nan                 nan                 nan  3.3340867716438106e+31  1.1190452426739483e+32   6.443604869608244e+32 
 57855.073759398496                 0.0                 0.0                     0.0                 nan                 nan                 nan  3.3340867716438106e+31  1.1190452426739483e+32   6.443604869608244e+32 
  57857.87295739348                 0.0                 0.0                     0.0                 nan                 nan                 nan  3.3340867716438106e+31  1.1190452426739483e+32   6.443604869608244e+32 
  57860.67215538847                 0.0                 0.0                     0.0                 nan                 nan                 nan  3.3340867716438106e+31  1.1190452426739483e+32   6.443604869608244e+32 
  57863.47135338346                 0.0                 0.0                     0.0                 nan                 nan                 nan  3.3340867716438106e+31  1.1190452426739483e+32   6.443604869608244e+32 
 57866.270551378446                 0.0                 0.0                     0.0                 nan                 nan                 nan  3.3340867716438106e+31  1.1190452426739483e+32   6.443604869608244e+32 
  57869.06974937343                 0.0                 0.0                     0.0                 nan                 nan                 nan  3.3340867716438106e+31  1.1190452426739483e+32   6.443604869608244e+32 
  57871.86894736842                 0.0                 0.0                     0.0                 nan                 nan                 nan  3.3340867716438106e+31  1.1190452426739483e+32   6.443604869608244e+32 
  57874.66814536341                 0.0                 0.0                     0.0                 nan                 nan                 nan  3.3340867716438106e+31  1.1190452426739483e+32   6.443604869608244e+32 
 57877.467343358396                 0.0                 0.0                     0.0                 nan                 nan                 nan  3.3340867716438106e+31  1.1190452426739483e+32   6.443604869608244e+32 
  57880.26654135338                 0.0                 0.0                     0.0                 nan                 nan                 nan  3.3340867716438106e+31  1.1190452426739483e+32   6.443604869608244e+32 
  57883.06573934837                 0.0                 0.0                     0.0                 nan                 nan                 nan  3.3340867716438106e+31  1.1190452426739483e+32   6.443604869608244e+32 
  57885.86493734336                 0.0                 0.0                     0.0                 nan                 nan                 nan  3.3340867716438106e+31  1.1190452426739483e+32   6.443604869608244e+32 
 57888.664135338346                 0.0                 0.0                     0.0                 nan                 nan                 nan  3.3340867716438106e+31  1.1190452426739483e+32   6.443604869608244e+32 
  57891.46333333333                 0.0                 0.0                     0.0                 nan                 nan                 nan  3.3340867716438106e+31  1.1190452426739483e+32   6.443604869608244e+32 
  57894.26253132832                 0.0                 0.0                     0.0                 nan                 nan                 nan  3.3340867716438106e+31  1.1190452426739483e+32   6.443604869608244e+32 
  57897.06172932331                 0.0                 0.0                     0.0                 nan                 nan                 nan  3.3340867716438106e+31  1.1190452426739483e+32   6.443604869608244e+32 
 57899.860927318296                 0.0                 0.0                     0.0                 nan                 nan                 nan  3.3340867716438106e+31  1.1190452426739483e+32   6.443604869608244e+32 
  57902.66012531328                 0.0                 0.0                     0.0                 nan                 nan                 nan  3.3340867716438106e+31  1.1190452426739483e+32   6.443604869608244e+32 
  57905.45932330827                 0.0                 0.0                     0.0                 nan                 nan                 nan  3.3340867716438106e+31  1.1190452426739483e+32   6.443604869608244e+32 
  57908.25852130326                 0.0                 0.0                     0.0                 nan                 nan                 nan  3.3340867716438106e+31  1.1190452426739483e+32   6.443604869608244e+32 
 57911.057719298246                 0.0                 0.0                     0.0                 nan                 nan                 nan  3.3340867716438106e+31  1.1190452426739483e+32   6.443604869608244e+32 
  57913.85691729323                 0.0                 0.0                     0.0                 nan                 nan                 nan  3.3340867716438106e+31  1.1190452426739483e+32   6.443604869608244e+32 
  57916.65611528822                 0.0                 0.0                     0.0                 nan                 nan                 nan  3.3340867716438106e+31  1.1190452426739483e+32   6.443604869608244e+32 
  57919.45531328321                 0.0                 0.0                     0.0                 nan                 nan                 nan  3.3340867716438106e+31  1.1190452426739483e+32   6.443604869608244e+32 
 57922.254511278195                 0.0                 0.0                     0.0                 nan                 nan                 nan  3.3340867716438106e+31  1.1190452426739483e+32   6.443604869608244e+32 
  57925.05370927318                 0.0                 0.0                     0.0                 nan                 nan                 nan  3.3340867716438106e+31  1.1190452426739483e+32   6.443604869608244e+32 
  57927.85290726817                 0.0                 0.0                     0.0                 nan                 nan                 nan  3.3340867716438106e+31  1.1190452426739483e+32   6.443604869608244e+32 
  57930.65210526316                 0.0                 0.0                     0.0                 nan                 nan                 nan  3.3340867716438106e+31  1.1190452426739483e+32   6.443604869608244e+32 
 57933.451303258145                 0.0                 0.0                     0.0                 nan                 nan                 nan  3.3340867716438106e+31  1.1190452426739483e+32   6.443604869608244e+32 
  57936.25050125313                 0.0                 0.0                     0.0                 nan                 nan                 nan  3.3340867716438106e+31  1.1190452426739483e+32   6.443604869608244e+32 
  57939.04969924812                 0.0                 0.0                     0.0                 nan                 nan                 nan  3.3340867716438106e+31  1.1190452426739483e+32   6.443604869608244e+32 
  57941.84889724311                 0.0                 0.0                     0.0                 nan                 nan                 nan  3.3340867716438106e+31  1.1190452426739483e+32   6.443604869608244e+32 
 57944.648095238095                 0.0                 0.0                     0.0                 nan                 nan                 nan  3.3340867716438106e+31  1.1190452426739483e+32   6.443604869608244e+32 
  57947.44729323308                 0.0                 0.0                     0.0                 nan                 nan                 nan  3.3340867716438106e+31  1.1190452426739483e+32   6.443604869608244e+32 
  57950.24649122807                 0.0                 0.0                     0.0                 nan                 nan                 nan  3.3340867716438106e+31  1.1190452426739483e+32   6.443604869608244e+32 
  57953.04568922306                 0.0                 0.0                     0.0                 nan                 nan                 nan  3.3340867716438106e+31  1.1190452426739483e+32   6.443604869608244e+32 
 57955.844887218045                 0.0                 0.0                     0.0                 nan                 nan                 nan  3.3340867716438106e+31  1.1190452426739483e+32   6.443604869608244e+32 
  57958.64408521303                 0.0                 0.0                     0.0                 nan                 nan                 nan  3.3340867716438106e+31  1.1190452426739483e+32   6.443604869608244e+32 
  57961.44328320802                 0.0                 0.0                     0.0                 nan                 nan                 nan  3.3340867716438106e+31  1.1190452426739483e+32   6.443604869608244e+32 
  57964.24248120301                 0.0                 0.0                     0.0                 nan                 nan                 nan  3.3340867716438106e+31  1.1190452426739483e+32   6.443604869608244e+32 
 57967.041679197995                 0.0                 0.0                     0.0                 nan                 nan                 nan  3.3340867716438106e+31  1.1190452426739483e+32   6.443604869608244e+32 
  57969.84087719298                 0.0                 0.0                     0.0                 nan                 nan                 nan  3.3340867716438106e+31  1.1190452426739483e+32   6.443604869608244e+32 
  57972.64007518797                 0.0                 0.0                     0.0                 nan                 nan                 nan  3.3340867716438106e+31  1.1190452426739483e+32   6.443604869608244e+32 
  57975.43927318296                 0.0                 0.0                     0.0                 nan                 nan                 nan  3.3340867716438106e+31  1.1190452426739483e+32   6.443604869608244e+32 
 57978.238471177945                 0.0                 0.0                     0.0                 nan                 nan                 nan  3.3340867716438106e+31  1.1190452426739483e+32   6.443604869608244e+32 
  57981.03766917293                 0.0                 0.0                     0.0                 nan                 nan                 nan  3.3340867716438106e+31  1.1190452426739483e+32   6.443604869608244e+32 
  57983.83686716792                 0.0                 0.0                     0.0                 nan                 nan                 nan  3.3340867716438106e+31  1.1190452426739483e+32   6.443604869608244e+32 
  57986.63606516291                 0.0                 0.0                     0.0                 nan                 nan                 nan  3.3340867716438106e+31  1.1190452426739483e+32   6.443604869608244e+32 
 57989.435263157895                 0.0                 0.0                     0.0                 nan                 nan                 nan  3.3340867716438106e+31  1.1190452426739483e+32   6.443604869608244e+32 
  57992.23446115288                 0.0                 0.0                     0.0                 nan                 nan                 nan  3.3340867716438106e+31  1.1190452426739483e+32   6.443604869608244e+32 
  57995.03365914787                 0.0                 0.0                     0.0                 nan                 nan                 nan  3.3340867716438106e+31  1.1190452426739483e+32   6.443604869608244e+32 
  57997.83285714286                 0.0                 0.0                     0.0                 nan                 nan                 nan  3.3340867716438106e+31  1.1190452426739483e+32   6.443604869608244e+32 
 58000.632055137845                 0.0                 0.0                     0.0                 nan                 nan                 nan  3.3340867716438106e+31  1.1190452426739483e+32   6.443604869608244e+32 
  58003.43125313283                 0.0                 0.0                     0.0                 nan                 nan                 nan  3.3485027630274497e+31  1.1420165775187225e+32   6.837050716130201e+32 
  58006.23045112782                 0.0                 0.0                     0.0                 nan                 nan                 nan   3.536664271961532e+31  1.1953356320482364e+32   7.461610250322733e+32 
  58009.02964912281                 0.0                 0.0      1485213860090.9304                 nan                 nan                 nan   6.510502867540576e+31  2.0757826971641054e+32  3.3245212756202223e+40 
 58011.828847117795                 0.0   70548783786.38591      111199591020411.52   41820.23022587741                 nan                 nan  1.7949904687694825e+32   1.390758733313558e+38   2.805081234514757e+43 
  58014.62804511278  41589985532338.664  115339958066233.47      221156415648341.88   35761.77698784794   47290.16512313643   70264.44369106981  2.8672558516147454e+43   4.847877397669592e+43   6.502095139511108e+43 
  58017.42724310777   156418239116244.5  231712539100293.12       338740191226315.3  31923.843078593196   38670.92408151078   46412.44514921023   7.562723798319201e+43   8.493804904296591e+43   9.821493931222246e+43 
           58019.17   234067710557806.0  305751201446117.44       410789487350078.1   30036.39032704048    35277.1300542982  40507.424301038765    9.28457670146122e+43   1.036170967200868e+44   1.148959718965653e+44 
           58019.18  234482191634665.62   306196296312762.6      411195571314544.56  30026.513228241394   35260.55831005327   40484.14678061065   9.293870415434817e+43  1.0369663706661217e+44  1.1498905369588878e+44 
  58020.22644110276  279678947646073.97  350626236877877.25       455542161134699.2  29071.922750642723   33648.19835628501   38112.77575376902   1.023412783159092e+44  1.1314420293011666e+44  1.2475896938448386e+44 
 58023.025639097745   392131662747400.0  468405588624689.56       571955234554331.8   26878.51568634063  30346.949885642927   33419.68005447657  1.2226472024332274e+44  1.3317878014538778e+44  1.4546796934026786e+44 
           58025.16   479055732822624.3   560923947476516.4       665372557415769.4  25683.808337038183  28582.109065798122  30987.548629971065  1.3532837756156029e+44  1.4668988428005341e+44   1.586746100641048e+44 
  58025.82483709273  506764321145544.06   589571517516382.6       692103079586843.8  25334.831972016407   28043.28094988598   30332.48351245908  1.3902548194850897e+44  1.5032129394813736e+44  1.6237124717579056e+44 
           58026.15  519942139634817.06   602915099946407.5       705610160859899.0  25179.297075756724  27795.782881840907  30000.267096299758  1.4081535242071094e+44  1.5214598113426174e+44   1.640254798244066e+44 
           58026.16   520347407831076.8   603268960387397.5       706045802799449.8  25174.536124865022    27788.2489571298  29990.165510824118  1.4087053317748084e+44  1.5220199934927866e+44  1.6407609827844763e+44 
  58028.62403508772   626824919726765.4   700693036863070.8       813116101632861.5   24028.12141308532  26180.038201127107  28089.323297628514   1.542764194911906e+44  1.6434593938497907e+44  1.7602536112484241e+44 
  58031.42323308271   737900604672500.4   817978700630492.8       933594055183950.0   22900.71805448545   24735.28874977423  26282.034295022837   1.671546135696636e+44  1.7690467558688603e+44  1.8757992264192134e+44 
 58034.222431077695   846040265303660.0   935961462114047.2      1051533886159096.5  21901.300971628814    23466.2252235575  24863.700123659826   1.782609997091989e+44   1.874713333362768e+44   1.983117641376178e+44 
           58036.12   922560494492462.4  1017182911010138.0      1134000349919259.0  21310.978806996853  22660.801341619514  23987.858721950073  1.8519707475308774e+44  1.9424371682150785e+44  2.0461777231331893e+44 
           58036.13   922999489761361.9  1017568995181312.5      1134442360794207.0   21308.03316599455   22656.68193107008  23983.421276444158   1.852316495998682e+44  1.9427537222425936e+44   2.046476352779489e+44 
  58037.02162907268   960389785122192.8  1054138096783903.6      1173502327320773.0  21052.352323061587  22322.108545653013  23599.874566076025  1.8828239609348213e+44  1.9719451127169212e+44  2.0740759423647756e+44 
  58039.82082706767  1071523744494921.1  1172543058822058.0      1291907580570672.8  20285.520416148407    21435.5178186602   22568.94199300733   1.962495169400662e+44   2.053947990045884e+44  2.1565726469188453e+44 
           58040.13  1084310120607542.1  1185445622963873.5      1305132908581834.5  20201.559404536816  21346.742447272452   22460.48163902434  1.9709480206929324e+44   2.062562400975796e+44   2.165431047150882e+44 
           58040.14  1084728197669490.1  1185850340494057.5      1305557904328039.2    20198.8621177069  21343.888015844474  22456.973316657546   1.971211825615363e+44  2.0628433527169316e+44  2.1657159437827267e+44 
  58042.62002506266  1188121566244827.8  1291713552243096.2      1405410508536262.0  19605.025366227135  20604.808889592197  21655.524205107922   2.032429129974984e+44   2.126456613206029e+44  2.2275857217208318e+44 
           58044.31  1256477582274821.2  1361709274372246.5      1475296368903898.0  19202.167399719754  20150.439689082916  21147.994981105672  2.0719484332540815e+44  2.1604458406216315e+44  2.2628991163369535e+44 
           58044.32  1256890565051113.2  1362128102800596.5      1475735475712441.2  19199.938288638652  20147.764072959042  21145.514039611084  2.0721805840148142e+44   2.160621083812966e+44  2.2630738841043235e+44 
 58045.419223057645  1301874549826913.8  1406828837789556.8      1524003108574588.0  18939.729106709736   19860.39724642774  20879.227815987728  2.0981790352221372e+44   2.183017027562497e+44  2.2841065740023338e+44 
  58048.21842105263  1413191956435781.8  1524104484736526.0      1646710709547827.2  18356.460035207198  19200.343942960142   20228.06983879486  2.1502236119520164e+44  2.2336644586406392e+44   2.330667915831935e+44 
  58051.01761904762  1525312834069869.0  1645977049795190.0      1773912035881498.2    17830.3364867476   18604.68136663403  19559.451680023696   2.201476836526139e+44  2.2776402975546105e+44  2.3727128212954954e+44 
           58052.08  1568293983656676.8  1690527716240737.2      1821963175649772.0  17639.683010136992   18384.47186162694  19305.172562351814   2.219061368187526e+44  2.2917059323431225e+44  2.3871293873058465e+44 
           58052.09  1568698557453561.2  1690943968333282.0      1822421355264019.0  17637.917442659455  18382.493129606133  19302.828150387737   2.219215118981391e+44    2.29183183189082e+44  2.3872810800874485e+44 
  58053.81681704261  1636448343565892.8  1762823089113747.0      1901540591951241.0   17348.81711639805  18041.977513782003  18910.817762448532   2.241271984614356e+44  2.3104999671113555e+44  2.4099841257514725e+44 
 58056.616015037594  1746618135750669.5  1874788838460535.8      2026078096544746.5  16893.874734185487   17549.21899045405   18357.51943743492  2.2723799874878647e+44  2.3471771394958697e+44  2.4402770048760398e+44 
           58057.07  1764436712235096.2  1892698188469289.0      2046182973686148.8  16823.625897351976  17466.513027461056  18274.785828129265  2.2777019745144797e+44  2.3522393152651514e+44  2.4441646422807538e+44 
  58059.41521303258  1851538613270869.8  1989794441333636.0      2149795826779984.5  16463.881745138227  17071.461866359154  17852.271531718816  2.2991045657998377e+44   2.369966317983827e+44   2.460862404889552e+44 
  58062.21441102757  1956596829670610.8  2105657325263865.0      2272394316675218.5  16038.565532056617  16621.558791108866   17370.28442049946  2.3191828171862017e+44   2.386148453207071e+44  2.4765738149269858e+44 
           58064.05  2027308367069386.2  2181019461222167.8      2350218175546050.5  15771.182256176397  16352.653436237753  17060.293406553104   2.330743863400108e+44   2.392524475519451e+44   2.483459319641389e+44 
           58064.06  2027694440703053.5  2181435180721518.0      2350631965614420.0  15769.766366476893  16351.250262140493  17058.654306284458  2.3308042163777435e+44  2.3925538462746783e+44  2.4834760680623288e+44 
  58065.01360902256  2064510770766104.0  2221078567285724.0      2390091359899395.0  15635.173930353889  16220.163921443633   16903.70051838658  2.3363707768953575e+44   2.396824359474109e+44   2.485747121224377e+44 
 58067.812807017544  2175363447999935.2  2335737690239124.0      2507093969781586.5  15253.823976950258  15823.374440643252  16475.705001939714   2.346784040498785e+44  2.4022457338236323e+44   2.489667681053995e+44 
  58070.61200501253  2287587505611880.5  2450828208231101.5      2628754253010018.5  14895.208926286989  15453.074434687835   16069.86710045821   2.351074766919749e+44   2.401964755784945e+44  2.4900723514976968e+44 
           58071.05  2305147383403916.5  2468841019132747.0      2647696720179447.0  14838.392677549236  15397.518621885669  16006.979488402869  2.3515954470644736e+44  2.4013091933467133e+44  2.4904482706748956e+44 
           58071.06  2305548298443703.5  2469252275229449.0      2648129201547987.0   14837.10262025238  15396.258625503477  16005.553679309067   2.351606451104181e+44   2.401293631555119e+44   2.490437776767047e+44 
  58073.41120300752  2400505090209450.0  2566423803764790.0      2749957064401479.0  14552.283593347554  15105.978494157924  15677.278276314586  2.3505005048515683e+44  2.3983167766705493e+44   2.484950980604337e+44 
           58076.12  2504724589718022.0  2677798980729845.5      2870459081819905.5   14244.61123825867  14782.757145743735   15317.36130752337  2.3454620776511872e+44  2.3919522708389466e+44  2.4758697258157957e+44 
           58076.13  2505112630027999.0  2678201758984589.0      2870896492040921.5   14243.53067792469   14781.58635211257  15316.107374970914  2.3454347793287877e+44  2.3919149243945073e+44  2.4758289849862704e+44 
  58076.21040100251  2508232513023259.0  2681440136533321.0      2874413314070521.0  14234.838737353219   14772.16763936825  15306.022931595628  2.3452189082137655e+44  2.3916074748735607e+44   2.475527871567952e+44 
 58079.009598997494  2614807222025583.0  2797383659232851.0      2996531716325824.0  13915.227220308705   14449.27111943176   14960.27843996095  2.3355856683894603e+44  2.3792737463243816e+44   2.464497683329815e+44 
  58081.80879699248  2723424568690760.5  2913562060143755.5      3117421194140813.5  13607.562411206489  14130.347643604615   14632.14098083259  2.3212066504215907e+44  2.3617467832634035e+44  2.4475126762843086e+44 
           58082.06  2733384272734762.5  2923988033500933.0      3128205905626107.0  13580.544736503005  14102.454134924745  14602.919093701956  2.3201549133973375e+44   2.360535478786464e+44   2.445883279535204e+44 
           58082.07  2733780753021544.5  2924403075241970.0      3128635228172606.0  13579.472741159325  14101.343269161545  14601.761389261455  2.3201123217578444e+44   2.360487075250654e+44   2.445816869659403e+44 
  58084.60799498747  2835707496843254.0  3026368768583782.0      3237408783388164.5  13312.838741953785  13825.556053653781  14310.594795987052  2.3044262795072463e+44  2.3443538064993178e+44  2.4247398179355247e+44 
  58087.40719298246  2947071533017581.5  3138292775575188.0      3359308726161116.0  13032.523292159285    13533.8690392586  14015.132160089666  2.2843518617759783e+44  2.3241919031947965e+44  2.3970607068366983e+44 
 58090.206390977444  3058435569191909.0  3250999328358012.0      3481938396025967.0  12767.857800088754  13253.186924678099  13711.826571705584   2.264565314419146e+44  2.3003249512226958e+44  2.3649527428730473e+44 
           58092.03  3130986514683890.0  3324008584586181.5      3562656504602813.0  12599.720700633814  13077.347448362387  13516.360787266436   2.244883326856812e+44  2.2828260799828303e+44   2.345898297858769e+44 
           58092.04  3131384357338809.0  3324409037767055.0      3563105595489105.0  12598.807435690755  13076.397831747187   13515.30001392253  2.2447682735334446e+44  2.2827121880199553e+44  2.3458074805856903e+44 
  58093.00558897243  3169799605366237.0  3363076355301837.0      3606469316222518.5  12510.956416026063  12987.721053805564  13413.713183791617  2.2347003137113453e+44  2.2733863071597823e+44  2.3366593297173466e+44 
  58095.80478696742  3280302034205693.0  3477825496262611.0      3731807773499095.0   12260.94764592136  12728.656366529227   13138.65797083362  2.2085004905362245e+44   2.242454766265376e+44   2.307635068937826e+44 
           58097.05  3329410261203244.5  3530072410319233.0      3787322642479542.5   12153.05237633288  12614.849915795072  13018.345947112253  2.1951810333421934e+44  2.2281810674359808e+44  2.2936529857439883e+44 
           58097.06  3329804637311482.5  3530491992452266.5      3787768468755839.5  12152.192258279267  12613.935516269867   13017.38582801603   2.195079978868305e+44  2.2280627082265195e+44   2.293538718702812e+44 
  58098.60398496241  3390695715408748.0  3595274842876117.0      3856603375436881.5  12020.662660151576  12474.349602661678  12871.269917533047   2.177426998413444e+44   2.210528048577985e+44  2.2759099150213697e+44 
           58101.04  3487609713165339.0  3697485681487192.5      3965207326815256.0  11817.656682307552  12259.847007142736  12649.155681748785  2.1490046334405603e+44  2.1806059638683384e+44  2.2456452690982183e+44 
           58101.05  3488008005105073.5  3697905263620531.0      3965653153091878.0  11816.835036582343  12258.978917760958   12648.28815942137   2.148892322068251e+44  2.1804696404232448e+44   2.245523150045861e+44 
 58101.403182957394  3502074997620250.5  3712724189489623.0      3981398977374667.5  11787.822155697817  12228.409820811221  12617.686142360284  2.1449038133060535e+44  2.1760680613154524e+44   2.240831554299113e+44 
  58104.20238095238  3612739330869637.0  3830173536103128.5      4106194579312453.0  11562.646478941711  11990.349466886459  12378.434699911268   2.108856695065285e+44  2.1399778709168866e+44  2.2061324130621603e+44 
  58107.00157894737  3722778359595400.5  3947622882716634.0      4230718694872937.0  11344.982067489645   11757.81996588179  12144.555823909472   2.072466256724788e+44   2.104089701985162e+44  2.1707843278864024e+44 
           58109.04  3802910552161774.5  4032771816863393.0      4320902189006597.5  11193.249628001451  11591.197066930868  11977.741064588376   2.046398066519149e+44  2.0765700273804857e+44  2.1431466133558638e+44 
           58109.05  3803303661291408.0  4033187661730345.0      4321347813472548.0  11192.508018616063  11590.389315600694  11976.928126613522  2.0462644287483928e+44   2.076441485916047e+44  2.1430062012965692e+44 
  58109.80077694236  3832817388321163.5  4064408335494355.0      4354804270864165.0   11137.02806558871   11529.89296461926  11916.135600859257  2.0351941211585143e+44  2.0667736860490965e+44  2.1323857160825687e+44 
 58112.599974937344  3942856417046926.0  4178616160393661.0      4478969173562340.0  10935.043374195435  11312.288928110462  11693.609253947665  1.9943462619071902e+44   2.027587109868342e+44   2.092091709232349e+44 
           58113.05  3960547313112836.0  4197372529058050.0      4499138778171330.0  10902.509575317736  11278.229963845206  11658.359230769918    1.98727031483266e+44   2.021036716920351e+44  2.0859990587562933e+44 
           58113.06  3960940422242184.0  4197793010766595.0      4499594119850550.0  10901.781591532252  11277.474269383369  11657.577807146256  1.9871134621276894e+44  2.0208941102704615e+44  2.0858569528818004e+44 
  58115.39917293233  4052895445772689.0  4296150953935148.5      4606106413005881.0  10733.866760574458   11103.37831851271  11477.401665269439   1.951621862696369e+44  1.9865491387882924e+44  2.0492295232229365e+44 
  58118.19837092732  4162583771809668.0  4413617970762579.0      4733565564623392.0   10538.37436745409  10900.757410261576  11265.304394156437  1.9095029095928564e+44  1.9434973763048606e+44  2.0046856473865205e+44 
  58120.99756892231  4270591000733311.0  4528794390409073.0      4859935696871148.0  10349.199456983839  10700.535016728234  11058.260852436453   1.865865426417128e+44  1.9018972517507774e+44   1.963860878894773e+44 
           58122.09  4312742521884244.5  4573601601347256.0      4908222623202679.0   10277.06978067821  10623.326145377127  10978.803481131426  1.8485915657226888e+44  1.8854732253958542e+44  1.9475801527825677e+44 
            58122.1  4313128372506955.0  4574011761876944.0      4908660187034883.0  10276.414776761603  10622.625686737276    10978.0776456978  1.8484263231566284e+44   1.885322280401093e+44  1.9474282385235135e+44 
 58123.796766917294  4378598229656954.5  4644550610983207.0      4982904570488801.0  10165.601841990978  10504.699693210801  10855.045589159168  1.8211646403207077e+44   1.860438141334745e+44   1.920925850213663e+44 
  58126.59596491228  4486605458580598.0  4761295513947465.0      5105387350642569.0   9985.263526628825   10314.85813904733  10655.266093672011  1.7778894126915326e+44   1.818549931161933e+44  1.8754845503012665e+44 
           58129.04  4580908704613719.0  4863227795861062.0      5212329486523375.0   9831.179279577038  10151.939619556902  10482.605269114976  1.7393253709743105e+44  1.7818418476347918e+44  1.8382175531008894e+44 
           58129.05  4581294555236430.0  4863644861403396.0      5212767050355579.0   9830.551990988424  10151.273982968492  10481.900269840891    1.73916477263401e+44   1.781687484580241e+44    1.83807296959429e+44 
  58129.39516290727  4594612687504241.0  4878040416911722.0      5227870130796337.0   9808.945093200758  10128.355611082903  10457.615710630258  1.7336183121259479e+44   1.776353459847679e+44  1.8330229498010195e+44 
  58132.19436090226  4702619916427884.0  4994785319875980.0      5344549958569943.0   9636.816855725787   9944.330762559806   10263.79838169339  1.6885001620586915e+44  1.7334800991716108e+44   1.791617867526421e+44 
 58134.993558897244  4810627145351528.0  5094658735263258.0      5464012620870874.0   9473.529728595357    9774.78373042164  10074.732885996278   1.643655177195669e+44  1.6895000990556305e+44  1.7484529119073311e+44 
           58136.04  4851004140456186.0  5137905126783407.0      5506956014775601.0   9411.467932576496   9724.889646863861  10005.204217908777  1.6272274889340777e+44  1.6736585573496008e+44  1.7323946098379178e+44 
           58136.05  4851389991078897.0  5138318397930870.0      5507403268058091.0    9410.88406179619   9724.287808383782  10004.542912147703  1.6270707976432376e+44  1.6734959541664903e+44  1.7322408033897587e+44 
  58137.79275689223  4887295681084994.0  5197950678623277.0      5570629999259994.0   9314.013769318984   9620.227357500233   9920.550809645627   1.599039011755889e+44  1.6463737950210772e+44  1.7030298107045965e+44 
  58140.59195488722  4944057097694190.0  5302060659053970.0      5694593674826910.0   9154.488128217958   9456.899352991793   9770.734082219336  1.5545650428340298e+44  1.6024008937175522e+44  1.6587621458816497e+44 
  58143.39115288221  5039418834249358.0  5393701039229554.0      5818159023168486.0   8999.184691370945   9307.098543118731   9639.224858766378  1.5071126945896158e+44  1.5599250526647229e+44  1.6171572998307173e+44 
 58146.190350877194  5131481306362587.0  5493833692697664.0      5932988855215807.0   8843.029266364678   9158.096920938107   9511.252958144281   1.461103809293471e+44  1.5162122573268523e+44  1.5744255712355757e+44 
  58148.98954887218  5162759796063814.0  5605916818006206.0      6042783409727346.0   8717.899411089493   9027.827608323889   9402.035112868221  1.4160019648314414e+44  1.4726383976224673e+44  1.5355453911081833e+44 
  58151.78874686717  5199718066982808.0  5700416791238320.0      6154378210407651.0   8572.502025062868   8879.020745818865   9334.158111322022  1.3715797045683007e+44  1.4289178759663452e+44  1.4991044375343756e+44 
 58154.587944862156  5252202062796479.0  5803237985977254.0      6280168002772192.0   8432.728003721222   8759.202085915129   9241.249727767145  1.3285424082108392e+44  1.3881522763880096e+44   1.460941135556324e+44 
 58157.387142857144  5265184731884211.0  5906364199394872.0      6377857590772335.0    8296.00634489019   8610.954149679836    9171.13992858957  1.2828542189711914e+44  1.3479170747367589e+44  1.4248699617386258e+44 
  58160.18634085213  5221563520668843.0  6001740639238672.0      6497665801537817.0   8164.105386714984   8470.278203244468   9052.941979053174  1.2413414146508556e+44  1.3063580704743372e+44  1.3895257650374933e+44 
  58162.98553884712  5158578969379086.0  6103154376997798.0      6600721132439846.0   8040.790999514068   8339.308492353412   9037.682225169454  1.1989476131834357e+44  1.2673824956630358e+44  1.3526682016825955e+44 
 58165.784736842106  5117168811799234.0  6198735337909481.0      6720776312608276.0   7900.241847376911   8210.634734763647   9005.611622108283   1.159326139996713e+44  1.2272027376103577e+44  1.3192565729431992e+44 
 58168.583934837094  5029506827059870.0  6292196501493902.0      6831178872016381.0   7769.069099072966  8082.7600393286175    8948.27828308215  1.1193090256422619e+44  1.1914172993486323e+44   1.288961340731825e+44 
  58171.38313283208  4942793875649298.0  6371359764456070.0      6937765758531747.0   7646.000512520138   7962.531270691998    8948.27828308215  1.0801130884252438e+44  1.1556654840965566e+44   1.257984398097072e+44 
  58174.18233082707  4862207532204117.0  6463901227113576.0      7058968972153505.0   7512.262539522178   7839.051625579115    8948.27828308215   1.040766310723982e+44   1.119347616935442e+44  1.2285603494687479e+44 
 58176.981528822056  4793766818520238.0  6558127066778592.0      7156192144284907.0   7389.377517559954   7722.006521946321    8948.27828308215  1.0020659848305757e+44  1.0800777123258547e+44  1.1981486706909621e+44 
  58179.78072681704  4728369813236053.0  6654707737199530.0      7277075102671942.0   7277.005662263607   7604.268981371755    8948.27828308215   9.651201299327312e+43  1.0480038186179084e+44  1.1682200971027495e+44 
  58182.57992481203  4664468736879900.0  6766701007920458.0      7350536816924010.0   7167.824396029938   7494.756830377388    8948.27828308215   9.298803621092775e+43  1.0163650564987352e+44  1.1375628358513573e+44 
  58185.37912280702  4602083907663441.0  6824652904395711.0      7464253362865865.0   7049.211695013469   7393.781939542425    8948.27828308215   8.935091822873655e+43   9.826871519200557e+43  1.1095855885699612e+44 
 58188.178320802006  4541024488832085.0  6933679621003014.0      7545333995790314.0   6934.910842267329   7293.260342369309    8948.27828308215   8.586277815520879e+43    9.48539192966753e+43  1.0822823717752862e+44 
  58190.97751879699  4481319097814470.0  7019349499719624.0      7661050678373264.0    6823.19755684395   7212.995307192046    8948.27828308215   8.269239930361399e+43    9.18801897247372e+43  1.0556876348956838e+44 
  58193.77671679198  4423125120099532.0  7108924569529454.0      7779718277159930.0  6712.6539417888225   7125.762879297576    8948.27828308215   7.959603810539588e+43   8.877667911151828e+43   1.029277167666535e+44 
  58196.57591478697  4366402585567987.0  7207639578353179.0      7827311358650181.0   6606.217865264888  7062.3526391485475    8948.27828308215   7.660677482701038e+43   8.553221299957946e+43  1.0021528282987535e+44 
 58199.375112781956  4291936780295485.5  7271419420597976.0      7946591925812145.0   6528.782232514529    7003.06440212221    8948.27828308215   7.363889410840832e+43   8.248389918654207e+43   9.763793621393367e+43 
  58202.17431077694  4215216749507895.0  7302673679975770.0      8001569083429794.0   6454.807164381888   6918.496357330563    8948.27828308215   7.087048798040541e+43   7.963202689444325e+43   9.524233682933914e+43 
  58204.97350877193  4139815002025529.0  7369194348304010.0      8119048712623499.0   6354.780911752052   6833.008220729771    8948.27828308215   6.833319466073778e+43   7.702518026798752e+43   9.292242642635261e+43 
  58207.77270676692  4065821394492891.5  7368761740098444.0      8236528341817204.0   6263.870631247648   6763.018210000149    8948.27828308215    6.59536557841495e+43   7.470600363319352e+43   9.077478330862254e+43 
 58210.571904761906  3993281457610422.5  7376310883843313.0      8354007971010908.0   6159.969707974252   6674.130891432135    8948.27828308215   6.349421101840388e+43   7.224093766710177e+43    8.86983071109248e+43 
  58213.37110275689  3926369033269725.5  7402616781179156.0      8453880421285885.0   6063.108486617662  6640.1462912851985    8948.27828308215   6.092459478099292e+43   6.986472673611946e+43   8.669234186219303e+43 
  58216.17030075188  3866692787173023.0  7302190119809698.0      8540713636368366.0   5972.991376972713   6628.104424563484    8948.27828308215    5.84429361069818e+43   6.757921952084582e+43   8.475341509431101e+43 
  58218.96949874687  3821178514064252.5  7230733357180428.0      8614724979284630.0   5876.805412121976    6569.93310128661    8948.27828308215   5.610627995628561e+43   6.544847952256271e+43   8.292881239882884e+43 
 58221.768696741856  3770896834831868.5  7190272538624572.0      8701817391612657.0   5782.954262410952   6531.444445081428    8948.27828308215    5.39257509711602e+43   6.341941091725968e+43    8.11693495681621e+43 
  58224.56789473684  3704052427032162.5  7181076414639366.0      8779628387799740.0   5699.107615749595   6485.315101259635    8948.27828308215   5.184071584792338e+43   6.156097695289405e+43   7.939505479726109e+43 
  58227.36709273183  3653963295899286.5  7112255507736002.0      8878945609197850.0  5617.3434851417205   6475.957645995163    8948.27828308215   4.979881798825153e+43   5.973121429638026e+43   7.778024199082753e+43 
  58230.16629072682  3604631506662864.5  7018539186836141.0      8938454680816873.0   5528.476649918296   6475.957645995163    8948.27828308215   4.783338522478677e+43   5.781604634623252e+43   7.614426819712516e+43 
 58232.965488721806  3552863458424027.5  6940361974053552.0      9050674392054938.0   5492.260776789477   6475.957645995163    8948.27828308215   4.597803889706426e+43   5.610917571807436e+43   7.470841179925188e+43 
  58235.76468671679  3511455837035421.0  6851398066224634.0      9130196263254112.0    5420.50596653736   6475.957645995163    8948.27828308215   4.422521753774834e+43   5.454364805636702e+43   7.323902343550212e+43 
  58238.56388471178  3459043964225840.0  6757171212464810.0      9183709221583858.0   5351.725588784697   6475.957645995163    8948.27828308215    4.25138862472648e+43   5.303920811818406e+43   7.179338024227386e+43 
  58241.36308270677  3408175373486092.0  6665732634908366.0      9291153943105602.0   5300.245755681027   6475.957645995163    8948.27828308215   4.088805824274393e+43   5.163646103997183e+43   7.044688029987997e+43 
 58244.162280701756  3359099718770966.0  6576931891809611.0      9403879558317728.0   5258.010820874769   6475.957645995163    8948.27828308215  3.9286155520285883e+43   5.032942330692015e+43   6.913586724325589e+43 
  58246.96147869674  3315787392575687.5  6490669323611244.0      9516605173529852.0    5213.73781723169   6475.957645995163    8948.27828308215   3.766752888468979e+43   4.907394778373252e+43   6.793094078384869e+43 
  58249.76067669173  3277805291601450.0  6409473390644536.0      9618121935593894.0   5166.138313844245   6475.957645995163    8948.27828308215   3.611818846667404e+43   4.781374160774837e+43   6.677341428017693e+43 
  58252.55987468672  3240796719061304.5  6340877850251584.0      9730006425449250.0   5133.849538620768   6475.957645995163    8948.27828308215  3.4721115762224867e+43   4.638568906158414e+43   6.564068916174978e+43 
 58255.359072681706  3205906155368404.0  6246911780605680.0      9836824634128438.0   5075.089692663595   6475.957645995163    8948.27828308215    3.34673404615387e+43   4.521658195745202e+43   6.448285885735227e+43 
  58258.15827067669  3171958675830309.5  6176564893907590.0      9948934865734800.0   5023.275745233955   6475.957645995163    8948.27828308215   3.219305508595587e+43   4.415516534696698e+43   6.335916293110837e+43 
  58260.95746867168  3142402193485175.0  6119178201092340.0  1.0060875558898802e+16   4969.856328453771   6475.957645995163    8948.27828308215  3.0982299264590097e+43   4.302951293616007e+43   6.224671190447309e+43 
  58263.75666666667  3114639662556883.0  6063020228163473.0   1.014746482980845e+16  4909.0557741816865   6475.957645995163    8948.27828308215   2.984783709568945e+43  4.1944898637206857e+43   6.115169527965826e+43 
 58266.555864661656  3087964343423007.0  5991383483462606.0  1.0216364417601792e+16    4849.41541723175   6475.957645995163    8948.27828308215  2.8801338745069076e+43   4.090383857562389e+43   6.008829691419251e+43 
  58269.35506265664  3061790175076604.0  5909009424014927.0  1.0314457046229202e+16   4805.098096070528   6475.957645995163    8948.27828308215   2.783147958204552e+43   3.985632399292547e+43   5.904558931972949e+43 
  58272.15426065163  3036095089720844.5  5829139481494954.0  1.0267706818098326e+16   4803.104628034335   6475.957645995163    8948.27828308215  2.6882883225481654e+43  3.8777759581716557e+43   5.805098960676516e+43 
  58274.95345864662  3010858132726231.0  5754869573256977.0   1.031677052197908e+16   4803.104628034335   6475.957645995163    8948.27828308215  2.5940718285592283e+43   3.773979593887468e+43   5.708249312523645e+43 
 58277.752656641605  2986061788876780.0  5674085057155278.0  1.0382262466935682e+16   4803.104628034335   6475.957645995163    8948.27828308215  2.5055546387646273e+43  3.6746655974644324e+43     5.6175237226906e+43 
  58280.55185463659  2947439071966577.0  5593593231969756.0  1.0386660318752458e+16   4803.104628034335   6475.957645995163    8948.27828308215  2.4211078535636298e+43   3.587336588428327e+43     5.5276854856653e+43 
  58283.35105263158  2910658401527810.0  5515531337389370.0  1.0475163149212004e+16   4774.523758270661   6475.957645995163    8948.27828308215   2.337364025783851e+43   3.503574031860005e+43   5.438443325739863e+43 
  58286.15025062657  2864326913148581.0  5439813611706086.0  1.0500859104508632e+16   4763.578207003529   6475.957645995163    8948.27828308215   2.256719387118749e+43   3.423218454853203e+43    5.35229859134941e+43 
 58288.949448621555  2815551043794947.0  5366341536591852.0   1.043059402513633e+16  4756.8441839718125   6475.957645995163    8948.27828308215  2.1856748485995977e+43   3.348674843020047e+43   5.269516566236291e+43 
  58291.74864661654  2778572197942792.0  5318471887424884.0  1.0328495946297196e+16   4723.819090600799   6475.957645995163    8948.27828308215    2.11878387766357e+43  3.2789468759815047e+43   5.188481535424398e+43 
  58294.54784461153  2745612220612617.0  5272322608535274.0  1.0214683056755352e+16   4704.391774611278   6475.957645995163    8948.27828308215   2.057115168463251e+43  3.2114174647944527e+43   5.109141996954449e+43 
  58297.34704260652  2713413153876666.0  5227048021995200.0  1.0101258518017542e+16   4662.593909981786   6475.957645995163    8948.27828308215  1.9985157856913794e+43  3.1459694467491623e+43   5.031409725134787e+43 
 58300.146240601505  2687260774021443.0  5182624266509066.0  1.0054618253340042e+16   4621.529795544235   6475.957645995163    8948.27828308215  1.9426666692415437e+43   3.082490247795846e+43   4.955242724073438e+43 
  58302.94543859649  2662630457456456.0  5138989200412030.0      9915962899658870.0    4590.25244115025   6475.957645995163    8948.27828308215   1.882466094011698e+43   3.020899106553296e+43   4.880564352783754e+43 
  58305.74463659148  2638328497120886.0  5070104218282564.0      9774769912041240.0   4556.039179630946   6475.957645995163    8948.27828308215  1.8211643954513248e+43   2.961092069316731e+43   4.807331707895278e+43 
  58308.54383458647  2614336089592776.0  4998280191104896.0      9670294064733638.0   4539.638434786496   6475.957645995163    8948.27828308215  1.7628219511402534e+43   2.902988453943062e+43   4.735488224050245e+43 
 58311.343032581455  2590640209964556.0  4950507267846756.0      9567871924228476.0   4505.301519262391   6475.957645995163    8948.27828308215  1.7072469672868636e+43   2.847454986492976e+43   4.664974288637996e+43 
  58314.14223057644  2568036081895231.5  4905095431217740.0      9458971717190780.0   4467.506601175495   6475.957645995163    8948.27828308215  1.6546238052829476e+43  2.7942244967901143e+43   4.595752610180085e+43 
  58316.94142857143  2539664721312893.5  4846981656839286.0      9351665602849772.0   4430.299844607263   6475.957645995163    8948.27828308215   1.606731739218964e+43  2.7426830700889545e+43   4.527776319446139e+43 
  58319.74062656642  2509758576022039.0  4790724492216552.0      9245086139627624.0   4393.664699758115   6475.957645995163    8948.27828308215  1.5610335577165902e+43   2.692740443480078e+43   4.461006334135513e+43 
 58322.539824561405  2480371729181101.5  4738780661229874.0      9146681817337744.0   4357.584592687264   6475.957645995163    8948.27828308215   1.517440395294319e+43  2.6443304663318513e+43  4.3954017476498863e+43 
  58325.33902255639  2451481206757820.5  4700297718059571.0      9063059400962320.0    4339.57459106334   6475.957645995163    8948.27828308215  1.4787270800415783e+43   2.597363039357968e+43   4.330927548829224e+43 
  58328.13822055138  2423071225560627.0  4648474313381848.0      8970515169989227.0   4334.257405707698   6475.957645995163    8948.27828308215  1.4418928419003394e+43   2.551772915829677e+43   4.265828098541998e+43 
  58330.93741854637  2395124152768270.5  4606056319245997.0      8877785652178697.0   4334.257405707698   6475.957645995163    8948.27828308215  1.4066324625884092e+43   2.506159889207338e+43  4.2002996356038524e+43 
 58333.736616541355  2367624348556686.5  4568751537178248.0      8787321713902283.0   4334.257405707698   6475.957645995163    8948.27828308215  1.3728460743007479e+43   2.458468762539875e+43  4.1357775168823303e+43 
  58336.53581453634  2340558021169501.5  4531996670732202.0      8704231771520886.0   4334.257405707698   6475.957645995163    8948.27828308215  1.3394322232930149e+43   2.411961992636086e+43  4.0722408683873604e+43 
  58339.33501253133  2313909025379248.0  4495764845845295.0      8641205104409775.0   4334.257405707698   6475.957645995163    8948.27828308215  1.3041875492445132e+43  2.3665894449045606e+43   4.009659144345139e+43 
  58342.13421052632  2287663934006568.5  4460039977617314.0      8578787775057613.0   4334.257405707698   6475.957645995163    8948.27828308215   1.270638920413469e+43   2.322313329666021e+43   3.948013000246265e+43 
 58344.933408521305  2262738636668056.0  4424801661300261.0      8514334774901921.0  4313.8721820282635   6475.957645995163    8948.27828308215    1.24025271204069e+43   2.279086449843497e+43   3.887279969561891e+43 
  58347.73260651629  2237777852778979.0  4390024497246075.5      8449845169082431.0  4303.1853636388305   6475.957645995163    8948.27828308215  1.2134550697304855e+43  2.2368685326465714e+43  3.8274406196150383e+43 
  58350.53180451128  2213467160106610.8  4355688671996157.0      8386131536256837.0  4303.1853636388305   6475.957645995163    8948.27828308215  1.1880586448593553e+43  2.1957832157802584e+43   3.768130859258071e+43 
  58353.33100250627  2189790132706955.0  4321779293294654.0      8323164931617013.0  4303.1853636388305   6475.957645995163    8948.27828308215  1.1636209410136215e+43   2.160465554793466e+43   3.707881685167343e+43 
 58356.130200501255  2166711442918465.0  4288281713426469.5      8260451845653758.0  4303.1853636388305   6475.957645995163    8948.27828308215  1.1400875656678375e+43  2.1180000666572945e+43   3.648486980985289e+43 
  58358.92939849624  2144212267296930.2  4255179884766746.5      8186227904772761.0  4303.1853636388305   6475.957645995163    8948.27828308215  1.1174020468221353e+43  2.0758608749705712e+43  3.5900119613471756e+43 
  58361.72859649123  2122273589313624.8  4222462054070016.0      8112861480529425.0  4303.1853636388305   6475.957645995163    8948.27828308215  1.0913670914417933e+43  2.0347451857628768e+43  3.5375375754712165e+43 
  58364.52779448622  2100853481417923.5  4190114098927809.0      8033789732065986.0  4303.1853636388305   6475.957645995163    8948.27828308215  1.0669520696366875e+43   1.994620613645511e+43   3.485872680893765e+43 
 58367.326992481205  2079935776974935.5  4153838995638712.0      7950386632622236.0  4303.1853636388305   6475.957645995163    8948.27828308215  1.0440066412283633e+43  1.9583939151176747e+43   3.434994706567538e+43 
  58370.12619047619  2059501639022589.8  4112470613644164.0      7888073022735614.0  4303.1853636388305   6475.957645995163    8948.27828308215  1.0219956259057888e+43  1.9276601131200996e+43   3.384993683786635e+43 
  58372.92538847118  2039527913518109.8  4071600248009462.0      7833358686372278.0  4303.1853636388305   6475.957645995163    8948.27828308215  1.0028212457922923e+43  1.8976234622836459e+43   3.335324524636456e+43 
  58375.72458646617  2019988249736621.0  4035269764947080.5      7779057160661518.0  4303.1853636388305   6475.957645995163    8948.27828308215   9.842775458631081e+42  1.8673243468513273e+43  3.2825851110809656e+43 
 58378.523784461155  2000868499699091.8  4005098322824224.0      7725160668522751.0  4303.1853636388305   6475.957645995163    8948.27828308215   9.663352275772725e+42  1.8329038860223657e+43   3.235797162222967e+43 
  58381.32298245614  1982151323946862.5  3975204854390566.0      7671665803133445.0  4303.1853636388305   6475.957645995163    8948.27828308215   9.483825946368751e+42  1.7992692114592527e+43  3.1897157077963504e+43 
  58384.12218045113  1963820052948754.5  3945582962957633.0      7618565333893947.0  4303.1853636388305   6475.957645995163    8948.27828308215   9.305548426471214e+42  1.7688009865137116e+43  3.1443184897762065e+43 
  58386.92137844612  1945857037884315.2  3916224256178411.0      7565847679199269.0  4303.1853636388305   6475.957645995163    8948.27828308215    9.13257969597581e+42   1.741420756835232e+43  3.0994170668713583e+43 
 58389.720576441105  1928246873122567.2  3887122519253538.0      7513513594742198.0  4303.1853636388305   6475.957645995163    8948.27828308215   8.964634814892342e+42  1.7145870991708382e+43  3.0542190325403986e+43 
  58392.51977443609  1911143217485414.0  3858270317570015.0      7461551412371652.0  4303.1853636388305   6475.957645995163    8948.27828308215   8.801496856824925e+42  1.6882842292550358e+43    3.01013918277388e+43 
  58395.31897243108  1894618149700271.8  3829663630983804.0      7409957994345885.0  4303.1853636388305   6475.957645995163    8948.27828308215   8.642932144720074e+42  1.6624928974200602e+43   2.967261587104969e+43 
  58398.11817042607  1878312605659589.2  3801295937054294.0      7358728470734921.0  4303.1853636388305   6475.957645995163    8948.27828308215   8.488708924348881e+42  1.6320375493319963e+43   2.925027588189835e+43 
 58400.917368421055  1862220938516625.0  3773162236158446.0      7307854721443661.0  4303.1853636388305   6475.957645995163    8948.27828308215   8.338621857349417e+42   1.599929411277758e+43   2.882805762689136e+43 
  58403.71656641604  1846333966413283.8  3745258997744505.0      7253672846652294.0  4303.1853636388305   6475.957645995163    8948.27828308215   8.192466133050152e+42  1.5685354108887672e+43  2.8408658599795554e+43 
  58406.51576441103  1830646941283511.0  3717580389927849.0      7198699135196638.0  4303.1853636388305   6475.957645995163    8948.27828308215   8.050094657126108e+42  1.5378364722338432e+43   2.799519957798897e+43 
  58409.31496240602  1815155586358041.2  3690121317730263.5      7142203952063038.0  4303.1853636388305   6475.957645995163    8948.27828308215   7.911351671794528e+42  1.5091195922229166e+43  2.7593355427852387e+43 
 58412.114160401004  1799852166829001.2  3662876634967393.0      7085563273356725.0  4303.1853636388305   6475.957645995163    8948.27828308215    7.77607710468179e+42  1.4815549686471775e+43  2.7201253669672893e+43 
  58414.91335839599  1784732293994724.8  3635843621579316.0      7037081476969031.0  4303.1853636388305   6475.957645995163    8948.27828308215   7.637723647382641e+42   1.454577054184376e+43  2.6814816772803684e+43 
  58417.71255639098  1769789962515634.2  3609018165446963.5      6988983759157000.0  4303.1853636388305   6475.957645995163    8948.27828308215   7.494258575791179e+42  1.4281708802465977e+43   2.643391673824587e+43 
  58420.51175438597  1755020210961704.5  3582395766421644.0      6941261467989464.0  4303.1853636388305   6475.957645995163    8948.27828308215   7.358101960697362e+42  1.4023217434580267e+43   2.605844119309474e+43 
 58423.310952380954  1740418933049401.0  3555973257702530.0      6893910115368734.0  4303.1853636388305   6475.957645995163    8948.27828308215   7.231600916810017e+42  1.3770160838935307e+43  2.5688293134896456e+43 
  58426.11015037594  1724857834459421.5  3529748015671386.5      6846924801658443.0  4303.1853636388305   6475.957645995163    8948.27828308215   7.108180247045888e+42  1.3554269218455435e+43  2.5332697575833795e+43 
  58428.90934837093  1710068206621621.5  3502905627018936.0      6800300680157354.0  4303.1853636388305   6475.957645995163    8948.27828308215   6.987724172405394e+42  1.3333965358989717e+43  2.4990902652529177e+43 
  58431.70854636592  1694935475023569.0  3473783527410756.0      6754033524124963.0  4303.1853636388305   6475.957645995163    8948.27828308215   6.863400193689923e+42  1.3097968300955388e+43  2.4654102710673194e+43 
 58434.507744360904  1679642731480409.8  3444888697499413.0      6708111309914479.0  4303.1853636388305   6475.957645995163    8948.27828308215   6.740187318737678e+42  1.2866868322497973e+43  2.4297417876163285e+43 
  58437.30694235589  1664477670722762.0  3416218139711643.0      6662037629393241.0  4303.1853636388305   6475.957645995163    8948.27828308215   6.619676297661004e+42  1.2640526080158535e+43   2.393219498954902e+43 
  58440.10614035088  1649439047781028.5  3387770188363505.0      6615746447441527.0  4303.1853636388305   6475.957645995163    8948.27828308215   6.501802399985185e+42  1.2418832980343048e+43   2.353986573534293e+43 
  58442.90533834587  1634526378438598.8  3359542685467092.5      6569789626994120.0  4303.1853636388305   6475.957645995163    8948.27828308215   6.386475170803647e+42  1.2245137982890972e+43   2.318038562976835e+43 
 58445.704536340854  1620812185810262.5  3331533274580589.5      6524169381647732.0  4303.1853636388305   6475.957645995163    8948.27828308215   6.273615400813645e+42  1.2076767444766076e+43  2.2851984242718184e+43 
  58448.50373433584  1607746597334425.8  3303740740374725.0      6478877587433162.0  4303.1853636388305   6475.957645995163    8948.27828308215   6.163158995932518e+42  1.1911255600425734e+43  2.2528080690846556e+43 
  58451.30293233083  1594798450231984.2  3276164211964672.0      6433910497857354.0  4303.1853636388305   6475.957645995163    8948.27828308215    6.05503576719466e+42  1.1748540670221952e+43  2.2208604224231777e+43 
  58454.10213032582  1581966593901265.0  3248719325311843.0      6389264428723173.0  4303.1853636388305   6475.957645995163    8948.27828308215   5.949169238457416e+42  1.1588550323724688e+43  2.1893495600889194e+43 
 58456.901328320804  1569248781920482.8  3219296967548568.0      6344312171116461.0  4303.1853636388305   6475.957645995163    8948.27828308215   5.845518861353436e+42   1.143120986744307e+43  2.1582693930143152e+43 
  58459.70052631579  1556644556732589.2  3188809982089334.0      6299238590137835.0  4303.1853636388305   6475.957645995163    8948.27828308215    5.74401403783887e+42  1.1276467668805923e+43   2.127612328594485e+43 
  58462.49972431078  1544490922393086.2  3158369681148986.0      6254460221835171.0  4303.1853636388305   6475.957645995163    8948.27828308215   5.644599291241758e+42  1.1109254813145478e+43  2.0955014188039657e+43 
  58465.29892230577  1533323532922268.0  3128214383087434.0      6209972118513769.0  4303.1853636388305   6475.957645995163    8948.27828308215   5.547225890968719e+42  1.0936354006500456e+43  2.0633715725708594e+43 
 58468.098120300754  1522850831223230.0  3098340646925014.0      6165773139357881.0  4303.1853636388305   6475.957645995163    8948.27828308215   5.451840685387605e+42  1.0766304755834669e+43  2.0316852605907682e+43 
  58470.89731829574  1512487190468800.0  3068747487832372.0      6121858773395250.0  4303.1853636388305   6475.957645995163    8948.27828308215   5.358381923768214e+42   1.059903033294843e+43  2.0004362108640034e+43 
  58473.69651629073  1502230592879405.2  3039432928807100.0      6078230325555619.0  4303.1853636388305   6475.957645995163    8948.27828308215   5.266812995061381e+42   1.043448994005216e+43   1.969620643134318e+43 
  58476.49571428572  1492079317924723.8  3010395010684617.0      6034882265409613.0  4303.1853636388305   6475.957645995163    8948.27828308215  5.1855699884795903e+42  1.0272640849845344e+43  1.9393035198136328e+43 
 58479.294912280704  1482030465113374.2  2981632680317069.0      5991813002386444.0  4303.1853636388305   6475.957645995163    8948.27828308215   5.106810826903599e+42  1.0113431618770924e+43   1.911330248754221e+43 
  58482.09411027569  1472082188409120.0  2953143632900897.5      5949021812935844.0  4303.1853636388305   6475.957645995163    8948.27828308215   5.029570420486118e+42   9.956809339640076e+42  1.8837530378028091e+43 
  58484.89330827068  1462233162574926.0  2924925801950099.0      5906506286818509.0  4303.1853636388305   6475.957645995163    8948.27828308215   4.953808271984062e+42   9.802730213778872e+42  1.8547383533652882e+43 
  58487.69250626567  1452480931556127.0  2896978035686792.5      5864264257468146.0  4303.1853636388305   6475.957645995163    8948.27828308215  4.8794829620943555e+42    9.65114341704545e+42  1.8248477861149592e+43 
 58490.491704260654  1442824134827117.2  2869298187426443.0      5822293863188931.0  4303.1853636388305   6475.957645995163    8948.27828308215   4.806556996360889e+42   9.502004850826514e+42  1.7953970656987266e+43 
  58493.29090225564  1433260809838364.5  2841883878475766.0      5780594223658004.0  4303.1853636388305   6475.957645995163    8948.27828308215   4.734998624448319e+42   9.368571223230214e+42  1.7652018367512366e+43 
  58496.09010025063  1423789666649536.8  2814733440117861.5      5731623137521849.0  4303.1853636388305   6475.957645995163    8948.27828308215   4.664772776984611e+42   9.243450328899784e+42  1.7353918945518208e+43 
  58498.88929824562  1414408333247922.0  2787844872675860.0      5682621417438168.0  4303.1853636388305   6475.957645995163    8948.27828308215   4.595843123254955e+42   9.120193713152095e+42  1.7074252696541633e+43 
 58501.688496240604  1405115386551101.8  2761216068615407.5      5634031679649435.0  4303.1853636388305   6475.957645995163    8948.27828308215    4.52817918871154e+42   8.991281279217084e+42  1.6822449621579367e+43 
  58504.48769423559  1395909655324031.5  2736119522186616.5      5581377867199788.0  4303.1853636388305   6475.957645995163    8948.27828308215   4.461752102364783e+42   8.851998025354421e+42   1.658125612470474e+43 
  58507.28689223058  1386790100239524.2  2715217020125015.0      5528781573142464.0  4303.1853636388305   6475.957645995163    8948.27828308215   4.396533618409277e+42   8.715010753565185e+42  1.6343275068098928e+43 
 58510.086090225566  1377754585361373.5  2694511075345815.0      5484456912585446.0  4303.1853636388305   6475.957645995163    8948.27828308215   4.332492718000286e+42   8.580280159570106e+42  1.6108461126946854e+43 
 58512.885288220554  1368801504975279.8  2673999781197018.0      5447226572226111.0  4303.1853636388305   6475.957645995163    8948.27828308215   4.269602474302423e+42   8.447768346195046e+42  1.5876771486409405e+43 
  58515.68448621554  1359929724843620.8  2653680844249532.5      5410354368783796.0  4303.1853636388305   6475.957645995163    8948.27828308215   4.207835976974859e+42   8.317435563969435e+42   1.564816861477541e+43 
  58518.48368421053  1351137860210899.8  2633551792635753.5      5373832798003792.0  4303.1853636388305   6475.957645995163    8948.27828308215  4.1471671948032246e+42   8.189240171098892e+42  1.5420962409516875e+43 
 58521.282882205516  1342425186550744.8  2613610755485760.5      5337656150365907.0  4303.1853636388305   6475.957645995163    8948.27828308215  4.0792573327280007e+42   8.049467869381554e+42  1.5193158343776452e+43 
 58524.082080200504  1333790242451900.0  2593854899327829.0      5301817972946293.0  4303.1853636388305   6475.957645995163    8948.27828308215  4.0037798187804064e+42   7.916941216963829e+42   1.496842790051534e+43 
  58526.88127819549  1325231363114627.0  2574285154036497.0      5264650084045835.0  4303.1853636388305   6475.957645995163    8948.27828308215   3.929991434174377e+42   7.786986113566089e+42  1.4746770161637425e+43 
  58529.68047619048  1316747688371392.0  2554898041207505.5      5227307671087162.0  4303.1853636388305   6475.957645995163    8948.27828308215  3.8653980018850357e+42   7.660158869870407e+42  1.4528127845394957e+43 
 58532.479674185466  1308338022389765.0  2535691396483686.0      5190254369768663.0  4303.1853636388305   6475.957645995163    8948.27828308215  3.8167226935159724e+42   7.546227518428857e+42  1.4312466071681637e+43 
  58535.27887218045  1300001100015113.5  2516663856792738.0      5153486031192553.0  4303.1853636388305   6475.957645995163    8948.27828308215  3.7709357761932067e+42    7.42745776101065e+42  1.4097403470247885e+43 
  58538.07807017544  1291735898692122.8  2497812936735626.0      5117001262781562.0  4303.1853636388305   6475.957645995163    8948.27828308215   3.725930564331023e+42   7.284425373049108e+42  1.3897005590333892e+43 
  58540.87726817043  1283541383116862.0  2477802962175098.5      5080796443371180.0  4303.1853636388305   6475.957645995163    8948.27828308215  3.6816866185837846e+42    7.14425155739939e+42  1.3696271906756845e+43 
 58543.676466165416  1275416653995498.8  2456353731386812.0      5044869699393539.0  4303.1853636388305   6475.957645995163    8948.27828308215  3.6381871798126676e+42   7.009001745894484e+42  1.3507963015947583e+43 
   58546.4756641604  1267360743631946.8  2435105824408619.0      5009217406606765.0  4303.1853636388305   6475.957645995163    8948.27828308215   3.589755889417866e+42   6.893349943216935e+42  1.3331801245789261e+43 
  58549.27486215539  1259372657222400.2  2414057467355643.0      4970311643183672.0  4303.1853636388305   6475.957645995163    8948.27828308215   3.541878482945497e+42   6.779912013509952e+42  1.3158041816486824e+43 
  58552.07406015038  1251451240141925.8  2393207501893177.5      4930458784571003.0  4303.1853636388305   6475.957645995163    8948.27828308215   3.497278085336261e+42   6.675337186672669e+42  1.2986650698811344e+43 
 58554.873258145366  1243596281342920.2  2372553903683105.0      4890911688657567.0  4303.1853636388305   6475.957645995163    8948.27828308215   3.453421072150972e+42   6.594111787092912e+42  1.2816943043054503e+43 
  58557.67245614035  1235805829803058.0  2352094650193320.5      4851668320407864.0  4303.1853636388305   6475.957645995163    8948.27828308215   3.397210698214815e+42   6.514082251493505e+42  1.2644114679032738e+43 
  58560.47165413534  1228079601457131.2  2331827970484091.5      4812726704043118.0  4303.1853636388305   6475.957645995163    8948.27828308215   3.332560100546272e+42   6.435225168161266e+42  1.2470101404718134e+43 
  58563.27085213033  1220416317923761.5  2314167806082376.5      4774085385442455.0  4303.1853636388305   6475.957645995163    8948.27828308215   3.276442838349507e+42   6.357516178722102e+42   1.229841617325779e+43 
 58566.070050125316  1212815330526896.8  2297054784059640.0      4735742778306397.0  4303.1853636388305   6475.957645995163    8948.27828308215   3.232101798572629e+42   6.280940474003648e+42  1.2129023451925815e+43 
   58568.8692481203  1202686945242625.8  2280091468500807.0      4697697320062525.0  4303.1853636388305   6475.957645995163    8948.27828308215   3.190687869434423e+42   6.205470392205411e+42  1.1961892989602495e+43 
  58571.66844611529  1192384953442792.2  2263276219457528.5      4659946902791849.0  4303.1853636388305   6475.957645995163    8948.27828308215   3.151273257732661e+42   6.131087007489314e+42  1.1796501391396033e+43 
  58574.46764411028  1182949978590970.2  2246607806623068.5      4622490070451076.0  4303.1853636388305   6475.957645995163    8948.27828308215   3.112500132172991e+42   6.053233285628513e+42   1.162422108019331e+43 
 58577.266842105266  1173998891126392.0  2230084511144940.2      4585325192494725.0  4303.1853636388305   6475.957645995163    8948.27828308215   3.074353969310254e+42   5.967586478962994e+42  1.1443312539047868e+43 
  58580.06604010025  1165130095908932.5  2213705016169180.8      4548450018608435.0  4303.1853636388305   6475.957645995163    8948.27828308215  3.0368233111345674e+42   5.883297903891971e+42  1.1261167407336072e+43 
  58582.86523809524  1156342738563191.0  2197467736626200.8      4511862981734863.0  4303.1853636388305   6475.957645995163    8948.27828308215  2.9998941714936956e+42   5.800344299012346e+42  1.1074043973067103e+43 
  58585.66443609023  1147635982662069.2  2181371714586906.5      4475562295538880.0  4303.1853636388305   6475.957645995163    8948.27828308215   2.963555476800098e+42   5.718704217063618e+42   1.088995602474629e+43 
 58588.463634085216  1139008885358110.8  2165415199146315.0      4439547067894058.5  4303.1853636388305   6475.957645995163    8948.27828308215  2.9277943890792144e+42     5.6215729224418e+42  1.0708860785171002e+43 
   58591.2628320802  1130460652945290.2  2149596734817817.5      4403193748588231.5  4303.1853636388305   6475.957645995163    8948.27828308215  2.8876091766562795e+42  5.5217201353895314e+42  1.0530712324119081e+43 
  58594.06203007519  1121183058757702.6  2135573210284577.0      4366918804705943.0  4303.1853636388305   6475.957645995163    8948.27828308215   2.841252711783606e+42   5.423714072447791e+42  1.0355465617404979e+43 
  58596.86122807018  1109962910481491.8  2122618136459868.0      4330961852002003.5  4303.1853636388305   6475.957645995163    8948.27828308215   2.795714741908833e+42  5.3275215612410295e+42  1.0203609877024337e+43 
 58599.660426065166  1098868565487183.6  2109764679994589.5      4295320412503120.0  4303.1853636388305   6475.957645995163    8948.27828308215  2.7509802373257652e+42  5.2331090968212795e+42  1.0066582097254713e+43 
  58602.45962406015  1087898439137174.5  2097011792236428.0      4259992557129866.5  4303.1853636388305   6475.957645995163    8948.27828308215  2.7070344814186156e+42  5.1404434790684364e+42   9.931404611985169e+42 
  58605.25882205514  1077051017000553.6  2084358349514828.5      4224975651776815.0  4303.1853636388305   6475.957645995163    8948.27828308215  2.6638626161254647e+42   5.049491972686795e+42   9.798052515193918e+42 
  58608.05802005013  1066324853167234.0  2071803370613201.0      4190267666936116.5  4303.1853636388305   6475.957645995163    8948.27828308215  2.6214509573486096e+42    4.97686740114722e+42    9.66650138665673e+42 
 58610.857218045116  1056870677357881.2  2059345789945837.8      4155865453204114.5  4303.1853636388305   6475.957645995163    8948.27828308215  2.5797844989143064e+42  4.9081015834675595e+42    9.53672660882728e+42 
   58613.6564160401  1047530026110853.4  2046984678289802.0      4121766413896768.5  4303.1853636388305   6475.957645995163    8948.27828308215   2.538849162081917e+42  4.8404060667774926e+42   9.408704371008258e+42 
  58616.45561403509  1038283459834509.9  2033462830089040.8      4090763098746726.5  4303.1853636388305   6475.957645995163    8948.27828308215  2.4986314470390445e+42   4.773762979912517e+42    9.28241223736125e+42 
  58619.25481203008  1029185046299495.0  2019464565536404.2      4061920013225916.5  4303.1853636388305   6475.957645995163    8948.27828308215  2.4591188837065542e+42   4.708154506648082e+42    9.15782684166368e+42 
 58622.054010025066  1020347128489753.2  2003835940521150.8      4033271454972074.0  4303.1853636388305   6475.957645995163    8948.27828308215  2.4202975877497283e+42  4.6435631030799786e+42   9.034924897329327e+42 
  58624.85320802005  1012737854890209.8  1986826915313845.5      4004816219150946.0  4303.1853636388305   6475.957645995163    8948.27828308215  2.3821546254088817e+42   4.579971698155771e+42   8.913683832060269e+42 
  58627.65240601504  1006674025220516.2  1969994162483185.5      3975722664201602.0  4303.1853636388305   6475.957645995163    8948.27828308215  2.3451129815124473e+42  4.5173633666554555e+42   8.794082069805192e+42 
  58630.45160401003  1000945124881689.1  1953335607674949.5      3946113714216350.5  4303.1853636388305   6475.957645995163    8948.27828308215  2.3099400141513474e+42   4.454517158546118e+42   8.674490335969136e+42 
 58633.250802005015   995297575464143.5  1936849178488300.0      3916710630135974.0  4303.1853636388305   6475.957645995163    8948.27828308215   2.275361741091238e+42   4.384490796312813e+42   8.553574610516967e+42 
           58636.05   989693423259957.0  1920532880980768.5      3887512308366043.5  4303.1853636388305   6475.957645995163    8948.27828308215  2.2413674895780553e+42   4.315605769921398e+42   8.434307603391969e+42 
