"Time (MJD)" B-4369.53 B-4369.53_err UVM2-2245.03 UVM2-2245.03_err UVW1-2681.67 UVW1-2681.67_err UVW2-2083.95 UVW2-2083.95_err g-4671.78 g-4671.78_err i-7457.89 i-7457.89_err r-6141.12 r-6141.12_err u-3520.88 u-3520.88_err z-8922.78 z-8922.78_err "Temp./1e3 (K)" "Temp. Err." "Radius/1e15 (cm)" "Radius Err." "Log10(Bol. Lum)" "Log10(Bol. Err)"
-25.000 -18.585 -0.198 -18.627 -0.176 -18.729 -0.178 -18.942 -0.190 -19.135 -0.166 -19.188 -0.171 -19.295 -0.137 -19.070 -0.203 -18.808 -0.244 14.104 0.712 1.015 0.093 43.463 42.282
-24.600 -18.612 -0.194 -18.656 -0.172 -18.761 -0.175 -18.978 -0.187 -19.179 -0.163 -19.233 -0.168 -19.340 -0.134 -19.118 -0.200 -18.852 -0.240 14.039 0.705 1.043 0.096 43.478 42.296
-24.200 -18.639 -0.190 -18.685 -0.169 -18.792 -0.173 -19.013 -0.185 -19.222 -0.160 -19.279 -0.166 -19.385 -0.132 -19.165 -0.196 -18.895 -0.237 13.974 0.699 1.070 0.099 43.493 42.309
-23.800 -18.666 -0.187 -18.714 -0.166 -18.824 -0.171 -19.047 -0.183 -19.266 -0.159 -19.324 -0.164 -19.429 -0.130 -19.213 -0.194 -18.938 -0.234 13.910 0.694 1.098 0.101 43.508 42.323
-23.400 -18.693 -0.184 -18.742 -0.165 -18.855 -0.170 -19.081 -0.181 -19.309 -0.157 -19.369 -0.162 -19.473 -0.130 -19.260 -0.191 -18.982 -0.233 13.847 0.689 1.127 0.104 43.522 42.336
-23.000 -18.719 -0.182 -18.769 -0.164 -18.886 -0.170 -19.115 -0.180 -19.353 -0.157 -19.414 -0.161 -19.517 -0.130 -19.307 -0.190 -19.025 -0.232 13.783 0.684 1.156 0.107 43.536 42.350
-22.600 -18.744 -0.181 -18.796 -0.163 -18.916 -0.169 -19.147 -0.180 -19.396 -0.156 -19.459 -0.161 -19.560 -0.130 -19.355 -0.188 -19.068 -0.232 13.719 0.680 1.186 0.110 43.550 42.364
-22.200 -18.769 -0.180 -18.823 -0.163 -18.946 -0.169 -19.179 -0.179 -19.439 -0.156 -19.504 -0.160 -19.603 -0.131 -19.402 -0.187 -19.111 -0.232 13.654 0.677 1.216 0.114 43.564 42.378
-21.800 -18.793 -0.179 -18.849 -0.163 -18.976 -0.169 -19.211 -0.179 -19.482 -0.156 -19.548 -0.160 -19.645 -0.132 -19.449 -0.185 -19.154 -0.233 13.588 0.674 1.247 0.117 43.577 42.392
-21.400 -18.817 -0.179 -18.874 -0.163 -19.005 -0.169 -19.241 -0.178 -19.524 -0.156 -19.592 -0.160 -19.687 -0.134 -19.495 -0.184 -19.197 -0.234 13.520 0.671 1.280 0.121 43.591 42.406
-21.000 -18.840 -0.179 -18.899 -0.163 -19.033 -0.170 -19.271 -0.178 -19.566 -0.156 -19.636 -0.160 -19.728 -0.135 -19.542 -0.183 -19.239 -0.235 13.451 0.669 1.312 0.125 43.604 42.420
-20.600 -18.862 -0.178 -18.923 -0.164 -19.061 -0.170 -19.300 -0.178 -19.608 -0.156 -19.680 -0.160 -19.769 -0.136 -19.588 -0.182 -19.281 -0.236 13.381 0.668 1.346 0.130 43.617 42.435
-20.200 -18.883 -0.178 -18.947 -0.164 -19.088 -0.170 -19.328 -0.177 -19.649 -0.156 -19.723 -0.159 -19.810 -0.138 -19.634 -0.181 -19.323 -0.238 13.309 0.667 1.381 0.134 43.630 42.450
-19.800 -18.904 -0.177 -18.969 -0.164 -19.114 -0.170 -19.356 -0.177 -19.690 -0.155 -19.766 -0.159 -19.850 -0.139 -19.679 -0.179 -19.365 -0.239 13.235 0.666 1.416 0.139 43.642 42.465
-19.400 -18.923 -0.177 -18.991 -0.164 -19.139 -0.169 -19.382 -0.176 -19.731 -0.155 -19.808 -0.158 -19.889 -0.139 -19.724 -0.178 -19.406 -0.240 13.161 0.666 1.453 0.144 43.654 42.480
-19.000 -18.942 -0.176 -19.011 -0.163 -19.164 -0.169 -19.407 -0.175 -19.771 -0.154 -19.850 -0.157 -19.928 -0.140 -19.769 -0.176 -19.447 -0.242 13.085 0.666 1.490 0.150 43.666 42.495
-18.600 -18.960 -0.175 -19.031 -0.163 -19.187 -0.168 -19.432 -0.174 -19.810 -0.153 -19.891 -0.155 -19.967 -0.140 -19.813 -0.174 -19.488 -0.243 13.008 0.667 1.528 0.155 43.678 42.510
-18.200 -18.977 -0.174 -19.050 -0.162 -19.210 -0.167 -19.455 -0.172 -19.849 -0.151 -19.932 -0.154 -20.005 -0.141 -19.856 -0.172 -19.529 -0.244 12.930 0.668 1.567 0.162 43.689 42.526
-17.800 -18.992 -0.172 -19.067 -0.160 -19.232 -0.165 -19.477 -0.171 -19.887 -0.149 -19.972 -0.152 -20.042 -0.140 -19.899 -0.169 -19.569 -0.245 12.850 0.670 1.607 0.168 43.701 42.542
-17.400 -19.007 -0.170 -19.084 -0.159 -19.252 -0.163 -19.498 -0.169 -19.925 -0.147 -20.011 -0.149 -20.079 -0.140 -19.941 -0.167 -19.608 -0.246 12.770 0.672 1.648 0.175 43.711 42.557
-17.000 -19.020 -0.168 -19.099 -0.157 -19.272 -0.161 -19.517 -0.166 -19.962 -0.144 -20.050 -0.146 -20.115 -0.140 -19.983 -0.163 -19.647 -0.246 12.688 0.675 1.689 0.182 43.722 42.573
-16.600 -19.032 -0.165 -19.113 -0.154 -19.290 -0.159 -19.536 -0.164 -19.998 -0.141 -20.088 -0.143 -20.151 -0.139 -20.024 -0.160 -19.686 -0.247 12.606 0.678 1.732 0.190 43.732 42.589
-16.200 -19.042 -0.162 -19.125 -0.151 -19.307 -0.156 -19.553 -0.161 -20.033 -0.138 -20.125 -0.140 -20.186 -0.138 -20.064 -0.156 -19.724 -0.247 12.522 0.681 1.774 0.198 43.742 42.604
-15.800 -19.052 -0.159 -19.137 -0.148 -19.323 -0.153 -19.569 -0.158 -20.068 -0.134 -20.161 -0.136 -20.220 -0.137 -20.103 -0.152 -19.762 -0.246 12.438 0.684 1.818 0.207 43.751 42.620
-15.400 -19.060 -0.155 -19.146 -0.145 -19.337 -0.150 -19.583 -0.154 -20.101 -0.130 -20.196 -0.131 -20.254 -0.136 -20.142 -0.148 -19.800 -0.246 12.353 0.688 1.863 0.216 43.760 42.636
-15.000 -19.066 -0.152 -19.154 -0.141 -19.350 -0.146 -19.597 -0.150 -20.134 -0.126 -20.230 -0.126 -20.287 -0.134 -20.180 -0.143 -19.836 -0.245 12.267 0.692 1.908 0.225 43.769 42.651
-14.600 -19.071 -0.147 -19.161 -0.137 -19.362 -0.142 -19.608 -0.146 -20.166 -0.121 -20.264 -0.121 -20.320 -0.133 -20.217 -0.138 -19.873 -0.244 12.179 0.696 1.954 0.235 43.777 42.667
-14.200 -19.074 -0.143 -19.166 -0.132 -19.372 -0.138 -19.619 -0.142 -20.197 -0.116 -20.296 -0.116 -20.351 -0.131 -20.253 -0.133 -19.908 -0.242 12.091 0.700 2.001 0.246 43.785 42.682
-13.800 -19.076 -0.138 -19.169 -0.127 -19.381 -0.133 -19.628 -0.137 -20.227 -0.110 -20.327 -0.110 -20.382 -0.129 -20.288 -0.127 -19.944 -0.240 12.001 0.703 2.049 0.257 43.793 42.697
-13.400 -19.076 -0.133 -19.171 -0.122 -19.389 -0.129 -19.635 -0.133 -20.256 -0.105 -20.357 -0.104 -20.412 -0.127 -20.322 -0.121 -19.978 -0.238 11.909 0.707 2.099 0.268 43.800 42.712
-13.000 -19.075 -0.127 -19.171 -0.117 -19.394 -0.124 -19.641 -0.128 -20.284 -0.099 -20.386 -0.098 -20.441 -0.124 -20.355 -0.116 -20.012 -0.235 11.816 0.710 2.149 0.279 43.807 42.726
-12.600 -19.072 -0.122 -19.168 -0.111 -19.398 -0.119 -19.646 -0.123 -20.311 -0.093 -20.414 -0.092 -20.470 -0.122 -20.386 -0.109 -20.045 -0.233 11.721 0.712 2.201 0.291 43.814 42.739
-12.200 -19.067 -0.116 -19.164 -0.106 -19.401 -0.114 -19.650 -0.117 -20.336 -0.087 -20.440 -0.085 -20.497 -0.119 -20.417 -0.103 -20.078 -0.229 11.624 0.713 2.255 0.303 43.820 42.752
-11.800 -19.060 -0.110 -19.159 -0.100 -19.402 -0.108 -19.652 -0.112 -20.360 -0.080 -20.465 -0.078 -20.524 -0.117 -20.447 -0.097 -20.110 -0.226 11.525 0.713 2.310 0.315 43.827 42.764
-11.400 -19.052 -0.105 -19.151 -0.094 -19.401 -0.103 -19.653 -0.107 -20.383 -0.074 -20.489 -0.072 -20.550 -0.114 -20.475 -0.091 -20.142 -0.222 11.424 0.712 2.368 0.326 43.833 42.775
-11.000 -19.042 -0.099 -19.141 -0.088 -19.398 -0.098 -19.653 -0.101 -20.404 -0.069 -20.511 -0.065 -20.575 -0.111 -20.502 -0.085 -20.172 -0.218 11.321 0.710 2.427 0.338 43.839 42.785
-10.600 -19.030 -0.093 -19.129 -0.083 -19.393 -0.093 -19.651 -0.096 -20.424 -0.063 -20.532 -0.059 -20.599 -0.109 -20.528 -0.079 -20.202 -0.213 11.217 0.707 2.488 0.350 43.844 42.794
-10.200 -19.016 -0.088 -19.115 -0.077 -19.386 -0.088 -19.649 -0.091 -20.442 -0.058 -20.552 -0.053 -20.622 -0.106 -20.553 -0.074 -20.232 -0.209 11.113 0.703 2.551 0.362 43.850 42.802
-9.800 -19.001 -0.083 -19.099 -0.072 -19.378 -0.084 -19.646 -0.086 -20.458 -0.054 -20.570 -0.048 -20.644 -0.103 -20.576 -0.069 -20.260 -0.204 11.011 0.700 2.612 0.374 43.854 42.810
-9.400 -18.984 -0.078 -19.082 -0.068 -19.367 -0.080 -19.642 -0.081 -20.472 -0.051 -20.587 -0.044 -20.665 -0.101 -20.598 -0.065 -20.288 -0.198 10.915 0.698 2.671 0.387 43.858 42.820
-9.000 -18.966 -0.074 -19.063 -0.064 -19.354 -0.077 -19.637 -0.077 -20.484 -0.049 -20.602 -0.041 -20.685 -0.099 -20.618 -0.062 -20.315 -0.193 10.829 0.699 2.721 0.402 43.861 42.834
-8.600 -18.945 -0.070 -19.042 -0.061 -19.338 -0.074 -19.632 -0.074 -20.494 -0.049 -20.617 -0.040 -20.704 -0.097 -20.637 -0.060 -20.342 -0.187 10.773 0.707 2.749 0.418 43.860 42.851
-8.200 -18.924 -0.068 -19.020 -0.059 -19.320 -0.072 -19.627 -0.070 -20.502 -0.050 -20.630 -0.041 -20.723 -0.095 -20.655 -0.059 -20.367 -0.181 10.718 0.718 2.771 0.438 43.859 42.872
-7.800 -18.901 -0.066 -18.996 -0.057 -19.300 -0.071 -19.621 -0.068 -20.508 -0.052 -20.642 -0.042 -20.740 -0.093 -20.671 -0.059 -20.392 -0.175 10.670 0.733 2.785 0.459 43.855 42.894
-7.400 -18.877 -0.065 -18.972 -0.056 -19.278 -0.070 -19.614 -0.066 -20.512 -0.055 -20.653 -0.044 -20.756 -0.092 -20.686 -0.059 -20.417 -0.169 10.624 0.749 2.794 0.482 43.850 42.914
-7.000 -18.853 -0.064 -18.948 -0.056 -19.255 -0.070 -19.607 -0.064 -20.514 -0.058 -20.662 -0.047 -20.771 -0.090 -20.700 -0.060 -20.440 -0.162 10.575 0.765 2.804 0.503 43.845 42.931
-6.600 -18.828 -0.064 -18.922 -0.056 -19.229 -0.071 -19.599 -0.063 -20.515 -0.060 -20.670 -0.049 -20.786 -0.089 -20.712 -0.060 -20.462 -0.155 10.517 0.779 2.819 0.523 43.841 42.944
-6.200 -18.803 -0.064 -18.897 -0.057 -19.202 -0.071 -19.590 -0.063 -20.515 -0.063 -20.677 -0.051 -20.799 -0.088 -20.724 -0.061 -20.484 -0.149 10.448 0.788 2.843 0.542 43.836 42.956
-5.800 -18.778 -0.065 -18.871 -0.058 -19.174 -0.072 -19.581 -0.062 -20.514 -0.066 -20.683 -0.052 -20.811 -0.087 -20.735 -0.061 -20.505 -0.142 10.367 0.794 2.877 0.561 43.833 42.964
-5.400 -18.753 -0.066 -18.846 -0.059 -19.146 -0.074 -19.571 -0.062 -20.511 -0.068 -20.687 -0.054 -20.823 -0.086 -20.745 -0.061 -20.526 -0.135 10.272 0.794 2.923 0.578 43.831 42.971
-5.000 -18.728 -0.067 -18.820 -0.060 -19.116 -0.075 -19.560 -0.062 -20.507 -0.071 -20.691 -0.054 -20.833 -0.086 -20.754 -0.061 -20.545 -0.128 10.165 0.791 2.981 0.595 43.830 42.977
-4.600 -18.703 -0.067 -18.794 -0.061 -19.087 -0.077 -19.548 -0.062 -20.503 -0.072 -20.693 -0.055 -20.843 -0.085 -20.762 -0.060 -20.564 -0.121 10.049 0.784 3.050 0.611 43.830 42.981
-4.200 -18.678 -0.068 -18.768 -0.062 -19.057 -0.078 -19.536 -0.062 -20.498 -0.074 -20.694 -0.054 -20.851 -0.084 -20.770 -0.059 -20.581 -0.114 9.924 0.774 3.129 0.626 43.830 42.984
-3.800 -18.654 -0.069 -18.743 -0.063 -19.028 -0.079 -19.523 -0.063 -20.491 -0.075 -20.695 -0.054 -20.858 -0.083 -20.777 -0.058 -20.598 -0.108 9.792 0.761 3.219 0.641 43.832 42.985
-3.400 -18.629 -0.070 -18.718 -0.064 -18.999 -0.081 -19.510 -0.063 -20.485 -0.076 -20.694 -0.053 -20.865 -0.082 -20.783 -0.056 -20.614 -0.101 9.655 0.744 3.319 0.653 43.834 42.984
-3.000 -18.605 -0.072 -18.694 -0.066 -18.970 -0.082 -19.496 -0.063 -20.477 -0.076 -20.693 -0.052 -20.870 -0.082 -20.789 -0.055 -20.630 -0.095 9.516 0.726 3.428 0.664 43.837 42.981
-2.600 -18.582 -0.073 -18.670 -0.067 -18.942 -0.084 -19.482 -0.064 -20.469 -0.076 -20.691 -0.050 -20.875 -0.081 -20.795 -0.053 -20.644 -0.089 9.378 0.705 3.544 0.671 43.840 42.976
-2.200 -18.558 -0.074 -18.646 -0.068 -18.914 -0.085 -19.467 -0.064 -20.460 -0.076 -20.688 -0.048 -20.878 -0.081 -20.800 -0.051 -20.658 -0.084 9.182 0.675 3.726 0.684 43.847 42.970
-1.800 -18.534 -0.075 -18.622 -0.069 -18.886 -0.086 -19.452 -0.065 -20.451 -0.076 -20.685 -0.046 -20.881 -0.080 -20.805 -0.049 -20.670 -0.078 9.095 0.658 3.803 0.680 43.848 42.959
-1.400 -18.511 -0.076 -18.599 -0.070 -18.859 -0.087 -19.436 -0.065 -20.441 -0.076 -20.681 -0.044 -20.883 -0.079 -20.810 -0.046 -20.682 -0.074 8.943 0.634 3.956 0.684 43.853 42.948
-1.000 -18.487 -0.078 -18.575 -0.071 -18.832 -0.088 -19.419 -0.066 -20.431 -0.075 -20.676 -0.041 -20.884 -0.079 -20.814 -0.044 -20.693 -0.069 8.865 0.618 4.031 0.678 43.854 42.935
-0.600 -18.463 -0.079 -18.551 -0.072 -18.805 -0.090 -19.402 -0.066 -20.420 -0.075 -20.670 -0.039 -20.885 -0.078 -20.818 -0.042 -20.703 -0.066 8.738 0.600 4.164 0.680 43.858 42.922
-0.200 -18.439 -0.080 -18.527 -0.073 -18.778 -0.091 -19.384 -0.067 -20.409 -0.074 -20.664 -0.037 -20.884 -0.077 -20.822 -0.041 -20.712 -0.063 8.673 0.589 4.228 0.678 43.858 42.911
0.200 -18.413 -0.082 -18.503 -0.074 -18.752 -0.092 -19.366 -0.068 -20.397 -0.074 -20.658 -0.036 -20.883 -0.076 -20.825 -0.041 -20.720 -0.062 8.597 0.581 4.302 0.684 43.857 42.904
0.600 -18.388 -0.084 -18.478 -0.076 -18.725 -0.093 -19.347 -0.069 -20.385 -0.073 -20.651 -0.036 -20.882 -0.075 -20.828 -0.042 -20.728 -0.062 8.524 0.577 4.368 0.697 43.856 42.903
1.000 -18.361 -0.087 -18.452 -0.078 -18.699 -0.095 -19.328 -0.070 -20.373 -0.073 -20.643 -0.037 -20.879 -0.075 -20.831 -0.043 -20.734 -0.062 8.457 0.576 4.425 0.716 43.854 42.907
1.400 -18.334 -0.089 -18.426 -0.080 -18.672 -0.097 -19.307 -0.072 -20.360 -0.073 -20.635 -0.039 -20.877 -0.074 -20.833 -0.046 -20.739 -0.064 8.394 0.578 4.476 0.738 43.851 42.913
1.800 -18.306 -0.092 -18.399 -0.083 -18.645 -0.099 -19.287 -0.074 -20.347 -0.072 -20.627 -0.041 -20.873 -0.074 -20.836 -0.050 -20.744 -0.066 8.334 0.580 4.525 0.762 43.847 42.919
2.200 -18.277 -0.096 -18.371 -0.085 -18.619 -0.101 -19.265 -0.076 -20.333 -0.072 -20.617 -0.043 -20.869 -0.074 -20.837 -0.053 -20.748 -0.068 8.274 0.581 4.573 0.784 43.844 42.925
2.600 -18.247 -0.099 -18.343 -0.089 -18.591 -0.103 -19.243 -0.079 -20.319 -0.071 -20.608 -0.044 -20.865 -0.074 -20.839 -0.057 -20.751 -0.071 8.214 0.581 4.624 0.806 43.841 42.928
3.000 -18.217 -0.104 -18.314 -0.092 -18.564 -0.106 -19.221 -0.081 -20.304 -0.070 -20.597 -0.046 -20.860 -0.074 -20.840 -0.061 -20.753 -0.074 8.152 0.579 4.680 0.825 43.838 42.930
3.400 -18.185 -0.108 -18.284 -0.096 -18.536 -0.109 -19.198 -0.084 -20.288 -0.070 -20.586 -0.047 -20.855 -0.074 -20.841 -0.064 -20.755 -0.076 8.089 0.576 4.740 0.841 43.836 42.930
3.800 -18.153 -0.113 -18.253 -0.101 -18.508 -0.113 -19.175 -0.088 -20.272 -0.069 -20.575 -0.049 -20.849 -0.075 -20.841 -0.068 -20.756 -0.079 8.024 0.571 4.804 0.855 43.834 42.927
4.200 -18.120 -0.119 -18.222 -0.106 -18.479 -0.116 -19.152 -0.091 -20.256 -0.069 -20.562 -0.050 -20.843 -0.075 -20.840 -0.071 -20.756 -0.081 7.959 0.564 4.871 0.866 43.831 42.922
4.600 -18.085 -0.125 -18.189 -0.112 -18.449 -0.121 -19.128 -0.095 -20.239 -0.068 -20.549 -0.051 -20.837 -0.076 -20.839 -0.075 -20.756 -0.084 7.894 0.556 4.940 0.875 43.829 42.916
5.000 -18.050 -0.132 -18.156 -0.118 -18.419 -0.125 -19.104 -0.099 -20.221 -0.068 -20.536 -0.052 -20.830 -0.077 -20.838 -0.078 -20.756 -0.086 7.830 0.547 5.009 0.880 43.827 42.908
5.400 -18.014 -0.139 -18.121 -0.125 -18.389 -0.130 -19.081 -0.104 -20.203 -0.067 -20.521 -0.053 -20.823 -0.078 -20.835 -0.081 -20.755 -0.088 7.767 0.536 5.076 0.883 43.825 42.899
5.800 -17.978 -0.146 -18.086 -0.132 -18.357 -0.136 -19.056 -0.108 -20.184 -0.067 -20.506 -0.055 -20.816 -0.079 -20.833 -0.084 -20.753 -0.089 7.707 0.525 5.142 0.882 43.823 42.888
6.200 -17.940 -0.154 -18.050 -0.139 -18.325 -0.141 -19.032 -0.113 -20.164 -0.068 -20.490 -0.056 -20.808 -0.079 -20.830 -0.086 -20.751 -0.090 7.649 0.512 5.204 0.878 43.820 42.876
6.600 -17.901 -0.162 -18.012 -0.147 -18.293 -0.147 -19.008 -0.118 -20.144 -0.068 -20.473 -0.058 -20.801 -0.080 -20.826 -0.089 -20.749 -0.091 7.592 0.500 5.263 0.871 43.817 42.862
7.000 -17.862 -0.171 -17.975 -0.155 -18.260 -0.154 -18.983 -0.124 -20.123 -0.069 -20.455 -0.059 -20.792 -0.080 -20.822 -0.090 -20.746 -0.092 7.538 0.487 5.320 0.862 43.814 42.848
7.400 -17.822 -0.180 -17.936 -0.164 -18.226 -0.160 -18.958 -0.129 -20.101 -0.069 -20.437 -0.061 -20.784 -0.081 -20.817 -0.092 -20.743 -0.092 7.484 0.473 5.374 0.851 43.810 42.833
7.800 -17.781 -0.189 -17.897 -0.172 -18.192 -0.167 -18.932 -0.134 -20.079 -0.070 -20.418 -0.063 -20.775 -0.081 -20.812 -0.093 -20.740 -0.092 7.432 0.460 5.426 0.838 43.806 42.817
8.200 -17.739 -0.198 -17.857 -0.181 -18.157 -0.174 -18.906 -0.140 -20.055 -0.071 -20.398 -0.065 -20.766 -0.081 -20.806 -0.093 -20.736 -0.091 7.381 0.446 5.476 0.824 43.802 42.800
8.600 -17.697 -0.207 -17.816 -0.190 -18.122 -0.181 -18.880 -0.145 -20.032 -0.072 -20.377 -0.066 -20.757 -0.080 -20.800 -0.094 -20.733 -0.090 7.332 0.432 5.524 0.808 43.798 42.782
9.000 -17.654 -0.216 -17.774 -0.199 -18.086 -0.189 -18.854 -0.151 -20.008 -0.073 -20.356 -0.067 -20.747 -0.080 -20.793 -0.094 -20.728 -0.089 7.284 0.419 5.570 0.792 43.794 42.763
9.400 -17.610 -0.225 -17.732 -0.208 -18.049 -0.196 -18.827 -0.156 -19.983 -0.074 -20.334 -0.068 -20.737 -0.080 -20.786 -0.093 -20.724 -0.088 7.237 0.405 5.614 0.774 43.790 42.744
9.800 -17.565 -0.235 -17.689 -0.218 -18.012 -0.204 -18.800 -0.161 -19.957 -0.074 -20.312 -0.068 -20.727 -0.079 -20.778 -0.092 -20.719 -0.086 7.192 0.392 5.656 0.756 43.785 42.724
10.200 -17.520 -0.244 -17.646 -0.227 -17.975 -0.211 -18.772 -0.167 -19.931 -0.075 -20.289 -0.069 -20.717 -0.079 -20.770 -0.091 -20.714 -0.084 7.148 0.380 5.695 0.738 43.781 42.703
10.600 -17.475 -0.253 -17.602 -0.236 -17.937 -0.219 -18.744 -0.172 -19.905 -0.075 -20.266 -0.068 -20.706 -0.079 -20.761 -0.089 -20.709 -0.082 7.106 0.367 5.732 0.721 43.776 42.683
11.000 -17.428 -0.263 -17.558 -0.245 -17.898 -0.226 -18.716 -0.177 -19.878 -0.076 -20.242 -0.067 -20.696 -0.080 -20.752 -0.088 -20.704 -0.080 7.065 0.355 5.766 0.703 43.771 42.662
11.400 -17.382 -0.272 -17.513 -0.254 -17.859 -0.234 -18.687 -0.182 -19.851 -0.076 -20.218 -0.066 -20.685 -0.081 -20.742 -0.085 -20.699 -0.078 7.025 0.344 5.799 0.687 43.766 42.642
11.800 -17.334 -0.281 -17.467 -0.263 -17.820 -0.242 -18.657 -0.187 -19.823 -0.076 -20.193 -0.065 -20.673 -0.082 -20.732 -0.083 -20.694 -0.077 6.985 0.333 5.830 0.671 43.761 42.622
12.200 -17.287 -0.290 -17.421 -0.272 -17.780 -0.249 -18.628 -0.192 -19.795 -0.076 -20.168 -0.063 -20.662 -0.083 -20.721 -0.081 -20.688 -0.075 6.946 0.323 5.862 0.658 43.756 42.603
12.600 -17.238 -0.299 -17.375 -0.281 -17.740 -0.257 -18.598 -0.197 -19.767 -0.076 -20.143 -0.060 -20.650 -0.084 -20.710 -0.078 -20.683 -0.075 6.907 0.313 5.893 0.646 43.751 42.586
13.000 -17.190 -0.308 -17.328 -0.290 -17.699 -0.264 -18.567 -0.202 -19.738 -0.075 -20.117 -0.058 -20.638 -0.086 -20.698 -0.076 -20.677 -0.074 6.869 0.304 5.924 0.636 43.746 42.569
13.400 -17.141 -0.317 -17.280 -0.299 -17.658 -0.272 -18.536 -0.206 -19.709 -0.075 -20.090 -0.055 -20.625 -0.088 -20.686 -0.073 -20.671 -0.074 6.832 0.295 5.955 0.627 43.741 42.553
13.800 -17.091 -0.326 -17.233 -0.307 -17.616 -0.279 -18.505 -0.211 -19.680 -0.076 -20.063 -0.052 -20.612 -0.090 -20.673 -0.071 -20.666 -0.074 6.795 0.287 5.983 0.619 43.736 42.538
14.200 -17.041 -0.334 -17.185 -0.316 -17.575 -0.286 -18.473 -0.215 -19.651 -0.076 -20.036 -0.050 -20.599 -0.092 -20.660 -0.070 -20.660 -0.074 6.760 0.280 6.010 0.611 43.730 42.524
14.600 -16.991 -0.343 -17.136 -0.324 -17.532 -0.293 -18.441 -0.220 -19.621 -0.077 -20.008 -0.048 -20.585 -0.094 -20.647 -0.068 -20.653 -0.074 6.724 0.272 6.036 0.604 43.725 42.511
15.000 -16.940 -0.351 -17.087 -0.332 -17.490 -0.300 -18.409 -0.224 -19.591 -0.078 -19.979 -0.046 -20.571 -0.096 -20.633 -0.067 -20.647 -0.075 6.688 0.265 6.061 0.598 43.719 42.499
15.400 -16.889 -0.359 -17.038 -0.340 -17.447 -0.307 -18.376 -0.228 -19.560 -0.080 -19.949 -0.045 -20.556 -0.099 -20.618 -0.067 -20.640 -0.075 6.649 0.259 6.089 0.592 43.713 42.487
15.800 -16.838 -0.367 -16.989 -0.347 -17.404 -0.313 -18.343 -0.232 -19.529 -0.081 -19.918 -0.046 -20.541 -0.101 -20.604 -0.068 -20.633 -0.075 6.606 0.253 6.120 0.588 43.706 42.478
16.200 -16.786 -0.375 -16.939 -0.355 -17.361 -0.320 -18.310 -0.236 -19.498 -0.083 -19.886 -0.048 -20.525 -0.103 -20.589 -0.069 -20.626 -0.075 6.559 0.248 6.157 0.585 43.699 42.470
16.600 -16.734 -0.382 -16.889 -0.362 -17.317 -0.326 -18.276 -0.240 -19.465 -0.085 -19.853 -0.050 -20.508 -0.105 -20.574 -0.071 -20.619 -0.075 6.509 0.243 6.198 0.584 43.691 42.464
17.000 -16.682 -0.389 -16.839 -0.370 -17.273 -0.332 -18.242 -0.243 -19.432 -0.087 -19.820 -0.054 -20.491 -0.107 -20.558 -0.074 -20.611 -0.074 6.458 0.239 6.242 0.582 43.684 42.457
17.400 -16.630 -0.396 -16.789 -0.376 -17.229 -0.338 -18.207 -0.247 -19.398 -0.089 -19.785 -0.058 -20.473 -0.109 -20.543 -0.077 -20.602 -0.073 6.407 0.234 6.287 0.580 43.676 42.450
17.800 -16.577 -0.403 -16.738 -0.383 -17.185 -0.344 -18.172 -0.250 -19.364 -0.091 -19.750 -0.062 -20.455 -0.111 -20.527 -0.080 -20.594 -0.072 6.356 0.230 6.332 0.577 43.669 42.441
18.200 -16.525 -0.410 -16.687 -0.390 -17.140 -0.350 -18.137 -0.254 -19.329 -0.093 -19.713 -0.066 -20.436 -0.113 -20.510 -0.083 -20.584 -0.070 6.306 0.225 6.377 0.572 43.661 42.430
18.600 -16.472 -0.416 -16.636 -0.396 -17.096 -0.355 -18.102 -0.257 -19.293 -0.095 -19.676 -0.070 -20.416 -0.114 -20.493 -0.086 -20.575 -0.068 6.257 0.220 6.420 0.564 43.653 42.417
19.000 -16.419 -0.422 -16.585 -0.402 -17.051 -0.360 -18.066 -0.260 -19.257 -0.097 -19.638 -0.074 -20.395 -0.116 -20.476 -0.088 -20.564 -0.065 6.210 0.214 6.461 0.554 43.646 42.401
19.400 -16.366 -0.428 -16.534 -0.408 -17.006 -0.365 -18.031 -0.263 -19.220 -0.098 -19.600 -0.077 -20.374 -0.117 -20.459 -0.091 -20.553 -0.062 6.163 0.208 6.500 0.540 43.638 42.381
19.800 -16.312 -0.434 -16.483 -0.413 -16.961 -0.370 -17.994 -0.265 -19.182 -0.100 -19.561 -0.081 -20.352 -0.119 -20.441 -0.093 -20.542 -0.058 6.118 0.201 6.538 0.523 43.630 42.356
20.200 -16.259 -0.439 -16.431 -0.419 -16.915 -0.375 -17.958 -0.268 -19.144 -0.101 -19.521 -0.084 -20.329 -0.120 -20.423 -0.096 -20.530 -0.054 6.074 0.193 6.573 0.503 43.622 42.326
20.600 -16.205 -0.445 -16.380 -0.424 -16.870 -0.379 -17.922 -0.271 -19.105 -0.103 -19.481 -0.086 -20.305 -0.121 -20.405 -0.098 -20.517 -0.049 6.031 0.186 6.607 0.479 43.614 42.291
21.000 -16.152 -0.449 -16.328 -0.428 -16.825 -0.383 -17.885 -0.273 -19.066 -0.104 -19.440 -0.089 -20.280 -0.123 -20.386 -0.099 -20.503 -0.044 5.988 0.178 6.638 0.452 43.606 42.249
21.400 -16.098 -0.454 -16.277 -0.433 -16.779 -0.387 -17.849 -0.275 -19.026 -0.105 -19.399 -0.091 -20.255 -0.124 -20.367 -0.101 -20.488 -0.039 5.947 0.170 6.668 0.425 43.598 42.201
21.800 -16.045 -0.459 -16.225 -0.437 -16.734 -0.391 -17.812 -0.278 -18.986 -0.105 -19.357 -0.093 -20.229 -0.125 -20.347 -0.102 -20.473 -0.034 5.906 0.164 6.695 0.401 43.590 42.151
22.200 -15.991 -0.463 -16.173 -0.441 -16.689 -0.395 -17.775 -0.280 -18.945 -0.106 -19.315 -0.095 -20.203 -0.127 -20.327 -0.103 -20.457 -0.031 5.866 0.159 6.721 0.382 43.581 42.105
22.600 -15.937 -0.466 -16.122 -0.445 -16.643 -0.398 -17.738 -0.282 -18.904 -0.107 -19.272 -0.096 -20.175 -0.129 -20.307 -0.104 -20.440 -0.029 5.828 0.156 6.744 0.375 43.573 42.077
23.000 -15.884 -0.470 -16.070 -0.449 -16.598 -0.401 -17.702 -0.283 -18.863 -0.108 -19.230 -0.097 -20.147 -0.130 -20.287 -0.104 -20.422 -0.030 5.789 0.155 6.764 0.382 43.564 42.080
23.400 -15.830 -0.473 -16.019 -0.452 -16.553 -0.404 -17.665 -0.285 -18.821 -0.108 -19.187 -0.098 -20.119 -0.132 -20.266 -0.104 -20.403 -0.034 5.747 0.157 6.796 0.404 43.555 42.109
23.800 -15.777 -0.476 -15.967 -0.455 -16.508 -0.406 -17.628 -0.287 -18.779 -0.109 -19.143 -0.099 -20.090 -0.133 -20.245 -0.105 -20.384 -0.039 5.710 0.160 6.813 0.435 43.546 42.151
24.200 -15.723 -0.479 -15.916 -0.457 -16.463 -0.409 -17.592 -0.288 -18.737 -0.110 -19.100 -0.100 -20.060 -0.135 -20.224 -0.105 -20.364 -0.046 5.674 0.165 6.829 0.472 43.537 42.195
24.600 -15.670 -0.482 -15.864 -0.460 -16.418 -0.411 -17.555 -0.290 -18.695 -0.110 -19.056 -0.100 -20.031 -0.137 -20.203 -0.105 -20.344 -0.053 5.639 0.170 6.845 0.512 43.528 42.236
25.000 -15.617 -0.484 -15.813 -0.462 -16.373 -0.413 -17.519 -0.291 -18.653 -0.111 -19.012 -0.100 -20.000 -0.138 -20.181 -0.104 -20.323 -0.060 5.604 0.176 6.860 0.552 43.519 42.272
25.400 -15.564 -0.486 -15.762 -0.464 -16.329 -0.414 -17.483 -0.292 -18.611 -0.111 -18.969 -0.101 -19.970 -0.140 -20.160 -0.104 -20.303 -0.067 5.569 0.181 6.875 0.592 43.511 42.303
25.800 -15.511 -0.487 -15.712 -0.465 -16.284 -0.415 -17.448 -0.293 -18.570 -0.112 -18.925 -0.101 -19.939 -0.141 -20.138 -0.104 -20.282 -0.075 5.535 0.187 6.891 0.631 43.502 42.330
26.200 -15.458 -0.489 -15.661 -0.466 -16.240 -0.416 -17.412 -0.294 -18.528 -0.113 -18.881 -0.101 -19.908 -0.143 -20.116 -0.103 -20.262 -0.083 5.500 0.192 6.908 0.668 43.493 42.352
26.600 -15.406 -0.490 -15.610 -0.467 -16.196 -0.417 -17.377 -0.295 -18.487 -0.113 -18.838 -0.102 -19.876 -0.144 -20.094 -0.103 -20.242 -0.091 5.467 0.197 6.926 0.704 43.485 42.371
27.000 -15.353 -0.490 -15.560 -0.468 -16.152 -0.418 -17.343 -0.296 -18.447 -0.114 -18.794 -0.102 -19.845 -0.145 -20.072 -0.102 -20.223 -0.098 5.434 0.201 6.943 0.738 43.476 42.388
27.400 -15.301 -0.491 -15.510 -0.468 -16.109 -0.418 -17.308 -0.297 -18.406 -0.115 -18.751 -0.102 -19.814 -0.147 -20.050 -0.101 -20.203 -0.106 5.401 0.205 6.960 0.769 43.468 42.401
27.800 -15.249 -0.491 -15.460 -0.468 -16.066 -0.418 -17.275 -0.297 -18.367 -0.116 -18.708 -0.103 -19.782 -0.148 -20.029 -0.100 -20.185 -0.114 5.370 0.208 6.977 0.798 43.460 42.411
28.200 -15.198 -0.491 -15.411 -0.468 -16.023 -0.418 -17.242 -0.297 -18.328 -0.117 -18.666 -0.103 -19.751 -0.149 -20.007 -0.099 -20.166 -0.121 5.339 0.211 6.993 0.824 43.452 42.420
28.600 -15.146 -0.490 -15.361 -0.468 -15.981 -0.417 -17.209 -0.298 -18.290 -0.118 -18.624 -0.103 -19.720 -0.150 -19.985 -0.097 -20.148 -0.129 5.309 0.214 7.008 0.847 43.444 42.426
29.000 -15.095 -0.490 -15.313 -0.467 -15.938 -0.417 -17.177 -0.298 -18.252 -0.118 -18.583 -0.103 -19.689 -0.151 -19.964 -0.096 -20.130 -0.136 5.280 0.216 7.023 0.868 43.436 42.430
29.400 -15.045 -0.489 -15.264 -0.466 -15.897 -0.416 -17.145 -0.298 -18.215 -0.119 -18.542 -0.103 -19.658 -0.152 -19.943 -0.094 -20.112 -0.143 5.252 0.218 7.036 0.886 43.429 42.433
29.800 -14.994 -0.487 -15.215 -0.464 -15.855 -0.414 -17.115 -0.298 -18.179 -0.120 -18.503 -0.103 -19.628 -0.153 -19.922 -0.092 -20.095 -0.149 5.224 0.219 7.049 0.901 43.421 42.434
30.200 -14.944 -0.486 -15.167 -0.463 -15.814 -0.413 -17.084 -0.298 -18.145 -0.120 -18.464 -0.103 -19.598 -0.154 -19.901 -0.090 -20.077 -0.156 5.198 0.220 7.060 0.914 43.414 42.433
30.600 -14.894 -0.484 -15.120 -0.461 -15.774 -0.411 -17.055 -0.297 -18.111 -0.121 -18.427 -0.103 -19.568 -0.155 -19.881 -0.088 -20.061 -0.162 5.174 0.220 7.069 0.925 43.407 42.432
31.000 -14.845 -0.482 -15.073 -0.459 -15.734 -0.409 -17.026 -0.297 -18.078 -0.121 -18.390 -0.102 -19.539 -0.156 -19.860 -0.086 -20.044 -0.168 5.150 0.220 7.075 0.934 43.400 42.430
31.400 -14.796 -0.480 -15.026 -0.456 -15.694 -0.407 -16.998 -0.296 -18.046 -0.122 -18.355 -0.102 -19.511 -0.157 -19.841 -0.084 -20.028 -0.173 5.128 0.221 7.078 0.942 43.393 42.427
31.800 -14.747 -0.477 -14.979 -0.453 -15.655 -0.404 -16.971 -0.295 -18.016 -0.122 -18.321 -0.102 -19.483 -0.158 -19.821 -0.083 -20.012 -0.178 5.108 0.221 7.076 0.950 43.386 42.425
32.200 -14.699 -0.474 -14.933 -0.450 -15.616 -0.401 -16.945 -0.294 -17.987 -0.123 -18.289 -0.102 -19.455 -0.160 -19.803 -0.082 -19.997 -0.183 5.091 0.222 7.069 0.959 43.379 42.424
32.600 -14.651 -0.471 -14.887 -0.447 -15.578 -0.398 -16.919 -0.293 -17.959 -0.124 -18.258 -0.102 -19.429 -0.161 -19.784 -0.082 -19.982 -0.187 5.075 0.224 7.054 0.970 43.372 42.424
33.000 -14.603 -0.468 -14.842 -0.443 -15.540 -0.395 -16.894 -0.292 -17.932 -0.125 -18.228 -0.102 -19.402 -0.163 -19.766 -0.082 -19.967 -0.192 5.063 0.227 7.030 0.984 43.364 42.427
33.400 -14.556 -0.464 -14.797 -0.439 -15.502 -0.391 -16.870 -0.291 -17.908 -0.125 -18.200 -0.103 -19.377 -0.166 -19.749 -0.083 -19.952 -0.195 5.054 0.230 6.996 1.002 43.357 42.431
33.800 -14.510 -0.460 -14.753 -0.435 -15.466 -0.387 -16.847 -0.289 -17.884 -0.126 -18.174 -0.103 -19.353 -0.168 -19.732 -0.086 -19.938 -0.199 5.048 0.235 6.951 1.022 43.349 42.438
34.200 -14.464 -0.456 -14.709 -0.431 -15.429 -0.383 -16.825 -0.287 -17.862 -0.128 -18.150 -0.105 -19.329 -0.171 -19.715 -0.088 -19.924 -0.202 5.046 0.240 6.894 1.044 43.342 42.446
34.600 -14.418 -0.452 -14.666 -0.427 -15.394 -0.379 -16.803 -0.285 -17.842 -0.129 -18.128 -0.106 -19.306 -0.174 -19.699 -0.091 -19.911 -0.204 5.048 0.246 6.825 1.066 43.333 42.454
35.000 -14.373 -0.447 -14.623 -0.422 -15.359 -0.374 -16.783 -0.283 -17.823 -0.130 -18.107 -0.107 -19.283 -0.177 -19.684 -0.095 -19.897 -0.206 5.053 0.253 6.746 1.087 43.325 42.461
35.400 -14.329 -0.443 -14.581 -0.417 -15.324 -0.370 -16.763 -0.281 -17.806 -0.131 -18.088 -0.109 -19.262 -0.179 -19.669 -0.099 -19.884 -0.208 5.062 0.260 6.656 1.105 43.316 42.468
35.800 -14.285 -0.438 -14.539 -0.412 -15.290 -0.365 -16.744 -0.279 -17.791 -0.133 -18.071 -0.111 -19.241 -0.182 -19.655 -0.103 -19.871 -0.209 5.074 0.267 6.557 1.120 43.308 42.474
36.200 -14.241 -0.433 -14.498 -0.406 -15.256 -0.360 -16.726 -0.276 -17.777 -0.134 -18.056 -0.113 -19.221 -0.185 -19.641 -0.106 -19.859 -0.210 5.091 0.274 6.448 1.130 43.299 42.477
36.600 -14.199 -0.428 -14.457 -0.401 -15.223 -0.354 -16.709 -0.274 -17.765 -0.135 -18.043 -0.115 -19.202 -0.188 -19.627 -0.110 -19.847 -0.211 5.111 0.280 6.330 1.134 43.290 42.479
37.000 -14.156 -0.422 -14.417 -0.395 -15.191 -0.349 -16.693 -0.271 -17.754 -0.137 -18.032 -0.117 -19.183 -0.191 -19.614 -0.114 -19.835 -0.211 5.134 0.286 6.206 1.133 43.280 42.479
37.400 -14.115 -0.417 -14.377 -0.389 -15.159 -0.343 -16.677 -0.268 -17.745 -0.138 -18.023 -0.119 -19.165 -0.194 -19.602 -0.117 -19.823 -0.211 5.160 0.291 6.077 1.125 43.271 42.477
37.800 -14.074 -0.411 -14.339 -0.383 -15.128 -0.337 -16.662 -0.265 -17.738 -0.139 -18.016 -0.121 -19.148 -0.197 -19.590 -0.120 -19.812 -0.210 5.189 0.296 5.947 1.112 43.262 42.473
38.200 -14.033 -0.406 -14.300 -0.377 -15.098 -0.331 -16.648 -0.261 -17.732 -0.140 -18.010 -0.123 -19.132 -0.200 -19.578 -0.123 -19.800 -0.209 5.220 0.299 5.815 1.093 43.253 42.467
38.600 -13.994 -0.400 -14.263 -0.371 -15.068 -0.325 -16.635 -0.258 -17.727 -0.140 -18.006 -0.125 -19.117 -0.203 -19.567 -0.125 -19.789 -0.208 5.252 0.300 5.687 1.069 43.244 42.460
39.000 -13.955 -0.395 -14.226 -0.365 -15.038 -0.319 -16.622 -0.255 -17.724 -0.141 -18.003 -0.127 -19.102 -0.206 -19.556 -0.127 -19.779 -0.206 5.285 0.301 5.561 1.042 43.235 42.451
39.400 -13.916 -0.390 -14.190 -0.359 -15.010 -0.313 -16.610 -0.251 -17.722 -0.141 -18.002 -0.128 -19.088 -0.208 -19.545 -0.129 -19.768 -0.204 5.317 0.300 5.444 1.012 43.227 42.441
39.800 -13.879 -0.384 -14.154 -0.353 -14.981 -0.306 -16.599 -0.248 -17.721 -0.141 -18.001 -0.130 -19.075 -0.211 -19.535 -0.131 -19.758 -0.202 5.348 0.297 5.336 0.979 43.220 42.430
40.200 -13.842 -0.379 -14.119 -0.347 -14.954 -0.300 -16.588 -0.244 -17.720 -0.142 -18.002 -0.131 -19.062 -0.213 -19.525 -0.132 -19.747 -0.200 5.377 0.294 5.239 0.946 43.213 42.419
40.600 -13.806 -0.374 -14.085 -0.342 -14.927 -0.294 -16.577 -0.240 -17.721 -0.141 -18.003 -0.132 -19.050 -0.216 -19.516 -0.132 -19.737 -0.197 5.403 0.289 5.154 0.913 43.208 42.407
41.000 -13.771 -0.369 -14.051 -0.336 -14.901 -0.288 -16.567 -0.237 -17.722 -0.141 -18.005 -0.133 -19.039 -0.218 -19.507 -0.133 -19.728 -0.195 5.426 0.283 5.081 0.881 43.203 42.395
41.400 -13.736 -0.365 -14.019 -0.331 -14.875 -0.283 -16.558 -0.233 -17.724 -0.141 -18.008 -0.133 -19.028 -0.221 -19.498 -0.133 -19.718 -0.192 5.446 0.277 5.019 0.849 43.198 42.383
41.800 -13.702 -0.361 -13.987 -0.326 -14.850 -0.277 -16.549 -0.230 -17.727 -0.140 -18.012 -0.134 -19.018 -0.223 -19.489 -0.133 -19.708 -0.189 5.462 0.270 4.968 0.819 43.195 42.371
42.200 -13.669 -0.357 -13.956 -0.322 -14.826 -0.272 -16.540 -0.227 -17.729 -0.140 -18.016 -0.135 -19.008 -0.226 -19.481 -0.133 -19.699 -0.186 5.476 0.263 4.926 0.791 43.192 42.360
42.600 -13.637 -0.354 -13.926 -0.318 -14.802 -0.268 -16.531 -0.224 -17.732 -0.140 -18.020 -0.136 -18.999 -0.228 -19.473 -0.133 -19.690 -0.184 5.487 0.255 4.892 0.765 43.189 42.348
43.000 -13.606 -0.351 -13.896 -0.314 -14.779 -0.263 -16.523 -0.221 -17.736 -0.139 -18.024 -0.136 -18.990 -0.231 -19.465 -0.133 -19.681 -0.181 5.496 0.248 4.866 0.740 43.187 42.338
43.400 -13.576 -0.349 -13.868 -0.311 -14.756 -0.260 -16.515 -0.219 -17.739 -0.139 -18.029 -0.138 -18.982 -0.234 -19.457 -0.133 -19.672 -0.180 5.503 0.241 4.844 0.718 43.186 42.328
43.800 -13.547 -0.347 -13.840 -0.309 -14.734 -0.257 -16.506 -0.217 -17.742 -0.140 -18.033 -0.139 -18.975 -0.237 -19.450 -0.133 -19.663 -0.178 5.509 0.235 4.826 0.697 43.184 42.318
44.200 -13.518 -0.347 -13.813 -0.308 -14.713 -0.255 -16.498 -0.216 -17.745 -0.141 -18.038 -0.141 -18.968 -0.240 -19.443 -0.134 -19.654 -0.177 5.513 0.229 4.810 0.679 43.183 42.309
44.600 -13.491 -0.347 -13.787 -0.307 -14.693 -0.253 -16.490 -0.216 -17.748 -0.142 -18.042 -0.143 -18.961 -0.244 -19.435 -0.135 -19.646 -0.177 5.517 0.223 4.796 0.663 43.181 42.302
45.000 -13.465 -0.347 -13.763 -0.307 -14.673 -0.253 -16.482 -0.216 -17.750 -0.144 -18.046 -0.146 -18.955 -0.247 -19.428 -0.137 -19.637 -0.178 5.520 0.218 4.782 0.649 43.180 42.296
45.400 -13.439 -0.349 -13.739 -0.309 -14.653 -0.253 -16.473 -0.217 -17.752 -0.147 -18.049 -0.149 -18.949 -0.251 -19.421 -0.140 -19.629 -0.180 5.523 0.214 4.768 0.638 43.178 42.291
45.800 -13.415 -0.352 -13.716 -0.311 -14.635 -0.254 -16.464 -0.218 -17.754 -0.151 -18.052 -0.154 -18.943 -0.256 -19.415 -0.143 -19.620 -0.183 5.526 0.211 4.753 0.629 43.176 42.288
46.200 -13.392 -0.355 -13.694 -0.314 -14.617 -0.257 -16.455 -0.221 -17.754 -0.155 -18.054 -0.159 -18.938 -0.261 -19.408 -0.148 -19.612 -0.188 5.528 0.208 4.737 0.623 43.174 42.286
46.600 -13.369 -0.360 -13.673 -0.318 -14.599 -0.260 -16.446 -0.224 -17.754 -0.161 -18.056 -0.165 -18.933 -0.266 -19.401 -0.153 -19.603 -0.193 5.531 0.207 4.720 0.618 43.172 42.286
