"Time (MJD)" cyan-5182.42 cyan-5182.42_err g-4746.48 g-4746.48_err orange-6629.82 orange-6629.82_err r-6366.38 r-6366.38_err "Temp./1e3 (K)" "Temp. Err." "Radius/1e15 (cm)" "Radius Err." "Log10(Bol. Lum)" "Log10(Bol. Err)"
-43.000 -18.454 -0.181 -18.292 -0.152 -17.921 -0.151 -17.862 -0.170 40.000 5.614 0.242 0.024 44.028 43.584
-42.600 -18.496 -0.176 -18.337 -0.148 -17.968 -0.146 -17.910 -0.165 40.000 19.256 0.242 0.084 44.028 44.119
-42.200 -18.539 -0.171 -18.381 -0.143 -18.017 -0.142 -17.959 -0.161 40.000 38.393 0.242 0.167 44.028 44.419
-41.800 -18.581 -0.166 -18.426 -0.139 -18.066 -0.138 -18.008 -0.157 40.000 58.813 0.242 0.256 44.028 44.604
-41.400 -18.624 -0.162 -18.471 -0.136 -18.115 -0.135 -18.058 -0.154 40.000 80.327 0.242 0.349 44.028 44.739
-41.000 -18.666 -0.158 -18.517 -0.133 -18.165 -0.133 -18.108 -0.151 40.000 102.905 0.242 0.448 44.028 44.846
-40.600 -18.709 -0.155 -18.562 -0.130 -18.216 -0.130 -18.159 -0.149 40.000 126.548 0.242 0.551 44.028 44.936
-40.200 -18.751 -0.151 -18.608 -0.128 -18.266 -0.129 -18.210 -0.147 38.685 2.668 0.288 0.014 44.122 43.366
-39.800 -18.793 -0.149 -18.654 -0.126 -18.318 -0.128 -18.261 -0.146 37.844 3.014 0.299 0.018 44.116 43.421
-39.400 -18.836 -0.146 -18.700 -0.125 -18.369 -0.127 -18.313 -0.144 36.853 3.286 0.312 0.021 44.106 43.457
-39.000 -18.878 -0.144 -18.745 -0.123 -18.421 -0.126 -18.365 -0.144 35.751 3.453 0.326 0.024 44.092 43.475
-38.600 -18.920 -0.141 -18.791 -0.122 -18.472 -0.126 -18.417 -0.143 34.569 3.508 0.342 0.026 44.075 43.476
-38.200 -18.962 -0.139 -18.837 -0.121 -18.524 -0.125 -18.469 -0.143 33.334 3.461 0.359 0.029 44.055 43.462
-37.800 -19.003 -0.138 -18.882 -0.120 -18.576 -0.125 -18.521 -0.142 32.069 3.325 0.378 0.031 44.033 43.435
-37.400 -19.045 -0.136 -18.927 -0.119 -18.628 -0.126 -18.573 -0.142 30.793 3.117 0.399 0.032 44.009 43.395
-37.000 -19.086 -0.134 -18.972 -0.118 -18.679 -0.126 -18.625 -0.142 29.523 2.855 0.422 0.033 43.985 43.345
-36.600 -19.127 -0.133 -19.017 -0.118 -18.730 -0.126 -18.677 -0.142 28.276 2.558 0.447 0.034 43.959 43.285
-36.200 -19.167 -0.131 -19.061 -0.117 -18.782 -0.126 -18.729 -0.143 24.299 0.291 0.521 0.006 43.828 42.252
-35.800 -19.207 -0.130 -19.105 -0.116 -18.832 -0.127 -18.780 -0.143 23.492 0.244 0.548 0.005 43.814 42.170
-35.400 -19.247 -0.129 -19.148 -0.116 -18.883 -0.127 -18.831 -0.143 22.736 0.204 0.577 0.005 43.802 42.088
-35.000 -19.287 -0.127 -19.191 -0.115 -18.933 -0.127 -18.882 -0.143 22.027 0.171 0.607 0.004 43.791 42.006
-34.600 -19.325 -0.126 -19.234 -0.115 -18.983 -0.127 -18.933 -0.143 21.363 0.143 0.638 0.004 43.781 41.926
-34.200 -19.364 -0.125 -19.276 -0.114 -19.032 -0.128 -18.983 -0.144 20.739 0.120 0.670 0.004 43.772 41.846
-33.800 -19.402 -0.125 -19.318 -0.114 -19.081 -0.128 -19.032 -0.144 20.155 0.101 0.703 0.004 43.765 41.768
-33.400 -19.439 -0.124 -19.359 -0.114 -19.129 -0.128 -19.081 -0.144 19.606 0.085 0.738 0.003 43.758 41.694
-33.000 -19.476 -0.123 -19.399 -0.114 -19.177 -0.128 -19.130 -0.144 19.091 0.073 0.773 0.003 43.753 41.626
-32.600 -19.512 -0.123 -19.439 -0.113 -19.224 -0.128 -19.178 -0.144 18.608 0.064 0.809 0.003 43.748 41.567
-32.200 -19.548 -0.123 -19.478 -0.113 -19.270 -0.129 -19.225 -0.145 18.154 0.058 0.847 0.003 43.744 41.527
-31.800 -19.584 -0.122 -19.517 -0.114 -19.316 -0.129 -19.272 -0.145 17.727 0.056 0.885 0.003 43.741 41.512
-31.400 -19.618 -0.122 -19.555 -0.114 -19.361 -0.129 -19.318 -0.145 17.324 0.058 0.925 0.003 43.739 41.527
-31.000 -19.652 -0.122 -19.592 -0.114 -19.405 -0.130 -19.363 -0.145 16.944 0.063 0.965 0.004 43.738 41.563
-30.600 -19.686 -0.122 -19.628 -0.114 -19.448 -0.130 -19.408 -0.146 16.584 0.070 1.006 0.005 43.737 41.611
-30.200 -19.718 -0.123 -19.663 -0.115 -19.491 -0.130 -19.452 -0.146 16.241 0.079 1.048 0.006 43.736 41.661
-29.800 -19.750 -0.123 -19.698 -0.115 -19.533 -0.131 -19.495 -0.146 15.916 0.089 1.092 0.007 43.736 41.712
-29.400 -19.782 -0.123 -19.732 -0.116 -19.574 -0.131 -19.538 -0.146 15.604 0.099 1.136 0.008 43.737 41.760
-29.000 -19.812 -0.123 -19.765 -0.116 -19.614 -0.132 -19.580 -0.146 15.306 0.109 1.182 0.010 43.737 41.805
-28.600 -19.842 -0.123 -19.798 -0.117 -19.654 -0.132 -19.621 -0.147 15.021 0.120 1.228 0.012 43.738 41.847
-28.200 -19.871 -0.124 -19.830 -0.117 -19.693 -0.132 -19.661 -0.147 14.746 0.131 1.276 0.014 43.739 41.885
-27.800 -19.899 -0.124 -19.860 -0.118 -19.731 -0.132 -19.701 -0.147 14.481 0.142 1.325 0.016 43.741 41.920
-27.400 -19.927 -0.124 -19.890 -0.118 -19.768 -0.132 -19.740 -0.146 14.226 0.153 1.376 0.019 43.742 41.952
-27.000 -19.954 -0.124 -19.920 -0.118 -19.805 -0.132 -19.778 -0.146 13.979 0.163 1.428 0.021 43.744 41.982
-26.600 -19.980 -0.124 -19.948 -0.118 -19.841 -0.132 -19.816 -0.146 13.740 0.174 1.481 0.024 43.746 42.009
-26.200 -20.005 -0.124 -19.976 -0.118 -19.876 -0.132 -19.853 -0.146 13.508 0.184 1.535 0.027 43.747 42.034
-25.800 -20.029 -0.123 -20.003 -0.118 -19.911 -0.132 -19.889 -0.145 13.282 0.195 1.591 0.031 43.749 42.058
-25.400 -20.053 -0.123 -20.029 -0.118 -19.944 -0.131 -19.925 -0.144 13.063 0.205 1.648 0.035 43.751 42.079
-25.000 -20.076 -0.122 -20.054 -0.117 -19.978 -0.131 -19.960 -0.144 12.850 0.216 1.708 0.039 43.753 42.100
-24.600 -20.098 -0.122 -20.078 -0.117 -20.010 -0.130 -19.994 -0.143 12.642 0.226 1.768 0.044 43.755 42.118
-24.200 -20.120 -0.121 -20.102 -0.116 -20.042 -0.129 -20.028 -0.142 12.439 0.236 1.831 0.049 43.757 42.135
-23.800 -20.140 -0.120 -20.125 -0.115 -20.073 -0.128 -20.061 -0.141 12.241 0.246 1.895 0.054 43.759 42.151
-23.400 -20.160 -0.118 -20.147 -0.114 -20.103 -0.127 -20.094 -0.139 12.047 0.256 1.961 0.060 43.761 42.166
-23.000 -20.179 -0.117 -20.168 -0.113 -20.133 -0.126 -20.126 -0.138 11.857 0.266 2.029 0.066 43.763 42.179
-22.600 -20.197 -0.116 -20.188 -0.111 -20.162 -0.124 -20.157 -0.136 11.671 0.276 2.100 0.073 43.765 42.190
-22.200 -20.215 -0.114 -20.208 -0.110 -20.191 -0.123 -20.188 -0.135 11.489 0.286 2.172 0.081 43.768 42.201
-21.800 -20.232 -0.112 -20.227 -0.108 -20.219 -0.121 -20.218 -0.133 11.311 0.296 2.246 0.089 43.770 42.210
-21.400 -20.248 -0.111 -20.245 -0.106 -20.247 -0.120 -20.247 -0.131 11.136 0.305 2.323 0.097 43.772 42.218
-21.000 -20.263 -0.109 -20.262 -0.104 -20.274 -0.118 -20.276 -0.129 10.966 0.314 2.402 0.107 43.774 42.224
-20.600 -20.278 -0.107 -20.279 -0.103 -20.300 -0.116 -20.305 -0.127 10.800 0.323 2.482 0.116 43.776 42.230
-20.200 -20.292 -0.106 -20.294 -0.101 -20.325 -0.114 -20.332 -0.125 10.637 0.331 2.565 0.127 43.778 42.234
-19.800 -20.305 -0.104 -20.310 -0.099 -20.350 -0.112 -20.359 -0.122 10.478 0.339 2.651 0.138 43.781 42.237
-19.400 -20.317 -0.103 -20.324 -0.097 -20.374 -0.109 -20.385 -0.120 10.323 0.346 2.738 0.149 43.783 42.238
-19.000 -20.329 -0.102 -20.337 -0.095 -20.398 -0.107 -20.411 -0.117 10.171 0.352 2.828 0.161 43.785 42.239
-18.600 -20.340 -0.102 -20.350 -0.094 -20.420 -0.105 -20.436 -0.115 10.022 0.357 2.920 0.173 43.787 42.238
-18.200 -20.350 -0.102 -20.362 -0.093 -20.442 -0.102 -20.460 -0.112 9.877 0.361 3.014 0.185 43.790 42.235
-17.800 -20.360 -0.102 -20.374 -0.092 -20.464 -0.099 -20.483 -0.109 9.734 0.363 3.111 0.197 43.792 42.232
-17.400 -20.369 -0.103 -20.385 -0.091 -20.484 -0.097 -20.506 -0.107 9.595 0.364 3.210 0.208 43.794 42.228
-17.000 -20.377 -0.105 -20.395 -0.091 -20.504 -0.094 -20.528 -0.104 9.461 0.363 3.311 0.219 43.797 42.222
-16.600 -20.385 -0.107 -20.405 -0.092 -20.523 -0.091 -20.549 -0.101 9.332 0.360 3.413 0.229 43.799 42.217
-16.200 -20.392 -0.109 -20.414 -0.092 -20.541 -0.089 -20.569 -0.099 9.209 0.357 3.515 0.239 43.802 42.211
-15.800 -20.399 -0.112 -20.423 -0.093 -20.559 -0.086 -20.589 -0.096 9.093 0.353 3.616 0.247 43.804 42.205
-15.400 -20.405 -0.115 -20.432 -0.095 -20.575 -0.084 -20.607 -0.094 8.984 0.347 3.716 0.254 43.807 42.198
-15.000 -20.411 -0.119 -20.440 -0.097 -20.591 -0.082 -20.625 -0.092 8.884 0.342 3.813 0.261 43.810 42.192
-14.600 -20.417 -0.123 -20.448 -0.100 -20.606 -0.080 -20.642 -0.090 8.791 0.336 3.907 0.267 43.813 42.186
-14.200 -20.422 -0.127 -20.456 -0.103 -20.620 -0.078 -20.658 -0.088 8.706 0.331 3.997 0.272 43.816 42.181
-13.800 -20.427 -0.132 -20.463 -0.106 -20.634 -0.076 -20.673 -0.086 8.629 0.327 4.082 0.277 43.818 42.175
-13.400 -20.431 -0.137 -20.470 -0.109 -20.646 -0.075 -20.687 -0.085 8.558 0.322 4.163 0.281 43.821 42.170
-13.000 -20.436 -0.141 -20.477 -0.113 -20.658 -0.074 -20.700 -0.084 8.494 0.318 4.240 0.286 43.824 42.165
-12.600 -20.440 -0.146 -20.483 -0.117 -20.669 -0.073 -20.712 -0.083 8.435 0.315 4.314 0.290 43.827 42.159
-12.200 -20.443 -0.151 -20.489 -0.121 -20.680 -0.072 -20.724 -0.083 8.380 0.311 4.384 0.294 43.829 42.154
-11.800 -20.447 -0.156 -20.495 -0.125 -20.690 -0.072 -20.734 -0.083 8.328 0.308 4.451 0.298 43.832 42.148
-11.400 -20.450 -0.161 -20.500 -0.129 -20.699 -0.072 -20.745 -0.083 8.280 0.305 4.517 0.302 43.834 42.141
-11.000 -20.453 -0.166 -20.505 -0.133 -20.708 -0.073 -20.754 -0.083 8.234 0.302 4.579 0.305 43.837 42.135
-10.600 -20.455 -0.171 -20.510 -0.137 -20.717 -0.073 -20.764 -0.083 8.190 0.299 4.640 0.309 43.839 42.128
-10.200 -20.458 -0.176 -20.514 -0.141 -20.725 -0.074 -20.772 -0.083 8.149 0.297 4.699 0.312 43.841 42.121
-9.800 -20.460 -0.181 -20.518 -0.145 -20.732 -0.074 -20.780 -0.084 8.109 0.294 4.756 0.316 43.843 42.115
-9.400 -20.461 -0.186 -20.522 -0.149 -20.739 -0.075 -20.788 -0.084 8.072 0.292 4.811 0.319 43.845 42.108
-9.000 -20.463 -0.190 -20.525 -0.153 -20.746 -0.075 -20.795 -0.084 8.036 0.289 4.864 0.322 43.847 42.102
-8.600 -20.464 -0.195 -20.528 -0.156 -20.752 -0.076 -20.801 -0.084 8.001 0.287 4.915 0.326 43.848 42.096
-8.200 -20.464 -0.199 -20.530 -0.160 -20.757 -0.076 -20.807 -0.084 7.968 0.286 4.964 0.329 43.850 42.089
-7.800 -20.465 -0.204 -20.532 -0.163 -20.762 -0.076 -20.813 -0.085 7.936 0.284 5.011 0.332 43.851 42.083
-7.400 -20.465 -0.208 -20.534 -0.167 -20.767 -0.076 -20.818 -0.085 7.906 0.283 5.057 0.336 43.852 42.078
-7.000 -20.465 -0.212 -20.535 -0.170 -20.771 -0.076 -20.823 -0.085 7.877 0.282 5.101 0.339 43.853 42.072
-6.600 -20.464 -0.216 -20.537 -0.173 -20.775 -0.076 -20.827 -0.085 7.848 0.281 5.143 0.343 43.854 42.066
-6.200 -20.464 -0.220 -20.537 -0.176 -20.778 -0.076 -20.831 -0.085 7.821 0.280 5.183 0.346 43.855 42.061
-5.800 -20.463 -0.223 -20.538 -0.179 -20.781 -0.076 -20.834 -0.085 7.796 0.279 5.222 0.349 43.856 42.055
-5.400 -20.461 -0.227 -20.538 -0.182 -20.783 -0.077 -20.837 -0.085 7.771 0.278 5.258 0.353 43.856 42.050
-5.000 -20.460 -0.230 -20.537 -0.185 -20.785 -0.077 -20.840 -0.085 7.747 0.278 5.293 0.356 43.857 42.044
-4.600 -20.458 -0.233 -20.537 -0.187 -20.787 -0.077 -20.842 -0.085 7.724 0.277 5.326 0.359 43.857 42.039
-4.200 -20.456 -0.236 -20.536 -0.190 -20.788 -0.077 -20.843 -0.085 7.702 0.276 5.356 0.362 43.857 42.034
-3.800 -20.453 -0.239 -20.535 -0.192 -20.789 -0.078 -20.844 -0.085 7.682 0.275 5.385 0.364 43.857 42.029
-3.400 -20.450 -0.242 -20.533 -0.194 -20.789 -0.078 -20.845 -0.086 7.662 0.274 5.411 0.366 43.857 42.024
-3.000 -20.447 -0.245 -20.531 -0.196 -20.789 -0.079 -20.845 -0.086 7.644 0.274 5.435 0.368 43.857 42.019
-2.600 -20.444 -0.247 -20.529 -0.198 -20.789 -0.079 -20.845 -0.086 7.627 0.273 5.456 0.370 43.856 42.014
-2.200 -20.441 -0.249 -20.526 -0.200 -20.788 -0.080 -20.845 -0.086 7.611 0.272 5.476 0.372 43.856 42.010
-1.800 -20.437 -0.252 -20.523 -0.202 -20.787 -0.080 -20.844 -0.086 7.595 0.272 5.494 0.374 43.855 42.005
-1.400 -20.433 -0.254 -20.520 -0.204 -20.785 -0.080 -20.843 -0.087 7.580 0.272 5.511 0.377 43.854 42.001
-1.000 -20.428 -0.256 -20.517 -0.205 -20.783 -0.080 -20.841 -0.086 7.565 0.272 5.526 0.379 43.853 41.997
-0.600 -20.424 -0.257 -20.513 -0.206 -20.780 -0.080 -20.839 -0.086 7.551 0.272 5.540 0.381 43.852 41.993
-0.200 -20.419 -0.259 -20.509 -0.208 -20.778 -0.080 -20.837 -0.086 7.537 0.273 5.552 0.384 43.851 41.990
0.200 -20.414 -0.260 -20.505 -0.209 -20.775 -0.080 -20.834 -0.086 7.524 0.273 5.563 0.387 43.849 41.986
0.600 -20.409 -0.262 -20.500 -0.210 -20.771 -0.079 -20.831 -0.085 7.511 0.274 5.572 0.390 43.848 41.982
1.000 -20.403 -0.263 -20.495 -0.211 -20.768 -0.079 -20.828 -0.085 7.499 0.275 5.581 0.393 43.846 41.979
1.400 -20.397 -0.264 -20.490 -0.211 -20.764 -0.078 -20.824 -0.084 7.486 0.276 5.588 0.396 43.844 41.976
1.800 -20.391 -0.265 -20.485 -0.212 -20.759 -0.078 -20.820 -0.083 7.475 0.278 5.594 0.399 43.843 41.973
2.200 -20.385 -0.266 -20.479 -0.212 -20.755 -0.077 -20.816 -0.083 7.463 0.279 5.599 0.402 43.841 41.969
2.600 -20.379 -0.266 -20.474 -0.213 -20.750 -0.077 -20.812 -0.082 7.452 0.280 5.602 0.405 43.839 41.966
3.000 -20.372 -0.267 -20.468 -0.213 -20.745 -0.076 -20.807 -0.081 7.439 0.281 5.609 0.409 43.837 41.962
3.400 -20.365 -0.267 -20.462 -0.213 -20.740 -0.075 -20.802 -0.080 7.428 0.283 5.611 0.412 43.834 41.959
3.800 -20.359 -0.267 -20.455 -0.213 -20.734 -0.074 -20.797 -0.080 7.418 0.284 5.612 0.415 43.832 41.955
4.200 -20.351 -0.267 -20.449 -0.213 -20.729 -0.074 -20.792 -0.079 7.408 0.286 5.612 0.418 43.830 41.952
4.600 -20.344 -0.267 -20.442 -0.213 -20.723 -0.073 -20.786 -0.078 7.397 0.288 5.612 0.422 43.827 41.948
5.000 -20.337 -0.267 -20.435 -0.213 -20.717 -0.071 -20.781 -0.077 7.387 0.290 5.612 0.425 43.825 41.945
5.400 -20.329 -0.267 -20.428 -0.212 -20.711 -0.070 -20.775 -0.076 7.376 0.292 5.612 0.430 43.822 41.941
5.800 -20.321 -0.266 -20.421 -0.212 -20.705 -0.069 -20.769 -0.075 7.365 0.294 5.613 0.434 43.820 41.937
6.200 -20.314 -0.266 -20.414 -0.211 -20.699 -0.067 -20.764 -0.074 7.353 0.297 5.614 0.440 43.817 41.933
6.600 -20.305 -0.265 -20.407 -0.211 -20.692 -0.066 -20.758 -0.073 7.341 0.300 5.615 0.446 43.815 41.929
7.000 -20.297 -0.264 -20.399 -0.210 -20.686 -0.064 -20.752 -0.072 7.328 0.303 5.617 0.452 43.812 41.925
7.400 -20.289 -0.263 -20.392 -0.209 -20.680 -0.063 -20.746 -0.071 7.315 0.307 5.620 0.458 43.809 41.920
7.800 -20.281 -0.262 -20.384 -0.208 -20.673 -0.061 -20.740 -0.070 7.302 0.310 5.623 0.465 43.806 41.915
8.200 -20.272 -0.261 -20.376 -0.207 -20.667 -0.059 -20.734 -0.069 7.288 0.313 5.627 0.471 43.804 41.910
8.600 -20.263 -0.260 -20.368 -0.206 -20.660 -0.058 -20.728 -0.068 7.274 0.316 5.631 0.477 43.801 41.904
9.000 -20.254 -0.258 -20.360 -0.205 -20.654 -0.056 -20.722 -0.068 7.260 0.318 5.635 0.482 43.798 41.898
9.400 -20.245 -0.257 -20.352 -0.203 -20.647 -0.055 -20.716 -0.067 7.246 0.319 5.639 0.486 43.796 41.892
9.800 -20.236 -0.255 -20.344 -0.202 -20.641 -0.054 -20.710 -0.067 7.232 0.318 5.642 0.487 43.793 41.885
10.200 -20.227 -0.253 -20.336 -0.201 -20.635 -0.054 -20.704 -0.067 7.218 0.316 5.646 0.485 43.790 41.878
10.600 -20.218 -0.252 -20.327 -0.199 -20.628 -0.054 -20.698 -0.067 7.205 0.312 5.650 0.482 43.787 41.872
11.000 -20.208 -0.250 -20.319 -0.198 -20.622 -0.054 -20.691 -0.068 7.192 0.307 5.654 0.476 43.785 41.866
11.400 -20.198 -0.247 -20.310 -0.196 -20.615 -0.055 -20.685 -0.069 7.178 0.301 5.658 0.470 43.782 41.861
11.800 -20.189 -0.245 -20.301 -0.194 -20.609 -0.056 -20.679 -0.070 7.165 0.295 5.662 0.462 43.780 41.857
12.200 -20.179 -0.243 -20.293 -0.192 -20.602 -0.057 -20.673 -0.071 7.151 0.288 5.666 0.454 43.777 41.854
12.600 -20.169 -0.240 -20.284 -0.191 -20.596 -0.058 -20.666 -0.072 7.138 0.281 5.669 0.446 43.774 41.851
13.000 -20.158 -0.238 -20.274 -0.189 -20.589 -0.060 -20.660 -0.073 7.125 0.274 5.672 0.437 43.771 41.850
13.400 -20.148 -0.235 -20.265 -0.187 -20.582 -0.061 -20.653 -0.075 7.111 0.267 5.675 0.428 43.769 41.849
13.800 -20.137 -0.232 -20.256 -0.185 -20.575 -0.062 -20.646 -0.076 7.098 0.261 5.678 0.420 43.766 41.849
14.200 -20.127 -0.229 -20.246 -0.183 -20.568 -0.064 -20.639 -0.078 7.084 0.254 5.681 0.412 43.763 41.850
14.600 -20.116 -0.226 -20.236 -0.181 -20.561 -0.066 -20.632 -0.080 7.071 0.248 5.683 0.404 43.760 41.852
15.000 -20.105 -0.223 -20.227 -0.178 -20.553 -0.067 -20.625 -0.081 7.057 0.242 5.686 0.397 43.757 41.855
15.400 -20.093 -0.220 -20.216 -0.176 -20.545 -0.069 -20.617 -0.083 7.043 0.236 5.688 0.391 43.754 41.859
15.800 -20.082 -0.217 -20.206 -0.174 -20.537 -0.071 -20.609 -0.085 7.028 0.231 5.690 0.384 43.751 41.863
16.200 -20.070 -0.213 -20.196 -0.171 -20.529 -0.072 -20.602 -0.086 7.014 0.226 5.692 0.379 43.747 41.868
16.600 -20.058 -0.210 -20.185 -0.168 -20.521 -0.074 -20.593 -0.088 6.999 0.221 5.694 0.374 43.744 41.874
17.000 -20.046 -0.206 -20.174 -0.166 -20.512 -0.076 -20.585 -0.090 6.985 0.217 5.696 0.369 43.740 41.880
17.400 -20.033 -0.202 -20.163 -0.163 -20.504 -0.077 -20.577 -0.091 6.970 0.213 5.697 0.365 43.737 41.887
17.800 -20.021 -0.198 -20.151 -0.160 -20.495 -0.079 -20.568 -0.093 6.955 0.210 5.698 0.362 43.733 41.894
18.200 -20.008 -0.194 -20.140 -0.157 -20.485 -0.081 -20.559 -0.094 6.939 0.207 5.699 0.359 43.730 41.901
18.600 -19.994 -0.190 -20.128 -0.154 -20.476 -0.082 -20.550 -0.095 6.924 0.204 5.700 0.357 43.726 41.909
19.000 -19.981 -0.186 -20.116 -0.151 -20.466 -0.083 -20.540 -0.097 6.908 0.201 5.700 0.355 43.722 41.916
19.400 -19.967 -0.181 -20.103 -0.148 -20.456 -0.084 -20.531 -0.097 6.892 0.199 5.700 0.354 43.718 41.924
19.800 -19.953 -0.177 -20.090 -0.145 -20.446 -0.085 -20.521 -0.098 6.876 0.197 5.700 0.353 43.714 41.932
20.200 -19.939 -0.172 -20.077 -0.141 -20.435 -0.086 -20.511 -0.099 6.860 0.195 5.700 0.353 43.710 41.940
20.600 -19.924 -0.168 -20.064 -0.138 -20.425 -0.086 -20.500 -0.099 6.844 0.194 5.699 0.353 43.706 41.947
21.000 -19.909 -0.163 -20.050 -0.135 -20.414 -0.086 -20.490 -0.100 6.827 0.192 5.698 0.353 43.701 41.955
21.400 -19.894 -0.159 -20.036 -0.131 -20.402 -0.086 -20.479 -0.100 6.810 0.191 5.697 0.354 43.697 41.962
21.800 -19.878 -0.154 -20.021 -0.128 -20.391 -0.086 -20.468 -0.099 6.793 0.190 5.695 0.355 43.692 41.969
22.200 -19.862 -0.149 -20.007 -0.124 -20.379 -0.085 -20.456 -0.099 6.776 0.190 5.694 0.356 43.687 41.976
22.600 -19.846 -0.145 -19.991 -0.121 -20.366 -0.084 -20.444 -0.098 6.758 0.189 5.692 0.358 43.683 41.983
23.000 -19.829 -0.140 -19.976 -0.117 -20.354 -0.084 -20.432 -0.098 6.740 0.189 5.691 0.359 43.678 41.989
23.400 -19.812 -0.136 -19.960 -0.114 -20.341 -0.083 -20.420 -0.097 6.722 0.188 5.689 0.361 43.673 41.995
23.800 -19.794 -0.131 -19.944 -0.110 -20.328 -0.081 -20.407 -0.096 6.703 0.188 5.687 0.363 43.668 42.001
24.200 -19.777 -0.127 -19.927 -0.107 -20.314 -0.080 -20.394 -0.095 6.684 0.188 5.685 0.366 43.662 42.007
24.600 -19.758 -0.123 -19.910 -0.104 -20.301 -0.078 -20.381 -0.093 6.665 0.188 5.682 0.368 43.657 42.012
25.000 -19.740 -0.120 -19.892 -0.101 -20.286 -0.077 -20.367 -0.092 6.646 0.187 5.679 0.370 43.652 42.016
25.400 -19.720 -0.116 -19.874 -0.098 -20.272 -0.075 -20.353 -0.091 6.626 0.187 5.676 0.372 43.646 42.019
25.800 -19.701 -0.113 -19.856 -0.096 -20.257 -0.073 -20.339 -0.089 6.606 0.187 5.673 0.374 43.640 42.022
26.200 -19.681 -0.110 -19.837 -0.094 -20.241 -0.072 -20.324 -0.088 6.586 0.187 5.669 0.376 43.634 42.024
26.600 -19.661 -0.108 -19.818 -0.092 -20.225 -0.070 -20.309 -0.086 6.566 0.187 5.664 0.378 43.628 42.024
27.000 -19.640 -0.107 -19.798 -0.090 -20.209 -0.069 -20.293 -0.085 6.546 0.187 5.659 0.380 43.622 42.024
27.400 -19.619 -0.105 -19.778 -0.089 -20.192 -0.067 -20.277 -0.084 6.526 0.187 5.652 0.381 43.616 42.023
27.800 -19.597 -0.104 -19.758 -0.088 -20.175 -0.066 -20.261 -0.082 6.506 0.187 5.645 0.383 43.609 42.022
28.200 -19.575 -0.104 -19.737 -0.088 -20.157 -0.065 -20.244 -0.081 6.486 0.187 5.636 0.384 43.603 42.019
28.600 -19.553 -0.103 -19.716 -0.088 -20.139 -0.064 -20.227 -0.080 6.466 0.187 5.627 0.385 43.596 42.016
29.000 -19.531 -0.104 -19.694 -0.088 -20.121 -0.062 -20.210 -0.079 6.447 0.187 5.616 0.386 43.589 42.011
29.400 -19.508 -0.104 -19.672 -0.089 -20.102 -0.061 -20.192 -0.078 6.427 0.187 5.605 0.387 43.582 42.006
29.800 -19.485 -0.105 -19.650 -0.090 -20.083 -0.061 -20.174 -0.077 6.407 0.188 5.594 0.388 43.575 42.001
30.200 -19.461 -0.107 -19.627 -0.091 -20.063 -0.060 -20.155 -0.077 6.388 0.188 5.582 0.389 43.568 41.995
30.600 -19.438 -0.108 -19.605 -0.092 -20.044 -0.059 -20.137 -0.076 6.368 0.189 5.570 0.391 43.561 41.989
31.000 -19.414 -0.110 -19.581 -0.094 -20.024 -0.058 -20.118 -0.076 6.348 0.189 5.558 0.392 43.553 41.983
31.400 -19.390 -0.113 -19.558 -0.096 -20.004 -0.058 -20.099 -0.075 6.328 0.190 5.547 0.395 43.546 41.979
31.800 -19.365 -0.115 -19.535 -0.098 -19.984 -0.058 -20.080 -0.075 6.308 0.191 5.535 0.397 43.539 41.975
32.200 -19.341 -0.118 -19.511 -0.100 -19.964 -0.058 -20.060 -0.075 6.288 0.192 5.523 0.400 43.531 41.972
32.600 -19.316 -0.120 -19.487 -0.103 -19.943 -0.058 -20.041 -0.076 6.267 0.193 5.512 0.403 43.524 41.969
33.000 -19.292 -0.123 -19.463 -0.105 -19.923 -0.059 -20.021 -0.076 6.247 0.194 5.500 0.406 43.516 41.968
33.400 -19.267 -0.126 -19.439 -0.107 -19.902 -0.060 -20.002 -0.077 6.227 0.195 5.489 0.409 43.509 41.968
33.800 -19.242 -0.129 -19.415 -0.110 -19.882 -0.061 -19.982 -0.078 6.207 0.196 5.478 0.412 43.501 41.968
34.200 -19.217 -0.131 -19.390 -0.112 -19.861 -0.062 -19.962 -0.079 6.186 0.196 5.467 0.416 43.494 41.969
34.600 -19.191 -0.134 -19.366 -0.115 -19.840 -0.064 -19.943 -0.081 6.166 0.197 5.456 0.419 43.487 41.971
35.000 -19.166 -0.137 -19.342 -0.118 -19.820 -0.066 -19.923 -0.083 6.146 0.197 5.446 0.422 43.479 41.973
35.400 -19.141 -0.140 -19.317 -0.120 -19.799 -0.068 -19.904 -0.085 6.125 0.198 5.436 0.425 43.472 41.977
35.800 -19.116 -0.142 -19.293 -0.122 -19.779 -0.071 -19.884 -0.087 6.105 0.198 5.426 0.429 43.465 41.980
36.200 -19.091 -0.145 -19.269 -0.125 -19.758 -0.073 -19.865 -0.089 6.085 0.198 5.417 0.432 43.457 41.984
36.600 -19.065 -0.147 -19.244 -0.127 -19.738 -0.076 -19.845 -0.091 6.065 0.199 5.408 0.435 43.450 41.989
37.000 -19.040 -0.150 -19.220 -0.129 -19.718 -0.079 -19.826 -0.094 6.045 0.199 5.399 0.439 43.443 41.993
37.400 -19.015 -0.152 -19.196 -0.131 -19.698 -0.082 -19.807 -0.097 6.025 0.199 5.391 0.442 43.436 41.998
37.800 -18.990 -0.154 -19.172 -0.133 -19.678 -0.085 -19.788 -0.099 6.005 0.200 5.383 0.446 43.429 42.002
38.200 -18.965 -0.156 -19.148 -0.135 -19.658 -0.088 -19.769 -0.102 5.986 0.200 5.375 0.450 43.422 42.007
38.600 -18.941 -0.158 -19.124 -0.137 -19.639 -0.091 -19.750 -0.105 5.966 0.200 5.367 0.453 43.415 42.011
39.000 -18.916 -0.160 -19.101 -0.139 -19.619 -0.094 -19.731 -0.108 5.947 0.200 5.360 0.457 43.408 42.016
39.400 -18.892 -0.161 -19.077 -0.141 -19.600 -0.097 -19.713 -0.111 5.928 0.201 5.353 0.462 43.402 42.021
39.800 -18.868 -0.162 -19.054 -0.142 -19.581 -0.100 -19.695 -0.114 5.909 0.201 5.346 0.466 43.395 42.026
40.200 -18.844 -0.164 -19.031 -0.144 -19.562 -0.103 -19.677 -0.116 5.890 0.202 5.339 0.470 43.388 42.030
40.600 -18.820 -0.165 -19.008 -0.145 -19.543 -0.106 -19.659 -0.119 5.872 0.202 5.333 0.475 43.382 42.035
41.000 -18.796 -0.166 -18.986 -0.146 -19.525 -0.109 -19.641 -0.122 5.854 0.202 5.327 0.479 43.376 42.040
41.400 -18.773 -0.166 -18.963 -0.147 -19.507 -0.112 -19.624 -0.125 5.836 0.203 5.321 0.484 43.369 42.045
41.800 -18.750 -0.167 -18.941 -0.148 -19.489 -0.115 -19.607 -0.128 5.818 0.203 5.315 0.488 43.363 42.050
42.200 -18.727 -0.167 -18.920 -0.148 -19.471 -0.118 -19.590 -0.130 5.801 0.204 5.309 0.493 43.357 42.054
42.600 -18.705 -0.167 -18.898 -0.149 -19.454 -0.121 -19.573 -0.133 5.784 0.204 5.303 0.498 43.351 42.059
43.000 -18.682 -0.167 -18.877 -0.149 -19.437 -0.123 -19.557 -0.135 5.768 0.205 5.297 0.503 43.345 42.063
43.400 -18.661 -0.167 -18.856 -0.150 -19.420 -0.126 -19.540 -0.138 5.752 0.205 5.290 0.507 43.339 42.067
43.800 -18.639 -0.167 -18.836 -0.150 -19.403 -0.128 -19.524 -0.140 5.737 0.206 5.283 0.512 43.333 42.070
44.200 -18.618 -0.166 -18.816 -0.150 -19.387 -0.130 -19.508 -0.142 5.722 0.206 5.276 0.516 43.328 42.074
44.600 -18.597 -0.166 -18.796 -0.150 -19.371 -0.132 -19.493 -0.144 5.708 0.207 5.268 0.520 43.322 42.076
45.000 -18.577 -0.165 -18.777 -0.149 -19.355 -0.134 -19.478 -0.145 5.695 0.207 5.259 0.523 43.317 42.079
45.400 -18.557 -0.164 -18.758 -0.149 -19.339 -0.135 -19.462 -0.147 5.682 0.208 5.250 0.527 43.311 42.081
45.800 -18.538 -0.163 -18.740 -0.148 -19.324 -0.137 -19.448 -0.148 5.670 0.208 5.240 0.530 43.306 42.083
46.200 -18.519 -0.162 -18.722 -0.148 -19.309 -0.138 -19.433 -0.149 5.658 0.208 5.229 0.532 43.300 42.084
46.600 -18.500 -0.160 -18.704 -0.147 -19.294 -0.139 -19.418 -0.150 5.648 0.209 5.216 0.535 43.295 42.085
47.000 -18.482 -0.159 -18.687 -0.146 -19.279 -0.140 -19.404 -0.151 5.638 0.209 5.203 0.536 43.290 42.085
47.400 -18.465 -0.158 -18.671 -0.146 -19.265 -0.140 -19.390 -0.151 5.629 0.209 5.188 0.537 43.285 42.085
47.800 -18.448 -0.156 -18.655 -0.145 -19.251 -0.141 -19.376 -0.152 5.621 0.209 5.172 0.538 43.279 42.084
48.200 -18.431 -0.155 -18.639 -0.144 -19.237 -0.141 -19.363 -0.152 5.614 0.209 5.155 0.538 43.274 42.083
48.600 -18.415 -0.154 -18.624 -0.143 -19.224 -0.141 -19.349 -0.152 5.608 0.209 5.136 0.538 43.269 42.081
49.000 -18.400 -0.152 -18.609 -0.141 -19.210 -0.141 -19.336 -0.152 5.603 0.209 5.115 0.537 43.264 42.079
49.400 -18.386 -0.151 -18.595 -0.140 -19.197 -0.140 -19.323 -0.151 5.599 0.209 5.094 0.536 43.259 42.076
49.800 -18.371 -0.149 -18.582 -0.139 -19.184 -0.140 -19.311 -0.151 5.596 0.208 5.071 0.534 43.254 42.073
50.200 -18.358 -0.148 -18.569 -0.138 -19.172 -0.139 -19.298 -0.150 5.593 0.208 5.047 0.532 43.250 42.069
50.600 -18.345 -0.147 -18.556 -0.136 -19.160 -0.138 -19.286 -0.149 5.592 0.208 5.022 0.529 43.245 42.065
51.000 -18.332 -0.145 -18.544 -0.135 -19.148 -0.137 -19.274 -0.149 5.591 0.208 4.996 0.526 43.240 42.060
51.400 -18.320 -0.144 -18.533 -0.133 -19.136 -0.136 -19.262 -0.147 5.591 0.207 4.970 0.522 43.235 42.055
51.800 -18.309 -0.142 -18.521 -0.132 -19.125 -0.135 -19.251 -0.146 5.591 0.207 4.943 0.518 43.231 42.050
52.200 -18.298 -0.141 -18.511 -0.130 -19.113 -0.134 -19.239 -0.145 5.592 0.206 4.916 0.514 43.226 42.044
52.600 -18.287 -0.139 -18.501 -0.128 -19.102 -0.132 -19.228 -0.143 5.593 0.206 4.888 0.510 43.222 42.038
53.000 -18.277 -0.138 -18.491 -0.126 -19.092 -0.131 -19.217 -0.142 5.595 0.205 4.860 0.505 43.217 42.032
53.400 -18.267 -0.137 -18.481 -0.124 -19.081 -0.129 -19.207 -0.140 5.597 0.204 4.831 0.500 43.213 42.025
53.800 -18.258 -0.135 -18.472 -0.123 -19.071 -0.127 -19.196 -0.139 5.600 0.204 4.803 0.495 43.209 42.019
54.200 -18.249 -0.134 -18.463 -0.121 -19.061 -0.126 -19.186 -0.137 5.603 0.203 4.774 0.489 43.204 42.012
54.600 -18.240 -0.132 -18.455 -0.119 -19.052 -0.124 -19.176 -0.136 5.607 0.202 4.745 0.484 43.200 42.005
55.000 -18.232 -0.131 -18.447 -0.117 -19.042 -0.123 -19.166 -0.134 5.611 0.201 4.715 0.478 43.196 41.998
55.400 -18.224 -0.130 -18.439 -0.115 -19.033 -0.121 -19.156 -0.133 5.615 0.201 4.686 0.473 43.192 41.990
55.800 -18.216 -0.130 -18.431 -0.114 -19.023 -0.120 -19.147 -0.132 5.620 0.200 4.656 0.467 43.188 41.983
56.200 -18.209 -0.129 -18.424 -0.112 -19.014 -0.119 -19.137 -0.132 5.625 0.199 4.626 0.461 43.184 41.975
56.600 -18.202 -0.130 -18.417 -0.112 -19.005 -0.119 -19.128 -0.131 5.631 0.198 4.595 0.455 43.180 41.967
57.000 -18.195 -0.130 -18.410 -0.111 -18.997 -0.118 -19.118 -0.131 5.637 0.197 4.564 0.449 43.176 41.959
57.400 -18.188 -0.131 -18.403 -0.111 -18.988 -0.119 -19.109 -0.132 5.644 0.197 4.533 0.443 43.172 41.951
57.800 -18.181 -0.133 -18.396 -0.112 -18.979 -0.120 -19.100 -0.133 5.651 0.196 4.500 0.437 43.168 41.943
58.200 -18.175 -0.135 -18.390 -0.113 -18.970 -0.121 -19.091 -0.135 5.658 0.195 4.467 0.431 43.164 41.934
58.600 -18.169 -0.138 -18.383 -0.115 -18.962 -0.124 -19.082 -0.137 5.667 0.194 4.434 0.425 43.160 41.926
59.000 -18.163 -0.142 -18.377 -0.118 -18.953 -0.127 -19.073 -0.141 5.676 0.194 4.399 0.419 43.156 41.918
59.400 -18.157 -0.146 -18.371 -0.122 -18.945 -0.130 -19.064 -0.145 5.685 0.193 4.364 0.414 43.152 41.909
59.800 -18.151 -0.151 -18.364 -0.127 -18.936 -0.135 -19.055 -0.149 5.695 0.193 4.328 0.408 43.148 41.901
