"Time (MJD)" cyan-5182.42 cyan-5182.42_err g-4746.48 g-4746.48_err g-4793.46 g-4793.46_err i-7589.41 i-7589.41_err i-7829.03 i-7829.03_err orange-6629.82 orange-6629.82_err r-6120.65 r-6120.65_err r-6366.38 r-6366.38_err z-8970.57 z-8970.57_err "Temp./1e3 (K)" "Temp. Err." "Radius/1e15 (cm)" "Radius Err." "Log10(Bol. Lum)" "Log10(Bol. Err)"
-57.000 -19.671 -0.166 -19.674 -0.162 -19.690 -0.138 -19.679 -0.110 -19.664 -0.108 -19.641 -0.109 -19.516 -0.126 -19.478 -0.134 -19.295 -0.204 14.735 0.634 1.196 0.063 43.682 42.519
-56.600 -19.697 -0.163 -19.700 -0.160 -19.718 -0.135 -19.711 -0.108 -19.695 -0.106 -19.673 -0.107 -19.548 -0.124 -19.510 -0.132 -19.324 -0.203 13.482 0.334 1.358 0.044 43.638 42.198
-56.200 -19.724 -0.161 -19.727 -0.158 -19.746 -0.133 -19.742 -0.106 -19.727 -0.104 -19.705 -0.105 -19.579 -0.123 -19.541 -0.131 -19.353 -0.202 13.422 0.350 1.386 0.047 43.647 42.226
-55.800 -19.750 -0.159 -19.753 -0.156 -19.774 -0.132 -19.774 -0.104 -19.760 -0.103 -19.738 -0.104 -19.611 -0.122 -19.573 -0.130 -19.382 -0.201 13.360 0.365 1.414 0.051 43.657 42.254
-55.400 -19.776 -0.158 -19.780 -0.154 -19.802 -0.130 -19.806 -0.103 -19.792 -0.102 -19.771 -0.103 -19.644 -0.121 -19.604 -0.130 -19.411 -0.200 13.296 0.380 1.443 0.054 43.666 42.280
-55.000 -19.802 -0.157 -19.806 -0.153 -19.830 -0.129 -19.837 -0.102 -19.825 -0.101 -19.803 -0.102 -19.676 -0.121 -19.636 -0.129 -19.440 -0.199 13.231 0.395 1.473 0.058 43.676 42.305
-54.600 -19.828 -0.155 -19.832 -0.152 -19.859 -0.128 -19.869 -0.101 -19.857 -0.100 -19.836 -0.101 -19.708 -0.121 -19.668 -0.129 -19.469 -0.199 13.164 0.409 1.504 0.062 43.685 42.329
-54.200 -19.854 -0.154 -19.859 -0.151 -19.887 -0.127 -19.901 -0.101 -19.890 -0.100 -19.869 -0.101 -19.741 -0.121 -19.700 -0.129 -19.498 -0.199 13.097 0.423 1.536 0.066 43.694 42.351
-53.800 -19.880 -0.154 -19.885 -0.150 -19.915 -0.127 -19.933 -0.101 -19.922 -0.100 -19.902 -0.101 -19.773 -0.121 -19.732 -0.130 -19.528 -0.199 13.028 0.436 1.569 0.070 43.704 42.373
-53.400 -19.906 -0.153 -19.911 -0.150 -19.943 -0.127 -19.965 -0.101 -19.955 -0.100 -19.935 -0.101 -19.806 -0.122 -19.765 -0.130 -19.557 -0.199 12.958 0.449 1.603 0.075 43.713 42.393
-53.000 -19.932 -0.153 -19.937 -0.149 -19.971 -0.126 -19.997 -0.101 -19.987 -0.100 -19.968 -0.102 -19.839 -0.123 -19.797 -0.131 -19.587 -0.200 12.888 0.461 1.637 0.079 43.722 42.412
-52.600 -19.958 -0.152 -19.963 -0.149 -19.999 -0.126 -20.029 -0.101 -20.020 -0.100 -20.001 -0.102 -19.871 -0.124 -19.829 -0.132 -19.617 -0.200 12.818 0.472 1.673 0.084 43.731 42.431
-52.200 -19.984 -0.152 -19.989 -0.149 -20.026 -0.127 -20.061 -0.102 -20.052 -0.101 -20.034 -0.103 -19.904 -0.125 -19.861 -0.133 -19.646 -0.201 12.747 0.483 1.709 0.089 43.740 42.448
-51.800 -20.009 -0.152 -20.015 -0.149 -20.054 -0.127 -20.093 -0.102 -20.085 -0.101 -20.067 -0.103 -19.937 -0.126 -19.894 -0.134 -19.676 -0.202 12.675 0.493 1.747 0.093 43.749 42.465
-51.400 -20.034 -0.152 -20.040 -0.149 -20.081 -0.127 -20.124 -0.103 -20.117 -0.102 -20.100 -0.104 -19.969 -0.127 -19.926 -0.136 -19.706 -0.203 12.604 0.503 1.785 0.098 43.758 42.481
-51.000 -20.060 -0.152 -20.066 -0.149 -20.109 -0.127 -20.156 -0.104 -20.149 -0.103 -20.133 -0.105 -20.002 -0.128 -19.958 -0.137 -19.735 -0.204 12.532 0.512 1.824 0.103 43.767 42.495
-50.600 -20.085 -0.152 -20.091 -0.149 -20.136 -0.128 -20.187 -0.104 -20.181 -0.104 -20.165 -0.106 -20.034 -0.130 -19.990 -0.139 -19.765 -0.205 12.461 0.520 1.864 0.109 43.776 42.510
-50.200 -20.110 -0.152 -20.116 -0.149 -20.163 -0.128 -20.218 -0.105 -20.213 -0.105 -20.197 -0.107 -20.067 -0.131 -20.022 -0.140 -19.795 -0.207 12.389 0.527 1.905 0.114 43.785 42.523
-49.800 -20.134 -0.152 -20.141 -0.149 -20.190 -0.129 -20.249 -0.106 -20.245 -0.106 -20.230 -0.108 -20.099 -0.133 -20.054 -0.142 -19.824 -0.208 12.318 0.534 1.947 0.119 43.794 42.536
-49.400 -20.159 -0.153 -20.166 -0.150 -20.216 -0.130 -20.280 -0.107 -20.276 -0.106 -20.262 -0.109 -20.131 -0.134 -20.086 -0.143 -19.854 -0.209 12.247 0.541 1.990 0.125 43.803 42.548
-49.000 -20.183 -0.153 -20.190 -0.150 -20.243 -0.130 -20.310 -0.108 -20.308 -0.107 -20.293 -0.110 -20.163 -0.135 -20.118 -0.145 -19.883 -0.211 12.177 0.546 2.033 0.130 43.811 42.559
-48.600 -20.207 -0.153 -20.215 -0.150 -20.269 -0.131 -20.341 -0.109 -20.339 -0.108 -20.325 -0.111 -20.195 -0.137 -20.149 -0.146 -19.912 -0.212 12.107 0.551 2.077 0.136 43.820 42.570
-48.200 -20.231 -0.154 -20.239 -0.151 -20.295 -0.131 -20.371 -0.109 -20.369 -0.109 -20.356 -0.112 -20.226 -0.138 -20.181 -0.148 -19.942 -0.213 12.037 0.555 2.122 0.141 43.829 42.579
-47.800 -20.255 -0.154 -20.263 -0.151 -20.321 -0.132 -20.400 -0.110 -20.400 -0.110 -20.387 -0.113 -20.258 -0.140 -20.212 -0.149 -19.971 -0.215 11.968 0.559 2.168 0.147 43.837 42.589
-47.400 -20.279 -0.154 -20.286 -0.151 -20.346 -0.132 -20.430 -0.111 -20.430 -0.111 -20.418 -0.114 -20.289 -0.141 -20.243 -0.151 -20.000 -0.216 11.899 0.562 2.215 0.152 43.846 42.597
-47.000 -20.302 -0.154 -20.310 -0.152 -20.371 -0.133 -20.459 -0.112 -20.460 -0.112 -20.448 -0.115 -20.320 -0.143 -20.274 -0.152 -20.028 -0.217 11.832 0.564 2.262 0.158 43.854 42.605
-46.600 -20.325 -0.154 -20.333 -0.152 -20.396 -0.133 -20.487 -0.113 -20.489 -0.113 -20.478 -0.116 -20.350 -0.144 -20.304 -0.153 -20.057 -0.219 11.765 0.566 2.310 0.164 43.862 42.613
-46.200 -20.348 -0.155 -20.356 -0.152 -20.421 -0.134 -20.516 -0.114 -20.518 -0.114 -20.508 -0.117 -20.381 -0.145 -20.334 -0.155 -20.086 -0.220 11.699 0.567 2.359 0.169 43.871 42.620
-45.800 -20.370 -0.155 -20.379 -0.152 -20.445 -0.134 -20.544 -0.114 -20.547 -0.115 -20.537 -0.118 -20.411 -0.146 -20.364 -0.156 -20.114 -0.221 11.633 0.568 2.408 0.175 43.879 42.626
-45.400 -20.392 -0.155 -20.401 -0.152 -20.469 -0.135 -20.571 -0.115 -20.575 -0.115 -20.566 -0.119 -20.441 -0.147 -20.394 -0.157 -20.142 -0.223 11.569 0.568 2.458 0.181 43.887 42.632
-45.000 -20.414 -0.155 -20.423 -0.152 -20.493 -0.135 -20.599 -0.116 -20.603 -0.116 -20.595 -0.119 -20.470 -0.148 -20.423 -0.158 -20.170 -0.224 11.505 0.567 2.508 0.186 43.895 42.637
-44.600 -20.436 -0.155 -20.445 -0.152 -20.516 -0.135 -20.625 -0.117 -20.631 -0.117 -20.623 -0.120 -20.499 -0.149 -20.452 -0.159 -20.198 -0.225 11.443 0.566 2.559 0.191 43.903 42.641
-44.200 -20.457 -0.155 -20.467 -0.152 -20.539 -0.136 -20.652 -0.117 -20.658 -0.118 -20.651 -0.121 -20.528 -0.150 -20.481 -0.160 -20.225 -0.226 11.381 0.564 2.610 0.197 43.911 42.645
-43.800 -20.479 -0.155 -20.488 -0.152 -20.562 -0.136 -20.678 -0.118 -20.685 -0.118 -20.678 -0.122 -20.557 -0.151 -20.510 -0.161 -20.253 -0.227 11.321 0.562 2.662 0.202 43.919 42.649
-43.400 -20.499 -0.154 -20.509 -0.152 -20.585 -0.136 -20.704 -0.119 -20.711 -0.119 -20.705 -0.122 -20.585 -0.152 -20.538 -0.162 -20.280 -0.228 11.261 0.559 2.714 0.207 43.927 42.652
-43.000 -20.520 -0.154 -20.530 -0.152 -20.607 -0.136 -20.729 -0.119 -20.737 -0.120 -20.732 -0.123 -20.613 -0.153 -20.565 -0.163 -20.306 -0.229 11.203 0.556 2.767 0.212 43.934 42.655
-42.600 -20.540 -0.154 -20.550 -0.152 -20.629 -0.136 -20.754 -0.120 -20.762 -0.120 -20.758 -0.124 -20.640 -0.153 -20.593 -0.164 -20.333 -0.230 11.146 0.553 2.820 0.217 43.942 42.657
-42.200 -20.560 -0.154 -20.570 -0.151 -20.650 -0.136 -20.778 -0.120 -20.787 -0.121 -20.784 -0.124 -20.667 -0.154 -20.620 -0.164 -20.359 -0.231 11.090 0.549 2.873 0.222 43.949 42.660
-41.800 -20.580 -0.153 -20.590 -0.151 -20.671 -0.136 -20.802 -0.121 -20.812 -0.121 -20.809 -0.125 -20.694 -0.154 -20.647 -0.165 -20.385 -0.232 11.035 0.546 2.927 0.227 43.957 42.661
-41.400 -20.600 -0.153 -20.610 -0.151 -20.692 -0.136 -20.826 -0.121 -20.836 -0.122 -20.834 -0.125 -20.720 -0.155 -20.673 -0.165 -20.411 -0.233 10.981 0.542 2.981 0.232 43.964 42.663
-41.000 -20.619 -0.152 -20.629 -0.150 -20.713 -0.135 -20.849 -0.121 -20.860 -0.122 -20.858 -0.125 -20.746 -0.155 -20.699 -0.165 -20.437 -0.233 10.928 0.537 3.035 0.236 43.971 42.664
-40.600 -20.638 -0.152 -20.648 -0.150 -20.733 -0.135 -20.872 -0.121 -20.884 -0.122 -20.882 -0.126 -20.771 -0.155 -20.724 -0.166 -20.462 -0.234 10.877 0.533 3.089 0.241 43.978 42.665
-40.200 -20.656 -0.151 -20.667 -0.149 -20.753 -0.135 -20.894 -0.122 -20.907 -0.122 -20.906 -0.126 -20.796 -0.155 -20.749 -0.166 -20.487 -0.234 10.826 0.528 3.143 0.245 43.986 42.666
-39.800 -20.675 -0.151 -20.686 -0.149 -20.773 -0.135 -20.916 -0.122 -20.929 -0.123 -20.929 -0.126 -20.821 -0.155 -20.774 -0.166 -20.511 -0.235 10.777 0.524 3.198 0.249 43.993 42.667
-39.400 -20.693 -0.150 -20.704 -0.148 -20.792 -0.134 -20.938 -0.122 -20.952 -0.123 -20.952 -0.126 -20.845 -0.155 -20.798 -0.166 -20.536 -0.235 10.730 0.519 3.252 0.253 44.000 42.667
-39.000 -20.711 -0.149 -20.722 -0.147 -20.811 -0.134 -20.959 -0.122 -20.973 -0.123 -20.975 -0.126 -20.869 -0.155 -20.822 -0.166 -20.560 -0.235 10.683 0.514 3.307 0.257 44.006 42.667
-38.600 -20.728 -0.149 -20.740 -0.147 -20.829 -0.133 -20.980 -0.122 -20.995 -0.123 -20.996 -0.126 -20.892 -0.155 -20.846 -0.166 -20.583 -0.235 10.638 0.509 3.361 0.261 44.013 42.667
-38.200 -20.745 -0.148 -20.757 -0.146 -20.848 -0.133 -21.000 -0.121 -21.016 -0.122 -21.018 -0.126 -20.915 -0.155 -20.869 -0.165 -20.607 -0.236 10.594 0.504 3.415 0.265 44.020 42.667
-37.800 -20.762 -0.147 -20.774 -0.145 -20.865 -0.132 -21.020 -0.121 -21.036 -0.122 -21.039 -0.125 -20.937 -0.154 -20.891 -0.165 -20.630 -0.236 10.551 0.499 3.469 0.269 44.026 42.667
-37.400 -20.779 -0.146 -20.791 -0.144 -20.883 -0.132 -21.040 -0.121 -21.056 -0.122 -21.060 -0.125 -20.959 -0.154 -20.914 -0.165 -20.652 -0.236 10.509 0.493 3.523 0.272 44.033 42.666
-37.000 -20.796 -0.145 -20.807 -0.143 -20.900 -0.131 -21.059 -0.120 -21.076 -0.121 -21.080 -0.125 -20.981 -0.153 -20.935 -0.164 -20.675 -0.235 10.468 0.488 3.577 0.275 44.039 42.666
-36.600 -20.812 -0.145 -20.823 -0.143 -20.917 -0.130 -21.078 -0.120 -21.095 -0.121 -21.100 -0.124 -21.002 -0.153 -20.957 -0.164 -20.697 -0.235 10.427 0.482 3.631 0.278 44.046 42.665
-36.200 -20.827 -0.144 -20.839 -0.142 -20.933 -0.129 -21.096 -0.119 -21.114 -0.120 -21.119 -0.124 -21.022 -0.152 -20.978 -0.163 -20.719 -0.235 10.388 0.477 3.684 0.281 44.052 42.663
-35.800 -20.843 -0.143 -20.855 -0.141 -20.949 -0.128 -21.114 -0.119 -21.132 -0.120 -21.138 -0.123 -21.043 -0.151 -20.998 -0.162 -20.740 -0.235 10.349 0.471 3.738 0.284 44.058 42.662
-35.400 -20.858 -0.141 -20.870 -0.139 -20.965 -0.128 -21.131 -0.118 -21.150 -0.119 -21.156 -0.122 -21.062 -0.151 -21.018 -0.161 -20.761 -0.234 10.311 0.465 3.791 0.286 44.064 42.660
-35.000 -20.872 -0.140 -20.884 -0.138 -20.980 -0.127 -21.148 -0.117 -21.168 -0.118 -21.174 -0.121 -21.081 -0.150 -21.037 -0.160 -20.782 -0.234 10.274 0.459 3.844 0.288 44.069 42.657
-34.600 -20.887 -0.139 -20.899 -0.137 -20.995 -0.126 -21.164 -0.117 -21.184 -0.118 -21.192 -0.121 -21.100 -0.149 -21.056 -0.160 -20.802 -0.233 10.237 0.452 3.897 0.290 44.075 42.655
-34.200 -20.901 -0.138 -20.913 -0.136 -21.009 -0.125 -21.180 -0.116 -21.201 -0.117 -21.209 -0.120 -21.118 -0.148 -21.075 -0.158 -20.822 -0.233 10.201 0.446 3.949 0.292 44.080 42.652
-33.800 -20.914 -0.137 -20.926 -0.135 -21.023 -0.123 -21.196 -0.115 -21.217 -0.116 -21.225 -0.119 -21.136 -0.146 -21.093 -0.157 -20.842 -0.232 10.165 0.439 4.002 0.293 44.086 42.648
-33.400 -20.927 -0.135 -20.940 -0.133 -21.037 -0.122 -21.210 -0.114 -21.232 -0.115 -21.241 -0.118 -21.154 -0.145 -21.111 -0.156 -20.861 -0.232 10.130 0.432 4.053 0.294 44.091 42.644
-33.000 -20.940 -0.134 -20.952 -0.132 -21.050 -0.121 -21.225 -0.113 -21.247 -0.114 -21.256 -0.117 -21.170 -0.144 -21.128 -0.155 -20.881 -0.231 10.095 0.425 4.105 0.295 44.096 42.640
-32.600 -20.952 -0.132 -20.965 -0.131 -21.063 -0.120 -21.239 -0.112 -21.261 -0.113 -21.271 -0.115 -21.187 -0.143 -21.145 -0.154 -20.899 -0.230 10.061 0.418 4.156 0.296 44.101 42.635
-32.200 -20.964 -0.131 -20.977 -0.129 -21.075 -0.118 -21.252 -0.111 -21.275 -0.112 -21.286 -0.114 -21.203 -0.141 -21.161 -0.152 -20.918 -0.229 10.027 0.410 4.207 0.296 44.106 42.629
-31.800 -20.976 -0.129 -20.988 -0.127 -21.087 -0.117 -21.265 -0.110 -21.289 -0.110 -21.300 -0.113 -21.218 -0.140 -21.177 -0.151 -20.936 -0.228 9.994 0.402 4.258 0.296 44.110 42.623
-31.400 -20.987 -0.128 -21.000 -0.126 -21.098 -0.116 -21.277 -0.109 -21.301 -0.109 -21.313 -0.112 -21.233 -0.139 -21.193 -0.150 -20.954 -0.228 9.961 0.394 4.308 0.295 44.114 42.616
-31.000 -20.998 -0.126 -21.011 -0.124 -21.109 -0.114 -21.289 -0.107 -21.314 -0.108 -21.326 -0.111 -21.248 -0.137 -21.208 -0.148 -20.971 -0.227 9.928 0.386 4.357 0.294 44.119 42.609
-30.600 -21.008 -0.124 -21.021 -0.123 -21.120 -0.113 -21.300 -0.106 -21.325 -0.107 -21.338 -0.109 -21.262 -0.136 -21.223 -0.147 -20.988 -0.226 9.896 0.377 4.406 0.292 44.123 42.600
-30.200 -21.018 -0.123 -21.031 -0.121 -21.130 -0.111 -21.311 -0.105 -21.336 -0.105 -21.350 -0.108 -21.276 -0.134 -21.237 -0.145 -21.005 -0.225 9.864 0.368 4.454 0.290 44.127 42.592
-29.800 -21.028 -0.121 -21.041 -0.119 -21.139 -0.110 -21.321 -0.104 -21.347 -0.104 -21.361 -0.107 -21.289 -0.133 -21.251 -0.143 -21.022 -0.223 9.833 0.358 4.502 0.288 44.130 42.582
-29.400 -21.037 -0.119 -21.050 -0.118 -21.149 -0.108 -21.331 -0.102 -21.357 -0.103 -21.371 -0.105 -21.302 -0.131 -21.264 -0.142 -21.038 -0.222 9.802 0.349 4.549 0.285 44.134 42.571
-29.000 -21.046 -0.118 -21.059 -0.116 -21.157 -0.107 -21.340 -0.101 -21.366 -0.102 -21.381 -0.104 -21.314 -0.129 -21.277 -0.140 -21.054 -0.221 9.772 0.339 4.595 0.281 44.137 42.560
-28.600 -21.055 -0.116 -21.067 -0.114 -21.166 -0.105 -21.349 -0.100 -21.375 -0.100 -21.390 -0.102 -21.326 -0.128 -21.290 -0.139 -21.070 -0.220 9.742 0.329 4.641 0.277 44.141 42.547
-28.200 -21.063 -0.114 -21.075 -0.112 -21.174 -0.103 -21.357 -0.098 -21.384 -0.099 -21.399 -0.101 -21.338 -0.126 -21.303 -0.137 -21.085 -0.219 9.713 0.318 4.685 0.273 44.144 42.534
-27.800 -21.071 -0.112 -21.083 -0.110 -21.181 -0.102 -21.365 -0.097 -21.392 -0.097 -21.408 -0.100 -21.350 -0.124 -21.315 -0.135 -21.100 -0.218 9.684 0.308 4.729 0.268 44.147 42.520
-27.400 -21.078 -0.110 -21.090 -0.108 -21.189 -0.100 -21.372 -0.096 -21.399 -0.096 -21.416 -0.098 -21.361 -0.123 -21.327 -0.134 -21.115 -0.216 9.656 0.297 4.773 0.262 44.150 42.505
-27.000 -21.085 -0.108 -21.097 -0.107 -21.196 -0.098 -21.379 -0.094 -21.406 -0.095 -21.423 -0.097 -21.371 -0.121 -21.338 -0.132 -21.130 -0.215 9.628 0.286 4.815 0.257 44.152 42.489
-26.600 -21.092 -0.106 -21.104 -0.105 -21.202 -0.097 -21.385 -0.093 -21.413 -0.093 -21.430 -0.096 -21.382 -0.120 -21.349 -0.130 -21.144 -0.214 9.601 0.276 4.857 0.251 44.155 42.473
-26.200 -21.098 -0.104 -21.111 -0.103 -21.208 -0.095 -21.391 -0.092 -21.420 -0.092 -21.437 -0.094 -21.392 -0.118 -21.360 -0.128 -21.158 -0.213 9.574 0.265 4.898 0.244 44.157 42.456
-25.800 -21.105 -0.103 -21.117 -0.101 -21.214 -0.093 -21.397 -0.090 -21.426 -0.091 -21.444 -0.093 -21.401 -0.116 -21.371 -0.127 -21.172 -0.211 9.548 0.254 4.939 0.238 44.160 42.438
-25.400 -21.111 -0.101 -21.123 -0.099 -21.220 -0.092 -21.403 -0.089 -21.431 -0.089 -21.450 -0.092 -21.411 -0.115 -21.381 -0.125 -21.186 -0.210 9.523 0.244 4.978 0.231 44.162 42.420
-25.000 -21.117 -0.099 -21.129 -0.097 -21.225 -0.090 -21.408 -0.088 -21.437 -0.088 -21.456 -0.090 -21.420 -0.113 -21.391 -0.123 -21.199 -0.209 9.498 0.233 5.017 0.224 44.164 42.401
-24.600 -21.122 -0.097 -21.134 -0.095 -21.231 -0.088 -21.413 -0.086 -21.442 -0.087 -21.461 -0.089 -21.429 -0.111 -21.401 -0.122 -21.212 -0.207 9.474 0.223 5.055 0.217 44.166 42.382
-24.200 -21.127 -0.095 -21.139 -0.094 -21.235 -0.087 -21.418 -0.085 -21.447 -0.086 -21.467 -0.088 -21.437 -0.110 -21.410 -0.120 -21.225 -0.206 9.450 0.213 5.092 0.210 44.168 42.362
-23.800 -21.132 -0.094 -21.144 -0.092 -21.240 -0.085 -21.422 -0.084 -21.451 -0.084 -21.472 -0.086 -21.446 -0.108 -21.419 -0.118 -21.238 -0.205 9.427 0.204 5.128 0.203 44.170 42.342
-23.400 -21.137 -0.092 -21.149 -0.090 -21.245 -0.084 -21.426 -0.083 -21.456 -0.083 -21.477 -0.085 -21.454 -0.107 -21.429 -0.117 -21.250 -0.203 9.405 0.195 5.163 0.197 44.172 42.322
-23.000 -21.142 -0.090 -21.154 -0.089 -21.249 -0.083 -21.430 -0.082 -21.460 -0.082 -21.482 -0.084 -21.462 -0.105 -21.437 -0.115 -21.262 -0.202 9.383 0.186 5.198 0.190 44.174 42.302
-22.600 -21.147 -0.089 -21.159 -0.087 -21.253 -0.081 -21.434 -0.081 -21.464 -0.081 -21.486 -0.083 -21.470 -0.104 -21.446 -0.114 -21.274 -0.201 9.362 0.177 5.232 0.183 44.176 42.282
-22.200 -21.151 -0.088 -21.163 -0.086 -21.257 -0.080 -21.438 -0.080 -21.469 -0.080 -21.491 -0.082 -21.478 -0.102 -21.455 -0.112 -21.286 -0.200 9.342 0.169 5.265 0.177 44.177 42.262
-21.800 -21.156 -0.086 -21.167 -0.085 -21.261 -0.079 -21.442 -0.079 -21.472 -0.079 -21.495 -0.081 -21.485 -0.101 -21.463 -0.110 -21.297 -0.198 9.323 0.161 5.297 0.170 44.179 42.242
-21.400 -21.160 -0.085 -21.171 -0.084 -21.265 -0.078 -21.446 -0.078 -21.476 -0.078 -21.500 -0.080 -21.492 -0.099 -21.471 -0.109 -21.309 -0.197 9.304 0.154 5.329 0.164 44.181 42.224
-21.000 -21.164 -0.084 -21.176 -0.083 -21.268 -0.078 -21.449 -0.078 -21.480 -0.078 -21.504 -0.080 -21.500 -0.098 -21.479 -0.107 -21.320 -0.196 9.285 0.148 5.360 0.159 44.182 42.206
-20.600 -21.168 -0.084 -21.180 -0.082 -21.272 -0.077 -21.453 -0.077 -21.484 -0.077 -21.508 -0.079 -21.507 -0.097 -21.487 -0.106 -21.331 -0.195 9.268 0.141 5.391 0.154 44.184 42.189
-20.200 -21.172 -0.083 -21.183 -0.082 -21.276 -0.076 -21.456 -0.077 -21.488 -0.077 -21.513 -0.078 -21.514 -0.096 -21.495 -0.105 -21.342 -0.193 9.250 0.136 5.421 0.149 44.186 42.173
-19.800 -21.176 -0.083 -21.187 -0.081 -21.279 -0.076 -21.460 -0.076 -21.492 -0.076 -21.517 -0.078 -21.521 -0.094 -21.502 -0.104 -21.352 -0.192 9.234 0.131 5.451 0.144 44.187 42.158
-19.400 -21.180 -0.082 -21.191 -0.081 -21.283 -0.076 -21.463 -0.076 -21.496 -0.076 -21.521 -0.077 -21.528 -0.093 -21.510 -0.102 -21.363 -0.191 9.218 0.126 5.480 0.140 44.189 42.144
-19.000 -21.184 -0.082 -21.195 -0.081 -21.286 -0.076 -21.467 -0.076 -21.499 -0.076 -21.525 -0.077 -21.534 -0.092 -21.517 -0.101 -21.373 -0.190 9.202 0.122 5.509 0.136 44.190 42.131
-18.600 -21.188 -0.082 -21.199 -0.081 -21.290 -0.075 -21.471 -0.076 -21.503 -0.076 -21.530 -0.077 -21.541 -0.091 -21.525 -0.100 -21.383 -0.189 9.187 0.118 5.537 0.133 44.192 42.119
-18.200 -21.192 -0.082 -21.203 -0.081 -21.293 -0.075 -21.474 -0.076 -21.507 -0.075 -21.534 -0.076 -21.547 -0.090 -21.532 -0.099 -21.393 -0.188 9.173 0.114 5.565 0.130 44.194 42.109
-17.800 -21.196 -0.082 -21.207 -0.081 -21.297 -0.076 -21.478 -0.075 -21.511 -0.075 -21.538 -0.076 -21.554 -0.090 -21.539 -0.098 -21.402 -0.187 9.159 0.111 5.592 0.127 44.195 42.099
-17.400 -21.200 -0.083 -21.211 -0.081 -21.301 -0.076 -21.482 -0.075 -21.515 -0.075 -21.543 -0.076 -21.560 -0.089 -21.546 -0.097 -21.412 -0.186 9.146 0.108 5.618 0.125 44.197 42.091
-17.000 -21.204 -0.083 -21.215 -0.081 -21.305 -0.076 -21.486 -0.075 -21.519 -0.075 -21.547 -0.076 -21.567 -0.088 -21.553 -0.096 -21.421 -0.185 9.134 0.106 5.644 0.123 44.199 42.083
-16.600 -21.209 -0.083 -21.220 -0.082 -21.309 -0.076 -21.490 -0.076 -21.523 -0.075 -21.552 -0.076 -21.573 -0.087 -21.559 -0.096 -21.430 -0.184 9.123 0.103 5.669 0.121 44.201 42.077
-16.200 -21.213 -0.083 -21.224 -0.082 -21.313 -0.076 -21.494 -0.076 -21.528 -0.075 -21.556 -0.076 -21.579 -0.087 -21.566 -0.095 -21.440 -0.183 9.114 0.101 5.693 0.119 44.202 42.071
-15.800 -21.218 -0.084 -21.228 -0.082 -21.317 -0.077 -21.498 -0.076 -21.532 -0.075 -21.561 -0.076 -21.585 -0.086 -21.572 -0.094 -21.448 -0.182 9.105 0.100 5.716 0.117 44.204 42.066
-15.400 -21.222 -0.084 -21.233 -0.082 -21.321 -0.077 -21.502 -0.076 -21.536 -0.075 -21.565 -0.076 -21.591 -0.086 -21.579 -0.094 -21.457 -0.181 9.097 0.098 5.738 0.116 44.206 42.061
-15.000 -21.227 -0.084 -21.238 -0.083 -21.326 -0.077 -21.507 -0.076 -21.541 -0.075 -21.570 -0.076 -21.596 -0.085 -21.585 -0.093 -21.466 -0.180 9.091 0.096 5.759 0.114 44.208 42.057
-14.600 -21.232 -0.084 -21.243 -0.083 -21.330 -0.077 -21.511 -0.076 -21.546 -0.075 -21.575 -0.076 -21.602 -0.085 -21.591 -0.093 -21.474 -0.180 9.086 0.095 5.778 0.113 44.210 42.053
-14.200 -21.237 -0.085 -21.248 -0.083 -21.335 -0.078 -21.516 -0.076 -21.550 -0.076 -21.580 -0.076 -21.608 -0.085 -21.597 -0.092 -21.482 -0.179 9.083 0.093 5.796 0.112 44.212 42.049
-13.800 -21.243 -0.085 -21.253 -0.083 -21.340 -0.078 -21.521 -0.077 -21.555 -0.076 -21.585 -0.076 -21.613 -0.085 -21.603 -0.092 -21.490 -0.178 9.081 0.092 5.812 0.110 44.214 42.045
-13.400 -21.248 -0.085 -21.259 -0.083 -21.346 -0.078 -21.526 -0.077 -21.560 -0.076 -21.590 -0.076 -21.618 -0.085 -21.608 -0.092 -21.498 -0.177 9.081 0.090 5.827 0.109 44.216 42.041
-13.000 -21.254 -0.085 -21.265 -0.084 -21.351 -0.079 -21.531 -0.077 -21.565 -0.076 -21.595 -0.076 -21.623 -0.085 -21.613 -0.092 -21.506 -0.177 9.082 0.089 5.839 0.107 44.218 42.037
-12.600 -21.260 -0.085 -21.271 -0.084 -21.357 -0.079 -21.536 -0.077 -21.571 -0.076 -21.600 -0.076 -21.628 -0.085 -21.619 -0.092 -21.514 -0.176 9.086 0.088 5.850 0.106 44.221 42.033
-12.200 -21.267 -0.085 -21.277 -0.084 -21.363 -0.079 -21.541 -0.078 -21.576 -0.077 -21.605 -0.077 -21.633 -0.085 -21.624 -0.092 -21.522 -0.175 9.091 0.086 5.859 0.104 44.223 42.029
-11.800 -21.273 -0.085 -21.284 -0.084 -21.369 -0.079 -21.547 -0.078 -21.582 -0.077 -21.611 -0.077 -21.638 -0.085 -21.629 -0.092 -21.529 -0.175 9.098 0.085 5.867 0.102 44.225 42.025
-11.400 -21.280 -0.085 -21.290 -0.084 -21.375 -0.079 -21.553 -0.078 -21.587 -0.077 -21.616 -0.077 -21.643 -0.085 -21.634 -0.092 -21.537 -0.174 9.106 0.084 5.873 0.101 44.228 42.020
-11.000 -21.287 -0.085 -21.297 -0.084 -21.382 -0.079 -21.558 -0.078 -21.593 -0.078 -21.622 -0.077 -21.648 -0.085 -21.639 -0.092 -21.544 -0.174 9.116 0.082 5.877 0.099 44.230 42.016
-10.600 -21.294 -0.085 -21.305 -0.083 -21.389 -0.079 -21.564 -0.079 -21.599 -0.078 -21.627 -0.078 -21.652 -0.085 -21.643 -0.092 -21.551 -0.173 9.127 0.081 5.880 0.097 44.233 42.010
-10.200 -21.302 -0.084 -21.312 -0.083 -21.395 -0.079 -21.570 -0.079 -21.604 -0.078 -21.633 -0.078 -21.657 -0.086 -21.648 -0.092 -21.558 -0.172 9.140 0.079 5.881 0.095 44.235 42.005
-9.800 -21.309 -0.084 -21.319 -0.083 -21.403 -0.079 -21.576 -0.079 -21.610 -0.079 -21.638 -0.078 -21.661 -0.086 -21.653 -0.093 -21.566 -0.172 9.154 0.078 5.881 0.093 44.238 41.999
-9.400 -21.317 -0.084 -21.327 -0.083 -21.410 -0.079 -21.582 -0.080 -21.616 -0.079 -21.644 -0.079 -21.666 -0.086 -21.657 -0.093 -21.573 -0.171 9.169 0.076 5.880 0.091 44.241 41.992
-9.000 -21.325 -0.083 -21.335 -0.082 -21.417 -0.078 -21.588 -0.080 -21.622 -0.079 -21.649 -0.079 -21.670 -0.087 -21.662 -0.093 -21.580 -0.171 9.185 0.074 5.878 0.089 44.244 41.985
-8.600 -21.333 -0.083 -21.343 -0.082 -21.425 -0.078 -21.595 -0.080 -21.628 -0.080 -21.655 -0.079 -21.675 -0.087 -21.666 -0.093 -21.586 -0.170 9.202 0.073 5.875 0.086 44.246 41.978
-8.200 -21.341 -0.082 -21.351 -0.081 -21.432 -0.078 -21.601 -0.080 -21.633 -0.080 -21.660 -0.080 -21.679 -0.087 -21.671 -0.094 -21.593 -0.170 9.221 0.071 5.871 0.084 44.249 41.971
-7.800 -21.349 -0.082 -21.359 -0.081 -21.440 -0.077 -21.607 -0.080 -21.639 -0.080 -21.665 -0.080 -21.684 -0.088 -21.676 -0.094 -21.600 -0.169 9.240 0.069 5.866 0.082 44.252 41.963
-7.400 -21.358 -0.081 -21.368 -0.080 -21.448 -0.077 -21.614 -0.081 -21.645 -0.080 -21.671 -0.080 -21.689 -0.088 -21.681 -0.094 -21.607 -0.168 9.259 0.068 5.861 0.080 44.255 41.955
-7.000 -21.366 -0.081 -21.376 -0.080 -21.456 -0.076 -21.620 -0.081 -21.651 -0.080 -21.676 -0.080 -21.693 -0.088 -21.685 -0.094 -21.614 -0.168 9.279 0.066 5.856 0.078 44.258 41.947
-6.600 -21.375 -0.080 -21.385 -0.079 -21.465 -0.076 -21.627 -0.081 -21.657 -0.081 -21.682 -0.081 -21.698 -0.088 -21.690 -0.095 -21.621 -0.167 9.300 0.065 5.851 0.076 44.261 41.940
-6.200 -21.384 -0.080 -21.394 -0.078 -21.473 -0.075 -21.634 -0.081 -21.664 -0.081 -21.687 -0.081 -21.703 -0.089 -21.695 -0.095 -21.628 -0.167 9.321 0.063 5.846 0.074 44.264 41.932
-5.800 -21.393 -0.079 -21.403 -0.078 -21.482 -0.075 -21.641 -0.081 -21.670 -0.081 -21.693 -0.081 -21.708 -0.089 -21.700 -0.095 -21.634 -0.166 9.341 0.062 5.841 0.072 44.267 41.926
-5.400 -21.402 -0.078 -21.412 -0.077 -21.490 -0.074 -21.648 -0.081 -21.676 -0.081 -21.699 -0.081 -21.713 -0.089 -21.706 -0.095 -21.641 -0.165 9.362 0.061 5.837 0.070 44.271 41.919
-5.000 -21.411 -0.078 -21.421 -0.077 -21.499 -0.074 -21.655 -0.080 -21.683 -0.081 -21.705 -0.081 -21.719 -0.090 -21.711 -0.096 -21.648 -0.165 9.382 0.060 5.834 0.069 44.274 41.913
-4.600 -21.420 -0.077 -21.430 -0.076 -21.508 -0.073 -21.662 -0.080 -21.690 -0.081 -21.711 -0.081 -21.724 -0.090 -21.717 -0.096 -21.655 -0.164 9.402 0.058 5.831 0.067 44.277 41.908
-4.200 -21.429 -0.077 -21.439 -0.076 -21.516 -0.073 -21.670 -0.080 -21.697 -0.080 -21.717 -0.081 -21.730 -0.090 -21.722 -0.096 -21.661 -0.163 9.421 0.057 5.829 0.066 44.281 41.903
-3.800 -21.438 -0.076 -21.448 -0.075 -21.525 -0.072 -21.677 -0.080 -21.704 -0.080 -21.724 -0.081 -21.736 -0.090 -21.728 -0.096 -21.668 -0.162 9.441 0.056 5.828 0.064 44.284 41.898
-3.400 -21.448 -0.076 -21.458 -0.075 -21.534 -0.072 -21.685 -0.079 -21.711 -0.080 -21.731 -0.081 -21.742 -0.090 -21.734 -0.096 -21.675 -0.161 9.459 0.055 5.828 0.063 44.287 41.893
-3.000 -21.457 -0.076 -21.467 -0.074 -21.544 -0.072 -21.693 -0.079 -21.718 -0.080 -21.738 -0.081 -21.748 -0.091 -21.740 -0.097 -21.682 -0.161 9.478 0.054 5.829 0.062 44.291 41.888
-2.600 -21.467 -0.075 -21.476 -0.074 -21.553 -0.071 -21.701 -0.079 -21.726 -0.079 -21.745 -0.080 -21.754 -0.091 -21.747 -0.097 -21.689 -0.160 9.496 0.053 5.830 0.060 44.294 41.883
-2.200 -21.476 -0.075 -21.486 -0.074 -21.562 -0.071 -21.709 -0.078 -21.734 -0.079 -21.752 -0.080 -21.760 -0.091 -21.753 -0.097 -21.695 -0.159 9.514 0.052 5.832 0.059 44.298 41.878
-1.800 -21.486 -0.075 -21.495 -0.074 -21.572 -0.070 -21.718 -0.078 -21.741 -0.079 -21.759 -0.080 -21.767 -0.091 -21.759 -0.097 -21.702 -0.158 9.532 0.051 5.835 0.058 44.302 41.873
-1.400 -21.495 -0.075 -21.505 -0.073 -21.581 -0.070 -21.726 -0.078 -21.750 -0.078 -21.767 -0.080 -21.773 -0.091 -21.766 -0.097 -21.709 -0.157 9.549 0.050 5.838 0.056 44.305 41.868
-1.000 -21.505 -0.075 -21.515 -0.073 -21.591 -0.070 -21.735 -0.077 -21.758 -0.078 -21.774 -0.079 -21.780 -0.091 -21.772 -0.097 -21.716 -0.156 9.567 0.049 5.841 0.055 44.309 41.862
-0.600 -21.515 -0.074 -21.525 -0.073 -21.601 -0.069 -21.744 -0.077 -21.766 -0.077 -21.782 -0.079 -21.786 -0.091 -21.779 -0.096 -21.722 -0.154 9.584 0.048 5.845 0.053 44.313 41.856
-0.200 -21.525 -0.074 -21.534 -0.073 -21.610 -0.069 -21.753 -0.076 -21.775 -0.077 -21.790 -0.078 -21.793 -0.091 -21.785 -0.096 -21.729 -0.153 9.602 0.047 5.850 0.052 44.316 41.850
0.200 -21.534 -0.074 -21.544 -0.073 -21.620 -0.069 -21.762 -0.076 -21.783 -0.076 -21.798 -0.078 -21.800 -0.090 -21.792 -0.096 -21.736 -0.152 9.619 0.046 5.854 0.050 44.320 41.845
0.600 -21.544 -0.074 -21.554 -0.073 -21.630 -0.069 -21.771 -0.075 -21.792 -0.076 -21.807 -0.077 -21.806 -0.090 -21.798 -0.096 -21.742 -0.151 9.637 0.045 5.859 0.049 44.324 41.839
1.000 -21.554 -0.074 -21.564 -0.073 -21.641 -0.068 -21.781 -0.074 -21.801 -0.075 -21.815 -0.077 -21.813 -0.090 -21.805 -0.095 -21.749 -0.149 9.655 0.044 5.863 0.048 44.328 41.835
1.400 -21.564 -0.074 -21.574 -0.073 -21.651 -0.068 -21.790 -0.074 -21.810 -0.075 -21.823 -0.076 -21.820 -0.089 -21.812 -0.095 -21.755 -0.148 9.673 0.043 5.868 0.047 44.332 41.832
1.800 -21.574 -0.074 -21.584 -0.073 -21.661 -0.068 -21.800 -0.073 -21.819 -0.074 -21.832 -0.076 -21.827 -0.089 -21.818 -0.094 -21.762 -0.146 9.691 0.042 5.873 0.046 44.336 41.831
2.200 -21.584 -0.075 -21.594 -0.073 -21.672 -0.068 -21.810 -0.073 -21.828 -0.073 -21.840 -0.075 -21.833 -0.088 -21.825 -0.094 -21.768 -0.145 9.710 0.042 5.877 0.045 44.340 41.834
2.600 -21.594 -0.075 -21.604 -0.073 -21.682 -0.068 -21.819 -0.072 -21.838 -0.073 -21.849 -0.074 -21.840 -0.088 -21.831 -0.093 -21.774 -0.143 9.729 0.042 5.881 0.045 44.344 41.842
3.000 -21.604 -0.075 -21.614 -0.073 -21.693 -0.068 -21.829 -0.071 -21.847 -0.072 -21.857 -0.074 -21.847 -0.087 -21.837 -0.092 -21.781 -0.142 9.748 0.043 5.885 0.046 44.348 41.856
3.400 -21.613 -0.075 -21.624 -0.073 -21.703 -0.068 -21.839 -0.071 -21.856 -0.071 -21.866 -0.073 -21.853 -0.086 -21.844 -0.091 -21.787 -0.140 9.768 0.044 5.889 0.047 44.352 41.876
3.800 -21.623 -0.075 -21.633 -0.074 -21.713 -0.068 -21.849 -0.070 -21.865 -0.071 -21.874 -0.072 -21.859 -0.086 -21.850 -0.091 -21.793 -0.138 9.787 0.046 5.892 0.049 44.356 41.902
4.200 -21.633 -0.075 -21.643 -0.074 -21.724 -0.068 -21.858 -0.069 -21.874 -0.070 -21.883 -0.072 -21.866 -0.085 -21.856 -0.090 -21.799 -0.137 9.807 0.049 5.895 0.052 44.360 41.934
4.600 -21.642 -0.075 -21.653 -0.074 -21.734 -0.068 -21.868 -0.069 -21.883 -0.069 -21.891 -0.071 -21.872 -0.084 -21.862 -0.089 -21.804 -0.135 9.827 0.052 5.898 0.055 44.364 41.970
5.000 -21.651 -0.075 -21.662 -0.074 -21.744 -0.068 -21.877 -0.068 -21.892 -0.068 -21.899 -0.070 -21.878 -0.083 -21.867 -0.088 -21.810 -0.133 9.846 0.056 5.900 0.059 44.368 42.008
5.400 -21.660 -0.075 -21.671 -0.074 -21.753 -0.068 -21.887 -0.067 -21.901 -0.067 -21.907 -0.069 -21.884 -0.082 -21.873 -0.087 -21.815 -0.131 9.866 0.060 5.902 0.063 44.371 42.048
5.800 -21.669 -0.075 -21.680 -0.074 -21.763 -0.068 -21.896 -0.067 -21.909 -0.067 -21.915 -0.068 -21.889 -0.081 -21.878 -0.086 -21.821 -0.129 9.885 0.065 5.904 0.068 44.375 42.088
6.200 -21.677 -0.075 -21.688 -0.073 -21.772 -0.068 -21.905 -0.066 -21.918 -0.066 -21.923 -0.068 -21.895 -0.081 -21.884 -0.085 -21.826 -0.127 9.905 0.071 5.906 0.073 44.379 42.128
6.600 -21.686 -0.075 -21.697 -0.073 -21.781 -0.068 -21.914 -0.065 -21.926 -0.065 -21.930 -0.067 -21.900 -0.080 -21.889 -0.084 -21.831 -0.125 9.924 0.076 5.907 0.078 44.382 42.168
7.000 -21.693 -0.074 -21.705 -0.073 -21.790 -0.067 -21.922 -0.064 -21.934 -0.064 -21.937 -0.066 -21.905 -0.079 -21.893 -0.082 -21.836 -0.123 9.942 0.082 5.909 0.084 44.386 42.205
7.400 -21.701 -0.074 -21.712 -0.073 -21.798 -0.067 -21.930 -0.063 -21.942 -0.063 -21.944 -0.065 -21.910 -0.077 -21.898 -0.081 -21.840 -0.121 9.960 0.088 5.910 0.090 44.389 42.242
7.800 -21.708 -0.074 -21.720 -0.072 -21.806 -0.067 -21.938 -0.062 -21.949 -0.062 -21.951 -0.064 -21.914 -0.076 -21.902 -0.080 -21.845 -0.119 9.978 0.094 5.910 0.095 44.392 42.276
8.200 -21.715 -0.073 -21.726 -0.072 -21.813 -0.066 -21.946 -0.062 -21.956 -0.061 -21.957 -0.063 -21.919 -0.075 -21.906 -0.079 -21.849 -0.116 9.994 0.100 5.911 0.101 44.395 42.308
8.600 -21.721 -0.073 -21.733 -0.071 -21.821 -0.066 -21.953 -0.061 -21.963 -0.061 -21.963 -0.062 -21.923 -0.074 -21.910 -0.078 -21.853 -0.114 10.010 0.106 5.911 0.107 44.398 42.338
9.000 -21.728 -0.072 -21.739 -0.071 -21.827 -0.065 -21.960 -0.060 -21.969 -0.060 -21.968 -0.061 -21.926 -0.073 -21.913 -0.077 -21.857 -0.112 10.026 0.112 5.912 0.112 44.401 42.366
9.400 -21.733 -0.072 -21.745 -0.070 -21.833 -0.065 -21.966 -0.059 -21.975 -0.059 -21.974 -0.061 -21.930 -0.072 -21.916 -0.076 -21.861 -0.110 10.040 0.117 5.912 0.117 44.403 42.392
9.800 -21.738 -0.071 -21.750 -0.070 -21.839 -0.064 -21.972 -0.058 -21.980 -0.058 -21.978 -0.060 -21.933 -0.071 -21.919 -0.074 -21.864 -0.108 10.053 0.123 5.912 0.122 44.405 42.414
10.200 -21.743 -0.070 -21.755 -0.069 -21.844 -0.063 -21.977 -0.057 -21.985 -0.057 -21.982 -0.059 -21.935 -0.070 -21.922 -0.073 -21.867 -0.106 10.065 0.127 5.912 0.127 44.408 42.435
10.600 -21.747 -0.069 -21.759 -0.068 -21.849 -0.062 -21.982 -0.056 -21.989 -0.056 -21.986 -0.058 -21.938 -0.070 -21.924 -0.072 -21.870 -0.104 10.076 0.132 5.912 0.131 44.409 42.453
11.000 -21.751 -0.068 -21.763 -0.067 -21.853 -0.062 -21.986 -0.055 -21.993 -0.055 -21.989 -0.057 -21.940 -0.069 -21.926 -0.071 -21.873 -0.102 10.085 0.136 5.912 0.134 44.411 42.467
11.400 -21.754 -0.068 -21.766 -0.066 -21.856 -0.061 -21.989 -0.053 -21.996 -0.054 -21.992 -0.056 -21.941 -0.068 -21.928 -0.071 -21.875 -0.100 10.094 0.139 5.912 0.137 44.412 42.479
11.800 -21.757 -0.067 -21.769 -0.065 -21.859 -0.060 -21.992 -0.052 -21.998 -0.053 -21.994 -0.055 -21.943 -0.067 -21.929 -0.070 -21.877 -0.099 10.101 0.141 5.911 0.139 44.414 42.488
12.200 -21.759 -0.066 -21.771 -0.064 -21.862 -0.059 -21.994 -0.051 -22.000 -0.052 -21.996 -0.054 -21.944 -0.067 -21.930 -0.069 -21.879 -0.097 10.107 0.143 5.911 0.141 44.415 42.493
12.600 -21.761 -0.065 -21.773 -0.063 -21.863 -0.058 -21.995 -0.050 -22.001 -0.051 -21.997 -0.054 -21.944 -0.066 -21.930 -0.068 -21.881 -0.095 10.111 0.143 5.910 0.141 44.415 42.494
13.000 -21.762 -0.064 -21.774 -0.062 -21.865 -0.057 -21.996 -0.049 -22.002 -0.050 -21.997 -0.053 -21.944 -0.066 -21.931 -0.068 -21.882 -0.094 10.114 0.143 5.910 0.141 44.416 42.493
13.400 -21.762 -0.063 -21.774 -0.061 -21.865 -0.056 -21.996 -0.049 -22.002 -0.049 -21.997 -0.052 -21.944 -0.065 -21.931 -0.067 -21.883 -0.093 10.116 0.142 5.909 0.140 44.416 42.488
13.800 -21.763 -0.062 -21.775 -0.060 -21.865 -0.055 -21.995 -0.048 -22.001 -0.048 -21.996 -0.051 -21.944 -0.065 -21.930 -0.067 -21.884 -0.092 10.116 0.140 5.908 0.138 44.416 42.480
14.200 -21.762 -0.060 -21.774 -0.059 -21.865 -0.054 -21.994 -0.047 -22.000 -0.047 -21.995 -0.051 -21.943 -0.065 -21.930 -0.067 -21.885 -0.090 10.115 0.137 5.907 0.135 44.415 42.470
14.600 -21.761 -0.059 -21.773 -0.058 -21.864 -0.054 -21.992 -0.046 -21.998 -0.046 -21.993 -0.050 -21.942 -0.064 -21.929 -0.067 -21.885 -0.090 10.113 0.133 5.906 0.132 44.415 42.456
15.000 -21.760 -0.058 -21.772 -0.057 -21.862 -0.053 -21.989 -0.045 -21.995 -0.046 -21.991 -0.050 -21.940 -0.064 -21.928 -0.067 -21.885 -0.089 10.109 0.129 5.906 0.128 44.414 42.440
15.400 -21.758 -0.057 -21.770 -0.056 -21.860 -0.052 -21.986 -0.045 -21.992 -0.045 -21.988 -0.049 -21.939 -0.064 -21.926 -0.066 -21.885 -0.088 10.104 0.125 5.905 0.124 44.413 42.421
15.800 -21.756 -0.056 -21.768 -0.055 -21.857 -0.051 -21.983 -0.044 -21.989 -0.045 -21.985 -0.049 -21.937 -0.064 -21.925 -0.067 -21.885 -0.088 10.098 0.120 5.904 0.119 44.412 42.399
16.200 -21.753 -0.056 -21.765 -0.054 -21.854 -0.050 -21.978 -0.044 -21.985 -0.044 -21.981 -0.049 -21.934 -0.064 -21.923 -0.067 -21.885 -0.087 10.091 0.114 5.902 0.114 44.411 42.374
16.600 -21.750 -0.055 -21.762 -0.053 -21.850 -0.050 -21.974 -0.043 -21.980 -0.044 -21.977 -0.049 -21.932 -0.065 -21.921 -0.067 -21.885 -0.087 10.083 0.108 5.900 0.108 44.409 42.347
17.000 -21.746 -0.054 -21.758 -0.053 -21.846 -0.049 -21.969 -0.043 -21.975 -0.044 -21.973 -0.049 -21.929 -0.065 -21.918 -0.067 -21.884 -0.087 10.074 0.102 5.898 0.103 44.407 42.318
17.400 -21.742 -0.054 -21.754 -0.052 -21.841 -0.049 -21.963 -0.043 -21.970 -0.044 -21.968 -0.049 -21.926 -0.065 -21.916 -0.068 -21.884 -0.087 10.065 0.096 5.896 0.097 44.405 42.286
17.800 -21.738 -0.053 -21.749 -0.052 -21.836 -0.049 -21.957 -0.043 -21.964 -0.044 -21.963 -0.049 -21.923 -0.066 -21.913 -0.068 -21.883 -0.087 10.054 0.090 5.893 0.091 44.403 42.253
18.200 -21.733 -0.053 -21.744 -0.052 -21.831 -0.049 -21.951 -0.044 -21.958 -0.045 -21.957 -0.050 -21.919 -0.066 -21.910 -0.068 -21.882 -0.088 10.043 0.084 5.891 0.085 44.401 42.218
18.600 -21.727 -0.053 -21.739 -0.052 -21.825 -0.049 -21.945 -0.044 -21.952 -0.046 -21.951 -0.050 -21.916 -0.067 -21.907 -0.069 -21.882 -0.088 10.031 0.078 5.888 0.080 44.398 42.184
19.000 -21.722 -0.054 -21.733 -0.052 -21.818 -0.049 -21.938 -0.045 -21.945 -0.046 -21.945 -0.051 -21.912 -0.067 -21.904 -0.070 -21.881 -0.089 10.018 0.073 5.886 0.075 44.396 42.150
19.400 -21.716 -0.054 -21.727 -0.052 -21.812 -0.049 -21.931 -0.046 -21.939 -0.047 -21.939 -0.051 -21.909 -0.068 -21.901 -0.070 -21.880 -0.090 10.004 0.069 5.884 0.070 44.393 42.120
19.800 -21.709 -0.054 -21.720 -0.053 -21.805 -0.049 -21.923 -0.047 -21.931 -0.048 -21.932 -0.052 -21.905 -0.069 -21.897 -0.071 -21.879 -0.091 9.988 0.065 5.883 0.067 44.390 42.093
20.200 -21.702 -0.055 -21.714 -0.054 -21.798 -0.050 -21.916 -0.048 -21.924 -0.049 -21.926 -0.053 -21.901 -0.069 -21.894 -0.072 -21.878 -0.092 9.971 0.063 5.883 0.065 44.387 42.073
20.600 -21.695 -0.056 -21.707 -0.054 -21.790 -0.051 -21.908 -0.049 -21.917 -0.050 -21.919 -0.054 -21.897 -0.070 -21.890 -0.073 -21.877 -0.093 9.952 0.062 5.885 0.064 44.384 42.062
21.000 -21.688 -0.057 -21.699 -0.055 -21.782 -0.051 -21.900 -0.050 -21.909 -0.051 -21.912 -0.055 -21.892 -0.071 -21.887 -0.074 -21.876 -0.094 9.932 0.062 5.887 0.064 44.381 42.058
21.400 -21.681 -0.058 -21.692 -0.056 -21.774 -0.052 -21.892 -0.051 -21.902 -0.052 -21.905 -0.056 -21.888 -0.072 -21.883 -0.074 -21.875 -0.095 9.911 0.063 5.890 0.066 44.378 42.063
21.800 -21.673 -0.059 -21.684 -0.057 -21.766 -0.053 -21.884 -0.053 -21.894 -0.053 -21.898 -0.057 -21.884 -0.072 -21.880 -0.075 -21.874 -0.097 9.888 0.065 5.895 0.068 44.374 42.074
22.200 -21.665 -0.060 -21.676 -0.058 -21.758 -0.054 -21.876 -0.054 -21.886 -0.054 -21.891 -0.058 -21.880 -0.073 -21.876 -0.076 -21.873 -0.098 9.864 0.068 5.901 0.072 44.371 42.090
22.600 -21.657 -0.061 -21.668 -0.059 -21.749 -0.055 -21.868 -0.055 -21.879 -0.056 -21.884 -0.059 -21.875 -0.074 -21.872 -0.077 -21.872 -0.099 9.839 0.072 5.908 0.076 44.367 42.108
23.000 -21.648 -0.062 -21.659 -0.061 -21.741 -0.056 -21.860 -0.056 -21.871 -0.057 -21.877 -0.060 -21.871 -0.075 -21.869 -0.077 -21.870 -0.100 9.812 0.076 5.916 0.081 44.364 42.129
23.400 -21.640 -0.064 -21.651 -0.062 -21.732 -0.057 -21.851 -0.058 -21.863 -0.058 -21.870 -0.060 -21.867 -0.075 -21.865 -0.078 -21.869 -0.101 9.784 0.080 5.926 0.086 44.361 42.150
23.800 -21.631 -0.065 -21.642 -0.063 -21.723 -0.059 -21.843 -0.059 -21.856 -0.059 -21.863 -0.061 -21.862 -0.076 -21.861 -0.079 -21.868 -0.102 9.759 0.085 5.933 0.091 44.357 42.171
24.200 -21.622 -0.066 -21.633 -0.065 -21.714 -0.060 -21.835 -0.060 -21.848 -0.060 -21.856 -0.062 -21.858 -0.076 -21.857 -0.079 -21.867 -0.103 9.726 0.089 5.949 0.097 44.353 42.191
24.600 -21.614 -0.068 -21.624 -0.066 -21.705 -0.061 -21.827 -0.061 -21.840 -0.061 -21.849 -0.063 -21.854 -0.077 -21.854 -0.080 -21.866 -0.104 9.696 0.094 5.962 0.103 44.350 42.210
25.000 -21.605 -0.069 -21.615 -0.068 -21.697 -0.062 -21.819 -0.062 -21.833 -0.062 -21.842 -0.064 -21.849 -0.077 -21.850 -0.080 -21.865 -0.105 9.665 0.099 5.976 0.108 44.346 42.228
25.400 -21.596 -0.071 -21.606 -0.069 -21.688 -0.064 -21.811 -0.063 -21.826 -0.063 -21.835 -0.065 -21.845 -0.078 -21.846 -0.081 -21.863 -0.106 9.633 0.103 5.991 0.114 44.343 42.245
25.800 -21.587 -0.072 -21.597 -0.071 -21.679 -0.065 -21.803 -0.064 -21.818 -0.064 -21.828 -0.066 -21.841 -0.078 -21.843 -0.081 -21.862 -0.107 9.600 0.108 6.007 0.120 44.339 42.260
26.200 -21.578 -0.074 -21.588 -0.072 -21.670 -0.066 -21.795 -0.065 -21.811 -0.065 -21.822 -0.066 -21.837 -0.079 -21.839 -0.081 -21.861 -0.107 9.567 0.112 6.025 0.126 44.336 42.274
26.600 -21.568 -0.075 -21.579 -0.074 -21.661 -0.068 -21.788 -0.066 -21.804 -0.066 -21.815 -0.067 -21.832 -0.079 -21.836 -0.082 -21.860 -0.108 9.533 0.116 6.043 0.131 44.332 42.287
27.000 -21.559 -0.077 -21.570 -0.075 -21.652 -0.069 -21.780 -0.066 -21.797 -0.066 -21.809 -0.068 -21.828 -0.079 -21.832 -0.082 -21.859 -0.108 9.498 0.120 6.062 0.137 44.329 42.299
27.400 -21.550 -0.078 -21.561 -0.077 -21.643 -0.070 -21.772 -0.067 -21.790 -0.067 -21.802 -0.068 -21.824 -0.079 -21.829 -0.082 -21.858 -0.109 9.463 0.124 6.082 0.142 44.325 42.310
27.800 -21.540 -0.079 -21.551 -0.078 -21.634 -0.071 -21.765 -0.068 -21.783 -0.068 -21.796 -0.069 -21.820 -0.079 -21.825 -0.082 -21.857 -0.109 9.428 0.127 6.103 0.148 44.322 42.319
28.200 -21.531 -0.081 -21.542 -0.079 -21.625 -0.072 -21.757 -0.068 -21.776 -0.068 -21.790 -0.069 -21.816 -0.079 -21.822 -0.082 -21.856 -0.109 9.393 0.131 6.125 0.153 44.318 42.328
28.600 -21.522 -0.082 -21.533 -0.080 -21.616 -0.073 -21.750 -0.069 -21.769 -0.068 -21.783 -0.069 -21.812 -0.079 -21.818 -0.082 -21.855 -0.110 9.362 0.134 6.142 0.158 44.315 42.336
29.000 -21.512 -0.083 -21.523 -0.082 -21.607 -0.074 -21.743 -0.069 -21.762 -0.069 -21.777 -0.070 -21.808 -0.079 -21.815 -0.081 -21.854 -0.110 9.321 0.137 6.170 0.163 44.311 42.343
29.400 -21.503 -0.084 -21.514 -0.083 -21.598 -0.075 -21.735 -0.070 -21.755 -0.069 -21.771 -0.070 -21.804 -0.078 -21.811 -0.081 -21.853 -0.110 9.290 0.140 6.188 0.168 44.308 42.349
29.800 -21.493 -0.085 -21.504 -0.084 -21.589 -0.076 -21.728 -0.070 -21.749 -0.069 -21.765 -0.070 -21.800 -0.078 -21.808 -0.081 -21.852 -0.110 9.255 0.143 6.210 0.173 44.305 42.355
30.200 -21.484 -0.086 -21.495 -0.085 -21.580 -0.076 -21.721 -0.070 -21.742 -0.069 -21.759 -0.070 -21.796 -0.077 -21.805 -0.080 -21.851 -0.110 9.220 0.146 6.234 0.178 44.301 42.360
30.600 -21.474 -0.087 -21.486 -0.086 -21.571 -0.077 -21.714 -0.070 -21.735 -0.069 -21.753 -0.070 -21.792 -0.077 -21.801 -0.080 -21.849 -0.109 9.184 0.148 6.259 0.183 44.298 42.364
31.000 -21.465 -0.088 -21.476 -0.086 -21.562 -0.077 -21.706 -0.070 -21.729 -0.069 -21.747 -0.070 -21.788 -0.076 -21.798 -0.079 -21.848 -0.109 9.149 0.151 6.283 0.188 44.295 42.368
31.400 -21.455 -0.089 -21.467 -0.087 -21.553 -0.078 -21.699 -0.070 -21.722 -0.069 -21.741 -0.070 -21.785 -0.076 -21.794 -0.078 -21.847 -0.109 9.113 0.153 6.308 0.192 44.291 42.371
31.800 -21.446 -0.089 -21.457 -0.088 -21.544 -0.078 -21.692 -0.070 -21.715 -0.069 -21.735 -0.069 -21.781 -0.075 -21.791 -0.078 -21.846 -0.109 9.078 0.155 6.333 0.197 44.288 42.374
32.200 -21.436 -0.090 -21.447 -0.088 -21.535 -0.078 -21.685 -0.069 -21.709 -0.069 -21.729 -0.069 -21.777 -0.074 -21.788 -0.077 -21.845 -0.108 9.042 0.157 6.359 0.202 44.285 42.376
32.600 -21.426 -0.090 -21.438 -0.088 -21.526 -0.079 -21.678 -0.069 -21.702 -0.068 -21.723 -0.069 -21.773 -0.074 -21.784 -0.076 -21.844 -0.108 9.007 0.159 6.384 0.206 44.281 42.378
33.000 -21.417 -0.091 -21.428 -0.089 -21.517 -0.079 -21.671 -0.069 -21.696 -0.068 -21.717 -0.068 -21.769 -0.073 -21.781 -0.075 -21.843 -0.107 8.973 0.161 6.409 0.211 44.278 42.380
33.400 -21.407 -0.091 -21.418 -0.089 -21.508 -0.079 -21.663 -0.068 -21.689 -0.068 -21.711 -0.068 -21.765 -0.072 -21.778 -0.075 -21.842 -0.107 8.938 0.163 6.435 0.215 44.275 42.381
33.800 -21.397 -0.091 -21.408 -0.089 -21.498 -0.078 -21.656 -0.068 -21.682 -0.067 -21.704 -0.068 -21.761 -0.071 -21.774 -0.074 -21.841 -0.107 8.904 0.165 6.460 0.220 44.272 42.381
34.200 -21.387 -0.091 -21.399 -0.089 -21.489 -0.078 -21.649 -0.067 -21.676 -0.067 -21.698 -0.067 -21.757 -0.071 -21.771 -0.073 -21.840 -0.106 8.870 0.166 6.486 0.224 44.268 42.382
34.600 -21.377 -0.091 -21.389 -0.089 -21.480 -0.078 -21.642 -0.067 -21.669 -0.066 -21.692 -0.067 -21.753 -0.070 -21.767 -0.072 -21.839 -0.106 8.836 0.168 6.511 0.229 44.265 42.382
35.000 -21.367 -0.091 -21.379 -0.089 -21.470 -0.078 -21.634 -0.067 -21.662 -0.066 -21.686 -0.066 -21.749 -0.069 -21.764 -0.072 -21.838 -0.106 8.802 0.170 6.536 0.233 44.262 42.381
35.400 -21.357 -0.091 -21.368 -0.089 -21.461 -0.077 -21.627 -0.066 -21.655 -0.066 -21.679 -0.066 -21.745 -0.069 -21.760 -0.071 -21.836 -0.106 8.769 0.171 6.561 0.238 44.259 42.381
35.800 -21.346 -0.091 -21.358 -0.089 -21.451 -0.077 -21.619 -0.066 -21.648 -0.065 -21.673 -0.066 -21.741 -0.068 -21.757 -0.071 -21.835 -0.106 8.736 0.173 6.586 0.242 44.255 42.381
36.200 -21.336 -0.090 -21.348 -0.088 -21.442 -0.077 -21.611 -0.065 -21.641 -0.065 -21.666 -0.066 -21.737 -0.068 -21.753 -0.071 -21.834 -0.106 8.704 0.174 6.610 0.247 44.252 42.380
36.600 -21.326 -0.090 -21.338 -0.088 -21.432 -0.076 -21.603 -0.065 -21.633 -0.065 -21.660 -0.065 -21.733 -0.068 -21.750 -0.071 -21.832 -0.106 8.672 0.176 6.634 0.252 44.249 42.380
37.000 -21.315 -0.090 -21.327 -0.088 -21.422 -0.076 -21.596 -0.065 -21.626 -0.065 -21.653 -0.065 -21.728 -0.068 -21.746 -0.071 -21.831 -0.106 8.641 0.177 6.658 0.257 44.246 42.379
37.400 -21.304 -0.090 -21.317 -0.087 -21.413 -0.075 -21.587 -0.065 -21.618 -0.065 -21.646 -0.065 -21.724 -0.068 -21.742 -0.071 -21.830 -0.106 8.610 0.179 6.681 0.263 44.242 42.379
37.800 -21.294 -0.089 -21.306 -0.087 -21.403 -0.074 -21.579 -0.065 -21.611 -0.065 -21.639 -0.066 -21.720 -0.068 -21.739 -0.071 -21.828 -0.106 8.579 0.181 6.703 0.268 44.239 42.378
38.200 -21.283 -0.089 -21.295 -0.087 -21.393 -0.074 -21.571 -0.065 -21.603 -0.065 -21.632 -0.066 -21.716 -0.069 -21.735 -0.072 -21.827 -0.107 8.549 0.182 6.725 0.273 44.236 42.378
38.600 -21.272 -0.089 -21.285 -0.086 -21.383 -0.073 -21.563 -0.065 -21.595 -0.065 -21.625 -0.066 -21.711 -0.070 -21.731 -0.072 -21.825 -0.107 8.519 0.184 6.746 0.279 44.233 42.378
39.000 -21.261 -0.088 -21.274 -0.086 -21.372 -0.073 -21.554 -0.065 -21.587 -0.065 -21.618 -0.067 -21.707 -0.070 -21.728 -0.073 -21.823 -0.108 8.490 0.185 6.767 0.285 44.229 42.379
39.400 -21.250 -0.088 -21.263 -0.085 -21.362 -0.072 -21.545 -0.065 -21.579 -0.066 -21.610 -0.067 -21.702 -0.071 -21.724 -0.074 -21.821 -0.109 8.461 0.187 6.787 0.291 44.226 42.380
39.800 -21.239 -0.088 -21.252 -0.085 -21.352 -0.072 -21.537 -0.066 -21.571 -0.066 -21.603 -0.068 -21.698 -0.072 -21.720 -0.075 -21.819 -0.109 8.433 0.189 6.807 0.297 44.223 42.381
40.200 -21.228 -0.087 -21.240 -0.085 -21.341 -0.072 -21.528 -0.066 -21.563 -0.067 -21.595 -0.068 -21.693 -0.073 -21.716 -0.076 -21.818 -0.110 8.405 0.190 6.827 0.303 44.219 42.382
40.600 -21.216 -0.087 -21.229 -0.085 -21.331 -0.071 -21.519 -0.067 -21.554 -0.067 -21.588 -0.069 -21.689 -0.074 -21.712 -0.077 -21.815 -0.111 8.377 0.192 6.847 0.309 44.216 42.384
41.000 -21.205 -0.087 -21.218 -0.084 -21.320 -0.071 -21.510 -0.067 -21.546 -0.068 -21.580 -0.070 -21.684 -0.075 -21.708 -0.078 -21.813 -0.112 8.349 0.193 6.866 0.315 44.213 42.386
41.400 -21.193 -0.087 -21.206 -0.084 -21.309 -0.071 -21.501 -0.068 -21.538 -0.069 -21.572 -0.070 -21.679 -0.077 -21.704 -0.079 -21.811 -0.113 8.321 0.195 6.885 0.321 44.209 42.389
41.800 -21.182 -0.087 -21.195 -0.084 -21.298 -0.071 -21.492 -0.068 -21.529 -0.070 -21.565 -0.071 -21.674 -0.078 -21.700 -0.080 -21.809 -0.113 8.294 0.196 6.904 0.327 44.206 42.391
42.200 -21.170 -0.086 -21.183 -0.084 -21.287 -0.071 -21.482 -0.069 -21.520 -0.070 -21.557 -0.072 -21.669 -0.079 -21.695 -0.081 -21.807 -0.114 8.266 0.198 6.924 0.333 44.203 42.395
42.600 -21.158 -0.087 -21.172 -0.084 -21.276 -0.071 -21.473 -0.070 -21.512 -0.071 -21.549 -0.073 -21.664 -0.080 -21.691 -0.082 -21.804 -0.115 8.238 0.199 6.943 0.339 44.199 42.398
43.000 -21.147 -0.087 -21.160 -0.084 -21.265 -0.071 -21.464 -0.071 -21.503 -0.072 -21.541 -0.074 -21.659 -0.081 -21.686 -0.083 -21.802 -0.116 8.211 0.201 6.963 0.345 44.196 42.402
43.400 -21.135 -0.087 -21.148 -0.084 -21.254 -0.071 -21.454 -0.071 -21.494 -0.073 -21.532 -0.075 -21.654 -0.082 -21.682 -0.084 -21.799 -0.117 8.183 0.202 6.982 0.351 44.193 42.406
43.800 -21.123 -0.087 -21.136 -0.085 -21.243 -0.071 -21.445 -0.072 -21.485 -0.074 -21.524 -0.076 -21.648 -0.083 -21.677 -0.085 -21.796 -0.117 8.156 0.204 7.002 0.357 44.189 42.410
44.200 -21.111 -0.087 -21.124 -0.085 -21.232 -0.072 -21.435 -0.073 -21.476 -0.075 -21.516 -0.077 -21.643 -0.083 -21.672 -0.086 -21.793 -0.118 8.128 0.205 7.022 0.363 44.186 42.414
44.600 -21.099 -0.088 -21.112 -0.085 -21.220 -0.072 -21.425 -0.074 -21.467 -0.076 -21.508 -0.077 -21.637 -0.084 -21.667 -0.087 -21.790 -0.118 8.100 0.207 7.042 0.370 44.182 42.419
45.000 -21.086 -0.088 -21.100 -0.086 -21.209 -0.073 -21.416 -0.075 -21.458 -0.076 -21.499 -0.078 -21.632 -0.085 -21.662 -0.087 -21.787 -0.119 8.073 0.208 7.062 0.376 44.179 42.423
45.400 -21.074 -0.088 -21.088 -0.086 -21.197 -0.073 -21.406 -0.076 -21.448 -0.077 -21.490 -0.079 -21.626 -0.085 -21.656 -0.088 -21.784 -0.119 8.045 0.209 7.082 0.382 44.175 42.427
45.800 -21.062 -0.089 -21.076 -0.086 -21.186 -0.074 -21.396 -0.076 -21.439 -0.078 -21.482 -0.080 -21.620 -0.086 -21.651 -0.088 -21.781 -0.119 8.018 0.211 7.102 0.388 44.172 42.432
46.200 -21.050 -0.089 -21.064 -0.087 -21.174 -0.075 -21.386 -0.077 -21.429 -0.079 -21.473 -0.080 -21.613 -0.086 -21.645 -0.089 -21.777 -0.120 7.991 0.212 7.122 0.394 44.168 42.436
46.600 -21.037 -0.090 -21.051 -0.087 -21.163 -0.075 -21.376 -0.078 -21.420 -0.080 -21.464 -0.081 -21.607 -0.086 -21.640 -0.089 -21.774 -0.120 7.964 0.214 7.141 0.401 44.165 42.441
47.000 -21.025 -0.090 -21.039 -0.088 -21.151 -0.076 -21.365 -0.079 -21.410 -0.080 -21.455 -0.082 -21.601 -0.087 -21.634 -0.089 -21.770 -0.120 7.937 0.215 7.161 0.407 44.161 42.445
47.400 -21.012 -0.091 -21.026 -0.088 -21.139 -0.077 -21.355 -0.079 -21.400 -0.081 -21.446 -0.082 -21.594 -0.087 -21.628 -0.089 -21.766 -0.120 7.910 0.217 7.180 0.413 44.158 42.449
47.800 -21.000 -0.091 -21.014 -0.089 -21.127 -0.077 -21.345 -0.080 -21.390 -0.081 -21.436 -0.083 -21.587 -0.087 -21.622 -0.089 -21.762 -0.120 7.883 0.218 7.199 0.420 44.154 42.453
48.200 -20.987 -0.092 -21.001 -0.090 -21.115 -0.078 -21.334 -0.080 -21.380 -0.082 -21.427 -0.083 -21.580 -0.087 -21.615 -0.089 -21.758 -0.119 7.857 0.220 7.217 0.426 44.151 42.457
48.600 -20.974 -0.092 -20.989 -0.090 -21.104 -0.079 -21.323 -0.081 -21.370 -0.082 -21.417 -0.083 -21.573 -0.086 -21.609 -0.088 -21.754 -0.119 7.830 0.221 7.235 0.433 44.147 42.461
49.000 -20.961 -0.093 -20.976 -0.091 -21.091 -0.079 -21.312 -0.081 -21.359 -0.083 -21.407 -0.084 -21.566 -0.086 -21.602 -0.088 -21.750 -0.119 7.804 0.223 7.253 0.439 44.143 42.464
49.400 -20.948 -0.094 -20.963 -0.091 -21.079 -0.080 -21.301 -0.082 -21.349 -0.083 -21.397 -0.084 -21.559 -0.086 -21.595 -0.088 -21.745 -0.118 7.778 0.225 7.271 0.446 44.139 42.468
49.800 -20.935 -0.094 -20.950 -0.092 -21.067 -0.081 -21.290 -0.082 -21.338 -0.083 -21.387 -0.084 -21.551 -0.085 -21.588 -0.087 -21.741 -0.118 7.751 0.226 7.289 0.453 44.136 42.471
50.200 -20.922 -0.095 -20.937 -0.092 -21.055 -0.081 -21.279 -0.083 -21.327 -0.084 -21.377 -0.084 -21.544 -0.084 -21.581 -0.086 -21.736 -0.117 7.725 0.228 7.306 0.459 44.132 42.474
50.600 -20.909 -0.095 -20.924 -0.093 -21.042 -0.082 -21.268 -0.083 -21.316 -0.084 -21.367 -0.084 -21.536 -0.084 -21.574 -0.086 -21.731 -0.116 7.699 0.230 7.323 0.466 44.128 42.477
51.000 -20.895 -0.096 -20.910 -0.094 -21.030 -0.082 -21.256 -0.083 -21.305 -0.084 -21.356 -0.084 -21.528 -0.083 -21.566 -0.085 -21.726 -0.116 7.673 0.232 7.341 0.473 44.124 42.480
51.400 -20.881 -0.096 -20.897 -0.094 -21.017 -0.083 -21.244 -0.083 -21.294 -0.084 -21.346 -0.084 -21.519 -0.082 -21.559 -0.084 -21.720 -0.115 7.646 0.233 7.358 0.479 44.120 42.483
51.800 -20.867 -0.097 -20.883 -0.095 -21.004 -0.083 -21.232 -0.083 -21.283 -0.084 -21.335 -0.084 -21.511 -0.081 -21.551 -0.083 -21.715 -0.114 7.619 0.235 7.375 0.486 44.116 42.485
52.200 -20.853 -0.097 -20.869 -0.095 -20.990 -0.084 -21.220 -0.084 -21.271 -0.084 -21.324 -0.084 -21.502 -0.081 -21.543 -0.082 -21.709 -0.113 7.593 0.236 7.393 0.493 44.112 42.487
52.600 -20.839 -0.098 -20.855 -0.096 -20.977 -0.084 -21.208 -0.084 -21.259 -0.084 -21.312 -0.083 -21.493 -0.080 -21.534 -0.081 -21.704 -0.112 7.565 0.238 7.411 0.500 44.108 42.489
53.000 -20.825 -0.098 -20.840 -0.096 -20.963 -0.085 -21.195 -0.084 -21.247 -0.084 -21.301 -0.083 -21.484 -0.079 -21.526 -0.080 -21.698 -0.111 7.538 0.239 7.429 0.506 44.104 42.491
53.400 -20.810 -0.099 -20.825 -0.096 -20.949 -0.085 -21.183 -0.084 -21.235 -0.084 -21.290 -0.083 -21.475 -0.078 -21.517 -0.079 -21.691 -0.110 7.510 0.241 7.447 0.513 44.099 42.493
53.800 -20.795 -0.099 -20.810 -0.097 -20.934 -0.086 -21.170 -0.084 -21.223 -0.083 -21.278 -0.083 -21.466 -0.077 -21.509 -0.078 -21.685 -0.108 7.482 0.242 7.466 0.520 44.095 42.494
54.200 -20.780 -0.099 -20.795 -0.097 -20.920 -0.086 -21.157 -0.083 -21.210 -0.083 -21.266 -0.082 -21.456 -0.076 -21.500 -0.077 -21.679 -0.107 7.454 0.243 7.485 0.527 44.091 42.496
54.600 -20.764 -0.100 -20.780 -0.098 -20.904 -0.086 -21.144 -0.083 -21.198 -0.083 -21.254 -0.082 -21.447 -0.075 -21.490 -0.076 -21.672 -0.106 7.426 0.245 7.505 0.533 44.086 42.497
55.000 -20.748 -0.100 -20.764 -0.098 -20.889 -0.087 -21.130 -0.083 -21.185 -0.083 -21.242 -0.082 -21.437 -0.075 -21.481 -0.075 -21.665 -0.105 7.397 0.246 7.525 0.540 44.082 42.498
55.400 -20.732 -0.100 -20.748 -0.098 -20.873 -0.087 -21.117 -0.083 -21.172 -0.082 -21.230 -0.081 -21.427 -0.074 -21.472 -0.075 -21.658 -0.104 7.368 0.247 7.545 0.547 44.077 42.499
55.800 -20.716 -0.101 -20.732 -0.099 -20.857 -0.087 -21.103 -0.083 -21.159 -0.082 -21.218 -0.081 -21.417 -0.073 -21.462 -0.074 -21.651 -0.103 7.339 0.247 7.565 0.553 44.073 42.499
56.200 -20.700 -0.101 -20.716 -0.099 -20.841 -0.087 -21.090 -0.082 -21.147 -0.082 -21.206 -0.081 -21.407 -0.073 -21.453 -0.073 -21.644 -0.102 7.310 0.248 7.585 0.559 44.068 42.500
56.600 -20.683 -0.101 -20.699 -0.099 -20.825 -0.088 -21.076 -0.082 -21.133 -0.081 -21.193 -0.080 -21.396 -0.072 -21.443 -0.073 -21.636 -0.101 7.282 0.249 7.604 0.566 44.064 42.501
57.000 -20.667 -0.102 -20.683 -0.100 -20.808 -0.088 -21.062 -0.082 -21.120 -0.081 -21.181 -0.080 -21.386 -0.072 -21.433 -0.072 -21.629 -0.100 7.254 0.249 7.621 0.572 44.059 42.501
57.400 -20.650 -0.102 -20.666 -0.100 -20.792 -0.088 -21.048 -0.082 -21.107 -0.081 -21.168 -0.080 -21.375 -0.071 -21.423 -0.072 -21.621 -0.099 7.227 0.250 7.638 0.577 44.055 42.501
57.800 -20.634 -0.102 -20.649 -0.100 -20.775 -0.088 -21.034 -0.081 -21.094 -0.081 -21.156 -0.079 -21.365 -0.071 -21.413 -0.071 -21.613 -0.099 7.200 0.250 7.652 0.583 44.050 42.501
58.200 -20.617 -0.103 -20.633 -0.100 -20.759 -0.089 -21.020 -0.081 -21.081 -0.080 -21.143 -0.079 -21.354 -0.071 -21.402 -0.071 -21.604 -0.098 7.175 0.251 7.665 0.588 44.045 42.501
58.600 -20.601 -0.103 -20.616 -0.101 -20.743 -0.089 -21.006 -0.081 -21.068 -0.080 -21.131 -0.079 -21.343 -0.070 -21.392 -0.071 -21.596 -0.098 7.146 0.251 7.688 0.594 44.041 42.502
59.000 -20.584 -0.103 -20.600 -0.101 -20.726 -0.089 -20.993 -0.081 -21.054 -0.080 -21.118 -0.079 -21.332 -0.070 -21.382 -0.071 -21.587 -0.097 7.123 0.251 7.696 0.598 44.036 42.501
59.400 -20.568 -0.104 -20.583 -0.101 -20.710 -0.089 -20.979 -0.081 -21.041 -0.080 -21.106 -0.078 -21.321 -0.070 -21.371 -0.070 -21.579 -0.097 7.101 0.251 7.700 0.602 44.031 42.501
59.800 -20.552 -0.104 -20.567 -0.102 -20.694 -0.090 -20.965 -0.081 -21.028 -0.080 -21.094 -0.078 -21.311 -0.070 -21.361 -0.071 -21.570 -0.097 7.081 0.251 7.703 0.605 44.026 42.500
60.200 -20.536 -0.104 -20.551 -0.102 -20.679 -0.090 -20.952 -0.081 -21.015 -0.080 -21.081 -0.078 -21.300 -0.071 -21.350 -0.071 -21.561 -0.097 7.062 0.251 7.702 0.608 44.022 42.499
60.600 -20.520 -0.105 -20.536 -0.103 -20.663 -0.090 -20.938 -0.081 -21.003 -0.080 -21.069 -0.078 -21.289 -0.071 -21.339 -0.071 -21.552 -0.098 7.045 0.251 7.698 0.611 44.017 42.498
61.000 -20.505 -0.105 -20.520 -0.103 -20.648 -0.091 -20.925 -0.081 -20.990 -0.080 -21.057 -0.079 -21.278 -0.071 -21.329 -0.071 -21.542 -0.098 7.029 0.251 7.690 0.612 44.012 42.497
61.400 -20.490 -0.106 -20.505 -0.103 -20.633 -0.091 -20.912 -0.081 -20.977 -0.080 -21.045 -0.079 -21.267 -0.072 -21.318 -0.072 -21.533 -0.098 7.015 0.251 7.680 0.614 44.008 42.496
61.800 -20.475 -0.106 -20.491 -0.104 -20.618 -0.092 -20.899 -0.081 -20.965 -0.080 -21.033 -0.079 -21.256 -0.072 -21.308 -0.072 -21.523 -0.099 7.003 0.251 7.665 0.614 44.003 42.494
62.200 -20.461 -0.107 -20.476 -0.105 -20.604 -0.093 -20.887 -0.082 -20.953 -0.081 -21.021 -0.080 -21.245 -0.073 -21.297 -0.073 -21.514 -0.100 6.993 0.250 7.648 0.615 43.998 42.492
62.600 -20.447 -0.108 -20.463 -0.105 -20.591 -0.093 -20.874 -0.082 -20.941 -0.081 -21.010 -0.080 -21.235 -0.074 -21.286 -0.074 -21.504 -0.101 6.984 0.250 7.627 0.614 43.994 42.489
63.000 -20.434 -0.108 -20.449 -0.106 -20.577 -0.094 -20.862 -0.083 -20.929 -0.082 -20.998 -0.081 -21.224 -0.074 -21.276 -0.075 -21.494 -0.103 6.977 0.250 7.602 0.613 43.989 42.487
63.400 -20.421 -0.109 -20.436 -0.107 -20.564 -0.095 -20.850 -0.084 -20.918 -0.082 -20.987 -0.081 -21.213 -0.075 -21.265 -0.075 -21.484 -0.104 6.971 0.250 7.575 0.611 43.985 42.484
63.800 -20.408 -0.110 -20.424 -0.108 -20.551 -0.096 -20.839 -0.084 -20.907 -0.083 -20.976 -0.082 -21.203 -0.076 -21.255 -0.077 -21.474 -0.106 6.967 0.249 7.546 0.609 43.980 42.481
64.200 -20.396 -0.111 -20.411 -0.109 -20.539 -0.097 -20.827 -0.085 -20.895 -0.084 -20.965 -0.083 -21.192 -0.077 -21.245 -0.078 -21.464 -0.107 6.964 0.249 7.514 0.607 43.976 42.477
64.600 -20.384 -0.112 -20.399 -0.110 -20.527 -0.098 -20.816 -0.086 -20.885 -0.085 -20.954 -0.084 -21.182 -0.079 -21.234 -0.079 -21.454 -0.109 6.962 0.248 7.480 0.604 43.972 42.474
65.000 -20.372 -0.113 -20.388 -0.111 -20.516 -0.099 -20.805 -0.087 -20.874 -0.086 -20.944 -0.085 -21.172 -0.080 -21.224 -0.080 -21.443 -0.111 6.961 0.248 7.445 0.600 43.967 42.470
65.400 -20.361 -0.114 -20.377 -0.112 -20.504 -0.100 -20.795 -0.088 -20.863 -0.087 -20.934 -0.086 -21.161 -0.081 -21.214 -0.082 -21.433 -0.113 6.961 0.247 7.408 0.597 43.963 42.466
65.800 -20.350 -0.115 -20.366 -0.113 -20.493 -0.101 -20.784 -0.089 -20.853 -0.088 -20.923 -0.087 -21.151 -0.082 -21.204 -0.083 -21.423 -0.115 6.962 0.247 7.370 0.592 43.959 42.462
66.200 -20.340 -0.117 -20.355 -0.114 -20.483 -0.102 -20.774 -0.091 -20.843 -0.089 -20.914 -0.088 -21.141 -0.084 -21.193 -0.084 -21.412 -0.117 6.964 0.246 7.331 0.588 43.955 42.458
66.600 -20.329 -0.118 -20.344 -0.116 -20.472 -0.103 -20.764 -0.092 -20.833 -0.090 -20.904 -0.089 -21.131 -0.085 -21.183 -0.086 -21.402 -0.119 6.966 0.245 7.292 0.583 43.950 42.453
67.000 -20.319 -0.119 -20.334 -0.117 -20.462 -0.105 -20.754 -0.093 -20.824 -0.092 -20.894 -0.091 -21.122 -0.087 -21.173 -0.088 -21.392 -0.121 6.969 0.245 7.252 0.579 43.946 42.448
67.400 -20.309 -0.120 -20.324 -0.118 -20.452 -0.106 -20.745 -0.094 -20.814 -0.093 -20.885 -0.092 -21.112 -0.088 -21.164 -0.089 -21.381 -0.124 6.972 0.244 7.212 0.574 43.942 42.443
67.800 -20.299 -0.122 -20.315 -0.120 -20.443 -0.107 -20.736 -0.096 -20.805 -0.094 -20.876 -0.093 -21.102 -0.090 -21.154 -0.091 -21.371 -0.126 6.976 0.243 7.172 0.568 43.938 42.438
68.200 -20.290 -0.123 -20.305 -0.121 -20.433 -0.109 -20.727 -0.097 -20.796 -0.095 -20.867 -0.094 -21.093 -0.092 -21.144 -0.093 -21.361 -0.128 6.980 0.242 7.132 0.563 43.935 42.433
68.600 -20.280 -0.124 -20.296 -0.122 -20.424 -0.110 -20.718 -0.098 -20.787 -0.097 -20.858 -0.096 -21.083 -0.093 -21.135 -0.095 -21.350 -0.130 6.984 0.241 7.093 0.558 43.931 42.428
69.000 -20.271 -0.126 -20.287 -0.124 -20.415 -0.112 -20.709 -0.100 -20.779 -0.098 -20.849 -0.097 -21.074 -0.095 -21.125 -0.097 -21.340 -0.133 6.988 0.240 7.054 0.552 43.927 42.423
69.400 -20.262 -0.127 -20.278 -0.125 -20.407 -0.113 -20.701 -0.101 -20.770 -0.099 -20.841 -0.098 -21.065 -0.097 -21.116 -0.099 -21.330 -0.135 6.992 0.239 7.016 0.546 43.923 42.417
69.800 -20.253 -0.129 -20.269 -0.127 -20.398 -0.115 -20.692 -0.102 -20.762 -0.101 -20.832 -0.100 -21.056 -0.099 -21.107 -0.101 -21.320 -0.137 6.996 0.238 6.978 0.540 43.920 42.411
70.200 -20.245 -0.130 -20.260 -0.128 -20.389 -0.116 -20.684 -0.104 -20.754 -0.102 -20.824 -0.101 -21.047 -0.101 -21.097 -0.102 -21.309 -0.139 7.000 0.236 6.942 0.534 43.916 42.405
70.600 -20.236 -0.132 -20.252 -0.130 -20.381 -0.117 -20.676 -0.105 -20.746 -0.103 -20.816 -0.102 -21.038 -0.102 -21.088 -0.104 -21.299 -0.142 7.004 0.235 6.906 0.529 43.913 42.399
71.000 -20.228 -0.133 -20.243 -0.131 -20.373 -0.119 -20.668 -0.106 -20.738 -0.105 -20.808 -0.104 -21.030 -0.104 -21.080 -0.106 -21.289 -0.144 7.007 0.234 6.872 0.523 43.909 42.393
71.400 -20.219 -0.135 -20.235 -0.133 -20.365 -0.120 -20.661 -0.108 -20.730 -0.106 -20.800 -0.105 -21.021 -0.106 -21.071 -0.108 -21.279 -0.146 7.011 0.232 6.838 0.516 43.906 42.387
71.800 -20.211 -0.136 -20.227 -0.134 -20.357 -0.122 -20.653 -0.109 -20.723 -0.107 -20.793 -0.106 -21.013 -0.108 -21.062 -0.110 -21.269 -0.148 7.014 0.231 6.805 0.510 43.902 42.381
72.200 -20.203 -0.138 -20.219 -0.136 -20.349 -0.123 -20.646 -0.110 -20.715 -0.109 -20.785 -0.108 -21.005 -0.109 -21.054 -0.112 -21.259 -0.150 7.017 0.229 6.774 0.504 43.899 42.375
72.600 -20.195 -0.139 -20.211 -0.137 -20.341 -0.125 -20.638 -0.112 -20.708 -0.110 -20.778 -0.109 -20.997 -0.111 -21.045 -0.114 -21.249 -0.152 7.020 0.227 6.743 0.498 43.896 42.368
73.000 -20.187 -0.141 -20.203 -0.139 -20.334 -0.126 -20.631 -0.113 -20.701 -0.111 -20.771 -0.110 -20.989 -0.113 -21.037 -0.116 -21.239 -0.154 7.023 0.226 6.713 0.492 43.893 42.362
73.400 -20.179 -0.142 -20.195 -0.140 -20.326 -0.128 -20.624 -0.114 -20.694 -0.112 -20.763 -0.112 -20.981 -0.114 -21.029 -0.117 -21.229 -0.155 7.025 0.224 6.684 0.486 43.890 42.355
73.800 -20.171 -0.143 -20.187 -0.141 -20.319 -0.129 -20.617 -0.115 -20.687 -0.114 -20.756 -0.113 -20.973 -0.116 -21.021 -0.119 -21.220 -0.157 7.027 0.222 6.656 0.480 43.886 42.349
74.200 -20.163 -0.145 -20.179 -0.143 -20.311 -0.130 -20.610 -0.116 -20.680 -0.115 -20.750 -0.114 -20.965 -0.118 -21.013 -0.121 -21.210 -0.159 7.029 0.220 6.629 0.474 43.883 42.342
74.600 -20.155 -0.146 -20.171 -0.144 -20.304 -0.132 -20.603 -0.117 -20.673 -0.116 -20.743 -0.115 -20.958 -0.119 -21.005 -0.122 -21.200 -0.161 7.031 0.218 6.603 0.468 43.880 42.335
75.000 -20.147 -0.147 -20.164 -0.145 -20.297 -0.133 -20.596 -0.118 -20.666 -0.117 -20.736 -0.116 -20.951 -0.120 -20.997 -0.124 -21.191 -0.162 7.033 0.216 6.577 0.462 43.877 42.329
75.400 -20.140 -0.149 -20.156 -0.147 -20.290 -0.134 -20.590 -0.119 -20.660 -0.118 -20.729 -0.117 -20.943 -0.122 -20.990 -0.125 -21.181 -0.163 7.034 0.214 6.553 0.456 43.875 42.322
75.800 -20.132 -0.150 -20.148 -0.148 -20.282 -0.135 -20.583 -0.120 -20.653 -0.119 -20.723 -0.118 -20.936 -0.123 -20.982 -0.127 -21.172 -0.165 7.035 0.212 6.528 0.450 43.872 42.315
76.200 -20.125 -0.151 -20.141 -0.149 -20.275 -0.136 -20.577 -0.121 -20.647 -0.120 -20.716 -0.119 -20.929 -0.124 -20.975 -0.128 -21.162 -0.166 7.037 0.210 6.505 0.444 43.869 42.308
76.600 -20.117 -0.152 -20.133 -0.150 -20.268 -0.137 -20.570 -0.122 -20.640 -0.120 -20.710 -0.120 -20.922 -0.126 -20.967 -0.129 -21.153 -0.167 7.038 0.208 6.482 0.438 43.866 42.301
77.000 -20.110 -0.153 -20.126 -0.151 -20.261 -0.138 -20.564 -0.123 -20.634 -0.121 -20.703 -0.121 -20.915 -0.127 -20.960 -0.130 -21.144 -0.168 7.039 0.206 6.459 0.432 43.863 42.294
77.400 -20.102 -0.153 -20.119 -0.152 -20.254 -0.139 -20.558 -0.123 -20.628 -0.122 -20.697 -0.121 -20.908 -0.128 -20.952 -0.131 -21.135 -0.169 7.039 0.204 6.437 0.426 43.860 42.287
77.800 -20.095 -0.154 -20.111 -0.152 -20.247 -0.140 -20.551 -0.124 -20.621 -0.122 -20.691 -0.122 -20.901 -0.128 -20.945 -0.132 -21.125 -0.170 7.040 0.201 6.416 0.419 43.858 42.279
78.200 -20.087 -0.155 -20.104 -0.153 -20.240 -0.141 -20.545 -0.125 -20.615 -0.123 -20.685 -0.122 -20.894 -0.129 -20.938 -0.133 -21.116 -0.171 7.041 0.199 6.395 0.413 43.855 42.272
78.600 -20.080 -0.155 -20.097 -0.154 -20.233 -0.141 -20.539 -0.125 -20.609 -0.123 -20.679 -0.123 -20.887 -0.130 -20.931 -0.134 -21.107 -0.172 7.041 0.197 6.374 0.407 43.852 42.264
79.000 -20.073 -0.156 -20.089 -0.154 -20.227 -0.142 -20.533 -0.126 -20.603 -0.124 -20.673 -0.123 -20.881 -0.131 -20.924 -0.134 -21.098 -0.172 7.041 0.195 6.354 0.401 43.850 42.257
79.400 -20.065 -0.156 -20.082 -0.155 -20.220 -0.142 -20.527 -0.126 -20.597 -0.124 -20.667 -0.124 -20.874 -0.131 -20.917 -0.135 -21.089 -0.173 7.042 0.192 6.334 0.395 43.847 42.249
79.800 -20.058 -0.157 -20.075 -0.155 -20.213 -0.142 -20.521 -0.126 -20.591 -0.124 -20.661 -0.124 -20.867 -0.131 -20.910 -0.135 -21.080 -0.173 7.042 0.190 6.314 0.389 43.844 42.241
80.200 -20.051 -0.157 -20.068 -0.155 -20.206 -0.143 -20.515 -0.126 -20.585 -0.125 -20.655 -0.124 -20.861 -0.132 -20.903 -0.136 -21.071 -0.173 7.042 0.187 6.295 0.383 43.842 42.233
80.600 -20.044 -0.157 -20.060 -0.155 -20.199 -0.143 -20.509 -0.126 -20.580 -0.125 -20.649 -0.124 -20.854 -0.132 -20.896 -0.136 -21.062 -0.173 7.042 0.185 6.276 0.377 43.839 42.225
81.000 -20.036 -0.157 -20.053 -0.155 -20.193 -0.143 -20.503 -0.126 -20.574 -0.125 -20.643 -0.124 -20.848 -0.132 -20.889 -0.136 -21.053 -0.173 7.042 0.183 6.257 0.371 43.836 42.217
81.400 -20.029 -0.157 -20.046 -0.155 -20.186 -0.143 -20.497 -0.126 -20.568 -0.124 -20.638 -0.124 -20.841 -0.132 -20.883 -0.136 -21.045 -0.173 7.042 0.180 6.239 0.365 43.834 42.209
81.800 -20.022 -0.156 -20.039 -0.155 -20.179 -0.142 -20.491 -0.126 -20.562 -0.124 -20.632 -0.124 -20.835 -0.132 -20.876 -0.136 -21.036 -0.173 7.042 0.178 6.221 0.359 43.831 42.201
82.200 -20.015 -0.156 -20.032 -0.154 -20.172 -0.142 -20.485 -0.126 -20.556 -0.124 -20.626 -0.124 -20.828 -0.132 -20.869 -0.136 -21.027 -0.173 7.042 0.175 6.202 0.353 43.829 42.193
82.600 -20.008 -0.156 -20.025 -0.154 -20.166 -0.142 -20.480 -0.125 -20.551 -0.124 -20.620 -0.123 -20.822 -0.131 -20.862 -0.135 -21.018 -0.172 7.042 0.173 6.185 0.347 43.826 42.184
83.000 -20.000 -0.155 -20.018 -0.153 -20.159 -0.141 -20.474 -0.125 -20.545 -0.123 -20.615 -0.123 -20.816 -0.131 -20.855 -0.135 -21.010 -0.172 7.041 0.170 6.167 0.341 43.824 42.176
83.400 -19.993 -0.154 -20.010 -0.152 -20.152 -0.140 -20.468 -0.124 -20.539 -0.123 -20.609 -0.122 -20.809 -0.130 -20.849 -0.134 -21.001 -0.171 7.041 0.168 6.149 0.335 43.821 42.167
83.800 -19.986 -0.153 -20.003 -0.152 -20.146 -0.140 -20.462 -0.124 -20.534 -0.122 -20.603 -0.122 -20.803 -0.129 -20.842 -0.133 -20.992 -0.170 7.041 0.165 6.132 0.329 43.819 42.158
84.200 -19.979 -0.152 -19.996 -0.151 -20.139 -0.139 -20.456 -0.123 -20.528 -0.121 -20.598 -0.121 -20.797 -0.128 -20.835 -0.132 -20.984 -0.170 7.041 0.163 6.115 0.323 43.816 42.149
84.600 -19.972 -0.151 -19.989 -0.149 -20.132 -0.138 -20.451 -0.122 -20.522 -0.120 -20.592 -0.120 -20.790 -0.128 -20.829 -0.131 -20.975 -0.169 7.040 0.160 6.097 0.317 43.813 42.140
85.000 -19.964 -0.150 -19.982 -0.148 -20.126 -0.136 -20.445 -0.121 -20.517 -0.119 -20.587 -0.119 -20.784 -0.126 -20.822 -0.130 -20.966 -0.168 7.040 0.158 6.080 0.312 43.811 42.131
85.400 -19.957 -0.149 -19.975 -0.147 -20.119 -0.135 -20.439 -0.120 -20.511 -0.118 -20.581 -0.118 -20.778 -0.125 -20.815 -0.129 -20.958 -0.166 7.040 0.155 6.063 0.306 43.808 42.122
85.800 -19.950 -0.147 -19.968 -0.145 -20.112 -0.134 -20.434 -0.119 -20.506 -0.117 -20.576 -0.117 -20.771 -0.124 -20.809 -0.128 -20.949 -0.165 7.039 0.153 6.046 0.300 43.806 42.113
86.200 -19.943 -0.146 -19.960 -0.144 -20.105 -0.132 -20.428 -0.117 -20.500 -0.116 -20.570 -0.115 -20.765 -0.123 -20.802 -0.126 -20.941 -0.164 7.039 0.150 6.029 0.294 43.803 42.103
86.600 -19.936 -0.144 -19.953 -0.142 -20.099 -0.131 -20.422 -0.116 -20.494 -0.114 -20.564 -0.114 -20.759 -0.121 -20.795 -0.125 -20.932 -0.162 7.039 0.148 6.012 0.289 43.801 42.094
87.000 -19.928 -0.142 -19.946 -0.140 -20.092 -0.129 -20.416 -0.114 -20.489 -0.113 -20.559 -0.113 -20.753 -0.120 -20.789 -0.123 -20.924 -0.161 7.038 0.145 5.995 0.283 43.798 42.085
87.400 -19.921 -0.140 -19.939 -0.138 -20.085 -0.127 -20.411 -0.113 -20.483 -0.111 -20.553 -0.111 -20.746 -0.118 -20.782 -0.121 -20.915 -0.159 7.038 0.143 5.978 0.278 43.796 42.075
87.800 -19.914 -0.138 -19.932 -0.136 -20.078 -0.125 -20.405 -0.111 -20.477 -0.110 -20.548 -0.109 -20.740 -0.116 -20.776 -0.119 -20.907 -0.158 7.038 0.140 5.961 0.272 43.793 42.065
88.200 -19.907 -0.136 -19.925 -0.134 -20.072 -0.123 -20.399 -0.109 -20.472 -0.108 -20.542 -0.108 -20.734 -0.114 -20.769 -0.118 -20.898 -0.156 7.038 0.138 5.943 0.267 43.791 42.056
88.600 -19.900 -0.133 -19.917 -0.132 -20.065 -0.120 -20.393 -0.107 -20.466 -0.106 -20.536 -0.106 -20.727 -0.112 -20.762 -0.116 -20.890 -0.154 7.038 0.136 5.926 0.262 43.788 42.046
89.000 -19.892 -0.131 -19.910 -0.129 -20.058 -0.118 -20.387 -0.105 -20.460 -0.104 -20.531 -0.104 -20.721 -0.110 -20.756 -0.113 -20.881 -0.152 7.038 0.133 5.909 0.257 43.785 42.036
89.400 -19.885 -0.129 -19.903 -0.127 -20.051 -0.116 -20.382 -0.103 -20.455 -0.102 -20.525 -0.102 -20.715 -0.108 -20.749 -0.111 -20.873 -0.151 7.037 0.131 5.891 0.252 43.783 42.027
89.800 -19.878 -0.126 -19.896 -0.124 -20.044 -0.113 -20.376 -0.101 -20.449 -0.100 -20.519 -0.100 -20.708 -0.106 -20.742 -0.109 -20.864 -0.149 7.038 0.129 5.873 0.247 43.780 42.017
90.200 -19.871 -0.123 -19.889 -0.121 -20.038 -0.110 -20.370 -0.099 -20.443 -0.097 -20.514 -0.097 -20.702 -0.104 -20.735 -0.107 -20.856 -0.147 7.038 0.127 5.855 0.242 43.778 42.008
90.600 -19.863 -0.121 -19.881 -0.119 -20.031 -0.108 -20.364 -0.096 -20.437 -0.095 -20.508 -0.095 -20.696 -0.101 -20.729 -0.104 -20.848 -0.145 7.038 0.125 5.837 0.238 43.775 41.999
91.000 -19.856 -0.118 -19.874 -0.116 -20.024 -0.105 -20.358 -0.094 -20.431 -0.093 -20.502 -0.093 -20.689 -0.099 -20.722 -0.102 -20.839 -0.143 7.038 0.123 5.818 0.234 43.772 41.990
91.400 -19.849 -0.115 -19.867 -0.113 -20.017 -0.102 -20.352 -0.091 -20.426 -0.090 -20.496 -0.090 -20.683 -0.097 -20.715 -0.100 -20.831 -0.141 7.039 0.121 5.799 0.230 43.770 41.981
91.800 -19.842 -0.112 -19.860 -0.110 -20.010 -0.099 -20.346 -0.089 -20.419 -0.088 -20.490 -0.088 -20.676 -0.094 -20.709 -0.098 -20.822 -0.139 7.039 0.120 5.780 0.226 43.767 41.972
92.200 -19.834 -0.109 -19.852 -0.107 -20.003 -0.096 -20.339 -0.086 -20.413 -0.085 -20.484 -0.086 -20.670 -0.092 -20.702 -0.095 -20.814 -0.138 7.040 0.118 5.761 0.222 43.764 41.964
92.600 -19.827 -0.106 -19.845 -0.104 -19.996 -0.093 -20.333 -0.084 -20.407 -0.083 -20.478 -0.083 -20.663 -0.090 -20.695 -0.093 -20.806 -0.136 7.041 0.117 5.741 0.219 43.761 41.956
93.000 -19.820 -0.104 -19.838 -0.101 -19.989 -0.090 -20.327 -0.081 -20.401 -0.080 -20.472 -0.081 -20.657 -0.088 -20.688 -0.091 -20.797 -0.134 7.042 0.115 5.720 0.216 43.758 41.949
93.400 -19.813 -0.101 -19.831 -0.099 -19.982 -0.087 -20.321 -0.078 -20.395 -0.078 -20.465 -0.078 -20.650 -0.086 -20.681 -0.089 -20.789 -0.133 7.043 0.114 5.700 0.213 43.756 41.942
93.800 -19.806 -0.098 -19.824 -0.096 -19.975 -0.084 -20.314 -0.076 -20.388 -0.075 -20.459 -0.076 -20.643 -0.084 -20.674 -0.087 -20.781 -0.132 7.045 0.113 5.678 0.211 43.753 41.935
94.200 -19.798 -0.096 -19.817 -0.093 -19.969 -0.081 -20.308 -0.074 -20.382 -0.073 -20.452 -0.074 -20.636 -0.082 -20.667 -0.085 -20.772 -0.131 7.047 0.112 5.657 0.208 43.750 41.929
94.600 -19.791 -0.094 -19.809 -0.091 -19.962 -0.079 -20.301 -0.071 -20.375 -0.071 -20.446 -0.072 -20.630 -0.080 -20.660 -0.084 -20.764 -0.130 7.049 0.112 5.634 0.206 43.747 41.923
95.000 -19.784 -0.092 -19.802 -0.089 -19.955 -0.077 -20.294 -0.069 -20.368 -0.069 -20.439 -0.070 -20.623 -0.079 -20.653 -0.082 -20.756 -0.129 7.051 0.111 5.611 0.204 43.744 41.917
95.400 -19.777 -0.090 -19.795 -0.087 -19.948 -0.075 -20.287 -0.068 -20.362 -0.067 -20.432 -0.069 -20.616 -0.078 -20.646 -0.081 -20.747 -0.129 7.053 0.111 5.588 0.203 43.741 41.912
95.800 -19.770 -0.089 -19.788 -0.086 -19.941 -0.073 -20.280 -0.066 -20.355 -0.066 -20.425 -0.068 -20.608 -0.077 -20.639 -0.081 -20.739 -0.129 7.056 0.110 5.565 0.201 43.738 41.908
96.200 -19.763 -0.088 -19.781 -0.085 -19.934 -0.072 -20.273 -0.065 -20.348 -0.065 -20.418 -0.067 -20.601 -0.077 -20.631 -0.080 -20.731 -0.129 7.059 0.110 5.541 0.200 43.735 41.904
96.600 -19.756 -0.087 -19.775 -0.085 -19.927 -0.071 -20.266 -0.065 -20.340 -0.065 -20.411 -0.066 -20.594 -0.077 -20.624 -0.080 -20.722 -0.129 7.062 0.110 5.516 0.199 43.732 41.900
97.000 -19.750 -0.087 -19.768 -0.085 -19.920 -0.071 -20.259 -0.065 -20.333 -0.065 -20.404 -0.067 -20.586 -0.077 -20.616 -0.081 -20.714 -0.130 7.065 0.110 5.492 0.198 43.729 41.897
97.400 -19.743 -0.088 -19.761 -0.085 -19.913 -0.071 -20.252 -0.065 -20.326 -0.066 -20.396 -0.067 -20.579 -0.078 -20.609 -0.082 -20.706 -0.131 7.069 0.110 5.467 0.198 43.726 41.895
97.800 -19.736 -0.089 -19.754 -0.087 -19.906 -0.073 -20.244 -0.067 -20.318 -0.067 -20.389 -0.069 -20.571 -0.080 -20.601 -0.083 -20.698 -0.133 7.073 0.111 5.442 0.197 43.723 41.893
98.200 -19.730 -0.091 -19.748 -0.088 -19.899 -0.074 -20.237 -0.068 -20.310 -0.069 -20.381 -0.071 -20.563 -0.081 -20.593 -0.085 -20.690 -0.135 7.077 0.111 5.417 0.197 43.720 41.892
98.600 -19.723 -0.094 -19.741 -0.091 -19.892 -0.077 -20.229 -0.071 -20.303 -0.071 -20.373 -0.073 -20.555 -0.084 -20.585 -0.088 -20.681 -0.137 7.081 0.112 5.391 0.197 43.717 41.891
