 texplosion  fnickel    Pspin  log(Bfield)      Mns  thetaPB   mejecta    kappa  kappagamma     vejecta  temperature    alpha  cutoff_wavelength  log(nhhost)      A_V         MJD0   kenergy   mnickel               TSD   log(L0)  Peak_mag     Peak_MJD  log(E_rad)  log(Peak_lum)  Rise_Time     E_fold  tau_1  delta_m15     r_peak     frac 
  -21.62801  0.34891  1.29125     12.38611  1.71261  0.48836  27.25518  0.31271     0.02612  8260.98041   9257.95836  1.23224         3788.63541     16.68385    3e-05  56596.97199  11.09531   9.50964   447990921.78598  43.62921  21.51474      56794.2    51.05646       43.75558  128.78381  137.78929  130.0    0.01718  -20.54941  0.40527 
  -51.53535  0.10487  3.18133     13.20417  1.68452  1.27457  11.04437  0.32134     0.01364  3785.34426   9447.86497  3.40553         3330.94245     18.63239  0.00238  56567.06465   0.94401   1.15825    61825657.34692  43.69894  21.57072      56774.3    51.05872       43.73445  115.70462  153.13835  148.0    0.01812  -20.44871  0.91003 
  -46.89922  0.12154  2.73099     13.03598  1.69274  1.56472  11.73098   0.3022     0.01007  4054.39595   9920.70393  3.87595         3488.16677     18.27171  0.00104  56571.70078   1.15031   1.42581    99331565.71293  43.62771  21.53378  56788.70684    51.04557       43.73301  134.44557  148.35373  140.0    0.02224  -20.50107  0.90601 
  -32.36805  0.34613  3.14093     13.20454  1.74727  0.72549  16.64838  0.28654     0.01252  4911.06394   9957.39838    3.946         3436.01016     16.02852    1e-05  56586.23195   2.39525   5.76243    62404591.11545  43.72187  21.49014  56792.23372    51.04935       43.74601  129.80951  139.08162  134.0    0.02149  -20.51735  0.61205 
  -26.00707  0.49784  2.29156     12.61411   2.0207  1.20497  16.55287  0.31311     0.02148  5386.36581   9552.74365  1.09369         3929.38625     18.07306  0.00066  56592.59293   2.86479   8.24066   582584820.83736  43.08873  21.52462      56775.3    51.02344       43.72428  130.27003  150.21125  140.0    0.01713  -20.47316   0.4483 
  -28.28676   0.4921  3.21203      12.9332  1.61945  1.12294  14.90015  0.27832     0.02394  5185.10804   9752.74047   2.8056          3602.8682      18.3559  0.00126  56590.31324   2.38964   7.33238     211033398.919   43.1403  21.52569  56771.07245    51.03472       43.73025  125.17346  156.57413  138.0    0.01602  -20.51154  0.42902 
  -29.24285  0.38431  1.39677     12.19474  1.35625  1.33623  25.14543   0.3215     0.01496  6794.14408   9747.78095  4.34544         3423.02656     17.66951  0.00026  56589.35715   6.92398   9.66376  1002143264.44745  43.11001  21.50888      56774.3     51.0449        43.7379  134.24883  153.13835  130.0    0.01944  -20.58737  0.44967 
  -30.60613  0.28188   1.5391     12.37729  1.97807  0.92554  33.34016  0.24057     0.01165  6672.44574   9829.09216  1.29439         3935.95202      16.6093    2e-05  56587.99387   8.85452   9.39793   765632196.86696  43.30653  21.48017      56775.3    51.02418       43.72667  123.31594  147.89322  134.0    0.01953  -20.50087  0.47925 
  -36.62769  0.40621  3.54636     13.07855   1.8783  1.46509   14.3305  0.31313     0.01582  4548.88484   9991.80127  3.33274         3524.76142     17.02369    6e-05  56581.97231   1.76888   5.82125   152774206.48593    43.259  21.50386      56775.3    51.02951       43.72025  125.63397   154.8473  140.0    0.01914  -20.41475  0.56078 
  -29.43124   0.4236  2.81951     13.07808  2.08431   0.5822   20.3508  0.33105     0.01657  6128.98373   9867.22154  3.91647         3434.94702     17.63079  0.00024  56589.16876   4.56022    8.6206   107391853.68314  43.65649  21.51349  56785.17997    51.03444       43.72928  132.12754  152.98978  132.0    0.01774  -20.55631  0.46942 
  -33.43095  0.41412  2.77249     12.88539  1.22332  1.34932   16.6738  0.23585     0.01012  3887.19201   9659.77378  3.06494         3612.32929     17.04205    6e-05  56585.16905   1.50291   6.90489   148015467.17782  43.30034  21.47364  56778.12621    51.03993       43.73652  129.80951  148.35373  136.0    0.01911  -20.55258  0.50866 
  -30.54933   0.4811  3.11568     12.94143  2.17725  1.11467   17.0396  0.31555     0.01764  5316.58606   9676.19666  3.12571         3446.76583     18.47163  0.00165  56588.05067   2.87311   8.19781   257023763.63419  43.20968   21.5296  56785.17997    51.02003       43.70716  134.44557  155.30781  136.0    0.01846  -20.54339  0.46456 
  -28.57759  0.42399  2.24513     12.68034   1.9379  0.79284  19.28906  0.30427     0.02101  5513.08168   9843.57056  2.77372         3643.75709     18.26848  0.00103  56590.02241   3.49725   8.17842   395326345.21498  43.25674  21.54027  56785.17997    51.02786        43.7251  132.12754  150.67176  142.0    0.01682  -20.45007  0.41676 
  -36.67539  0.49478  3.78748     13.16683  1.70944  0.90422   16.0929  0.22106     0.01007    3378.951   9919.61866  2.49503         3656.25939     17.51488  0.00018  56581.92461   1.09604   7.96243   105612333.83668  43.32128  21.58185   56795.7606    51.02501       43.69465  141.39965  148.35373  140.0    0.01479  -20.47645  0.40788 
  -35.91346  0.28438  1.43985     12.28829  1.79798  1.33987  30.88062  0.33176     0.01273  7891.75334   9891.43518  4.51914         3334.12761     17.91852  0.00046  56582.68654  11.47256   8.78191   917598020.60947  43.24434    21.497  56778.12621    51.04254       43.72407  129.80951  148.35373  136.0    0.01793  -20.49198  0.55244 
  -49.65898  0.02879  2.98556     13.31797  1.51776  0.76133  13.71991  0.33264     0.02012  5169.29335   9969.71999  4.54371          3399.4483     16.36747    1e-05  56568.94102   2.18696   0.39505    29049599.91645  44.03686  21.54518  56781.65309    51.01999       43.70976  127.49149  149.62005  144.0    0.01769  -20.46945  0.96806 
  -25.03236   0.3647  2.11929     12.45558  1.86521  0.99391  23.50054  0.22119     0.02616  5931.66858   9982.25909  4.28782         3342.87292     17.02507    6e-05  56593.56764   4.93241   8.57057   954461900.75353  42.90743  21.57493      56775.3    51.02501       43.70381  125.63397  164.11941  140.0    0.01455   -20.4565  0.30875 
   -34.4456  0.48213  1.32595     12.09168  1.30127  0.93755  18.61257  0.32545      0.0274  5678.28923   9908.84328  4.51584         3301.53277     17.19552    9e-05   56584.1544   3.57988    8.9736  1392744356.13416  42.99429   21.4859  56788.70684     51.0851       43.76997  127.49149    144.984  140.0    0.01423  -20.44218  0.32955 
  -42.15799  0.12585  3.21188     13.21194  1.67319  1.44704  11.75945  0.26723      0.0113  3579.51138   9931.62804  2.51643         3702.17457     16.83308    4e-05  56576.44201    0.8988   1.47987    60396333.77422  43.69786  21.55405  56785.17997     51.0418       43.71309  127.49149  152.98978  142.0    0.02069  -20.53343  0.88831 
  -29.30489  0.35157  1.09382     12.18653   1.3226  0.59949  22.05214  0.32452     0.02542  7305.90772   9922.18028  3.04459         3445.79815     17.43415  0.00015  56589.29511   7.02144    7.7528    622418700.7827   43.5183  21.54364  56788.70684    51.03706       43.71487  127.49149  148.35373  136.0    0.01903  -20.44009  0.48091 
  -37.59992  0.09814  3.26896     13.24695  1.98776  1.23086  13.83662  0.30427     0.01538  5048.24677   9329.42461  1.43425         3677.26269     17.97514  0.00052  56581.00008   2.10348   1.35786    63255151.48206  43.73729  21.49055  56778.12621    51.02796       43.72048  122.85543  148.35373  140.0    0.02056  -20.55999  0.90887 
   -33.3106  0.38481  1.90857     12.17825  1.90754  1.04556   30.4395  0.18363     0.02131  4570.50497   9645.13332  1.19122         4033.08667     17.54448  0.00019   56585.2894   3.79309  11.71345  2839260691.00461   42.5347  21.57764  56771.07245    51.04665       43.72074  115.90135  157.62584  146.0    0.01367  -20.49498  0.13478 
  -34.91262  0.11083  2.46507     13.00806  2.05953  0.88584  23.13448  0.22879     0.01016  6392.80611   9911.75689   3.6565         3389.86401      18.1361  0.00076  56583.68738   5.63988   2.56404    111976710.0752  43.74983   21.5141  56781.65309    51.04677       43.73667  127.49149  141.39965  142.0    0.02219  -20.47657  0.85697 
  -32.48628  0.49205  2.81995     12.95922  1.46027  0.79259  18.00594  0.27406     0.01122  4206.66665   9759.90686  4.90989          3348.5845     18.58891  0.00216  56586.11372   1.90072   8.85984    130101545.6256  43.41851  21.48787  56792.23372    51.04033       43.73132  132.12754  142.66597  136.0    0.01816  -20.56389  0.41887 
  -26.00836  0.23188  3.88197     13.33947  1.63599  1.13771  14.05976  0.24972     0.02504  5085.50076   9561.88082  4.33072         3371.72508     19.13516  0.00758  56592.59164   2.16906   3.26015    47946889.42406  43.62376  21.57675  56785.17997    51.01321       43.69323  134.44557  150.67176  142.0    0.01571   -20.5369   0.7092 
  -43.36861  0.03153  2.62239       13.267   1.3477  0.62097  14.71405  0.20736     0.01146  4154.31814   9776.29356   2.0291         3766.73021      16.9535    5e-05  56575.23139   1.51481   0.46389    25165304.47633  44.16024  21.54331  56788.70684    51.02419       43.70597  129.80951  148.35373  144.0    0.02028  -20.51027  0.96396 
  -34.21429  0.12498  2.43413     13.04125  1.28758  0.94948  12.95759  0.30748     0.01362  4742.10471   9830.74624  2.54017          3628.1646     18.84801  0.00392  56584.38571   1.73818   1.61938    58584271.65765  43.83815  21.53789  56792.23372    51.02817       43.70388  136.76359  148.35373  136.0    0.02349  -20.53341  0.88709 
  -27.52794  0.49989  1.14501     12.19944  1.89899  0.47931  18.48438  0.24958     0.01945   4582.8234   9956.31875  2.23568         3598.77029     19.69334  0.02742  56591.07206   2.31579   9.24025   922745934.75014  43.46467  21.45023  56781.65309    51.04651       43.75293  122.85543  139.23556  140.0    0.01751  -20.45137  0.32399 
  -22.84876  0.38015  2.07157      12.9102  1.15271  0.49995  16.92035  0.28367      0.0158  5406.54826   9928.35523  4.76342         3300.23374     17.09159    7e-05  56595.75124   2.95037   6.43233    69459586.06689  43.85624   21.5281  56788.70684    51.03527       43.72698  139.08162  148.35373  134.0    0.02206   -20.4925  0.55592 
   -33.5104   0.3325  2.11465     12.79154  1.37527  1.00123  18.84983  0.33685     0.01022  5495.70805   9723.15994  3.07382         3500.18146      16.7824    3e-05   56585.0896   3.39611   6.26762   149145392.60968  43.58315  21.56913  56788.70684    51.02723       43.70062  132.12754  150.67176  136.0    0.02091  -20.52846  0.65657 
  -37.62297  0.26718  2.33978     12.85705  1.64939  1.26663  16.03259  0.28261     0.01223  5355.81186   9754.16875  4.10644         3311.32251     20.21235  0.09059  56580.97703   2.74335   4.28359   161951263.33314  43.53843  21.50752  56781.65309    51.02341       43.72173  132.12754  150.67176  138.0    0.02174  -20.60191  0.75844 
  -38.27184  0.14115  3.01667      13.1702  1.38117  1.16534  12.92235  0.28885     0.02543  5297.24747   9941.34218  3.08362         3537.35412     17.41644  0.00014  56580.32816   2.16306   1.82399    53299595.58684  43.72331  21.54033  56792.23372    51.05054       43.74124  143.71768  148.35373  142.0    0.01791   -20.5388  0.84861 
  -32.21149  0.32789  1.79364     12.74731  1.75022  0.57184  23.59841  0.28343     0.01119  6033.51636   9998.31463  2.77422          3622.6573     19.29297  0.01091  56586.38851   5.12449   7.73757   167404579.14515   43.7807  21.50951  56781.65309    51.06559       43.72522  127.49149  152.98978  136.0    0.01869  -20.52645  0.57952 
  -25.37284  0.33561  1.97991     12.33908  2.03489  1.54564  26.28364  0.15898     0.01292  4652.75095   9906.37105  2.67674         3536.11236     18.17523  0.00083  56593.22716   3.39416   8.82115   1554134370.6173   42.7926  21.52278  56785.17997    51.02754        43.7174  136.76359  150.67176  136.0    0.01779  -20.47121  0.32445 
  -27.88806    0.392  2.33013     12.93476   1.9595  0.64187  18.33074  0.30194     0.01365  5791.50962   9872.61666  2.32481         3618.38999     16.59292    2e-05  56590.71194   3.66767   7.18567   133411480.92559  43.70104  21.49496  56788.70684    51.05173       43.73906  127.49149  143.66951  132.0    0.02417  -20.53489  0.58325 
  -44.78439  0.44588  1.81703      12.4725  1.88729  1.26027  21.28271  0.30491     0.01102  5096.43213   9792.83533  1.61923          3820.6436     20.05993  0.06378  56573.81561   3.29751   9.48963   656703909.43599  43.20859  21.49631  56788.70684    51.05586       43.74229  129.80951  143.66951  138.0    0.02071  -20.52171  0.49324 
  -24.56267  0.42424  1.94672     12.58261  1.72762   0.7527  20.48895  0.25701     0.01258   4780.3013   9742.95191  2.64086         3623.56733     18.38622  0.00135  56594.03733   2.79291   8.69227   415569022.12826  43.30904  21.45615  56781.65309    51.06233       43.77128  122.85543  139.08162  136.0    0.01725  -20.48183  0.41351 
  -27.98409  0.49457  2.65828     12.79448  1.54354  1.36318  15.88022  0.32655     0.01693  5197.27757   9997.72968  1.62398         3908.13131     18.97717  0.00527  56590.61591    2.5588   7.85389   260957543.24888  43.19159  21.45461      56774.3    51.04482       43.76284  113.38659  136.96033  132.0    0.02035  -20.50265  0.48393 
  -32.96128  0.31267  1.55001     12.37663  1.65743   1.0212  29.77012   0.3224     0.01258  7152.99417   9996.61274  4.38358         3396.32916      16.5619    2e-05  56585.63872   9.08623   9.30809   652628879.97858  43.29294  21.49748  56788.70684     51.0467       43.72799  134.44557  150.67176  134.0    0.02201  -20.50036  0.49643 
  -35.06858  0.11649  3.02066     13.10914  1.74461   1.4804  21.52394   0.1935      0.0105  5319.08991   9646.48649  1.82841         3883.41866     17.63397  0.00024  56583.53142   3.63265   2.50726     89421711.2176   43.5989  21.56787  56788.70684    51.05013       43.71964  139.08162  155.30781  136.0    0.02204    -20.572  0.82925 
  -33.26009  0.20615  3.59258      13.4302   1.6523  0.57676  20.20034  0.17002     0.01117  4342.71471    9944.2628  3.45496         3552.32817     18.46606  0.00162  56585.33991   2.27252   4.16428    27309974.33421   43.9398  21.51918  56785.17997    51.04011       43.73067  132.12754  148.35373  142.0    0.01921  -20.47658  0.65662 
  -30.86791  0.46015  3.30403     13.02184  2.08976  1.07625  14.84196   0.2782     0.01443  4409.91814   9967.14054  4.61084         3294.17329     18.30495  0.00112  56587.73209   1.72179   6.82954   191564073.49417  43.26854  21.50166  56792.23372    51.02829       43.72197  134.44557  142.66597  138.0    0.01979  -20.46619  0.51452 
  -29.62068  0.21717  3.35988     13.22559  1.71097  1.11697    9.8226  0.32393     0.02456  4780.32944   9932.59132   2.3381         3681.81681     18.15514  0.00079  56588.97932   1.33897   2.13315    63463544.14405  43.64692  21.49413  56781.65309    51.03744       43.73056  127.49149  143.71768  144.0    0.01989   -20.4821  0.82625 
  -36.16602  0.44885  2.09763     12.48874  2.03249  1.29464  23.09095  0.31154     0.01429  5420.96042   9473.23135  1.80043         3695.02286     16.23896    1e-05  56582.43398   4.04782  10.36428   874631166.89849  42.99159  21.55012  56778.12621    51.05133       43.73857  129.80951  152.98978  136.0    0.01677  -20.51078  0.36436 
  -32.95445  0.23937  2.38235     12.82784  1.75865  1.15651  25.17424  0.24289     0.01028  5871.44572   9947.51252  3.64316         3450.39602     19.81597  0.03637  56585.64555   5.17695   6.02605    204801754.0291  43.44868  21.48578  56785.17997     51.0291       43.72514  127.49149  143.71768  140.0    0.02025  -20.53209  0.65584 
  -34.03272  0.28701  2.12501      12.8079  1.39974   0.8211  18.82967  0.30117     0.01619  6104.00986   9877.81196  3.11056         3498.52814     19.06593  0.00647  56584.56728   4.18505   5.40422   142161914.12558  43.60739  21.59862  56778.12621    51.04746       43.71151  129.80951  159.94387  140.0    0.02178    -20.486  0.65946 
  -33.60749  0.32279  1.66152       12.571  1.71407  0.43401  28.43683  0.25124     0.02427  6795.46829   9997.77447  4.86195         3325.61984     17.34905  0.00012  56584.99251   7.83334   9.17907   316844616.12197  43.56102   21.5501  56788.70684    51.02075       43.70446  127.49149  148.35373  136.0    0.01606  -20.47684  0.32475 
   -27.0747  0.42216  1.92636     12.63801  1.53142  0.85027  22.09472  0.32999      0.0138  6123.04277   9680.54833  1.09934         3977.99651     17.78975  0.00034   56591.5253    4.9414    9.3275   279487271.36798   43.4381  21.48991  56781.65309    51.04039       43.73269  125.17346  143.71768  132.0    0.01981  -20.53256  0.49018 
   -33.2145  0.41269  6.25571     13.74904  2.06478  0.73131  16.12347  0.18088     0.01858  3288.83122   9781.63883  1.68918         3651.31491     18.80477  0.00354   56585.3855   1.04032   6.65398    23831908.91473  43.61401  21.48163  56781.65309    51.01648       43.72433  129.80951  143.71768  152.0    0.01533  -20.39733  0.39248 
  -33.70542  0.27042  2.87082     12.97303  1.82024  1.46915  17.64825  0.25193     0.01089  5092.25735   9726.09069  2.25388         3645.72233     17.32914  0.00012  56584.89458   2.72992   4.77251   157722677.81593  43.41507  21.53169      56775.3    51.05704       43.75329  125.63397  150.21125  134.0    0.02152  -20.49981  0.69208 
  -29.54274  0.16553  2.08868     12.92383  1.35517  0.72271  10.10135  0.30793     0.02218    5714.575   9739.15588  2.32937         3556.73899     17.26875   0.0001  56589.05726   1.96777   1.67205    77962035.75263  43.86921  21.54931  56785.17997    51.04473       43.73596  129.80951  148.35373  140.0    0.02549  -20.49424  0.88819 
  -28.84772  0.37547  2.13919     12.68273   1.5296  1.19864  18.49572  0.31082     0.01247  5374.52651   9964.06024   2.7649         3651.20588     16.65457    3e-05  56589.75228   3.18698   6.94458   280177351.62958  43.34549  21.42996  56778.12621    51.03933       43.75424  122.85543  143.71768  138.0    0.01998  -20.51912  0.59037 
  -27.91786   0.4702  1.90638     12.40815  1.28469  1.48221  19.17004  0.22904     0.01106  4310.30808   9961.43777  2.66254          3588.0089     19.40787  0.01421  56590.68214   2.12455    9.0137    661809698.8602  42.99649  21.48437  56788.70684    51.03994       43.74019  129.80951  141.39965  132.0    0.01932  -20.52725  0.39712 
  -36.00505  0.32637  1.44721     12.30723  1.27252  1.08437  23.03767  0.31984     0.01474  6534.29106   9955.25091  4.93377         3327.05406     17.23286    9e-05  56582.59495   5.86763   7.51876   601278009.96348  43.27337  21.50838  56778.12621    51.03684       43.73348  127.49149  151.93808  136.0    0.01787  -20.45828  0.54634 
  -35.48546  0.10571  2.51737     13.14701  1.24896  0.70306  16.53755  0.23827     0.01274  4969.71422   9860.86485  3.90879         3436.00796     16.69496    3e-05  56583.11454   2.43647   1.74819     37346020.2641  43.99126   21.4848  56785.17997      51.031       43.71807  129.80951  143.71768  136.0    0.02299  -20.50099  0.86699 
  -36.15475  0.31298   3.4783     13.20078  1.75603  1.06334  15.62417  0.24934     0.01008  3920.00954   9819.48564  4.38138         3458.60614     19.51062    0.018  56582.44525   1.43218   4.88998    78257041.96485  43.53712  21.49636  56785.17997    51.02718       43.73852  127.49149  141.39965  140.0    0.01612   -20.5061  0.64167 
  -31.74865  0.36343  2.32644     12.85227  1.97385  0.80423  20.54679  0.33524      0.0119  5986.98213   9810.58305  3.97729         3432.31238     16.33104    1e-05  56586.85135   4.39326   7.46726   195872824.10327   43.5388  21.50346  56785.17997    51.04749       43.74391  129.80951  141.39965  134.0    0.01941  -20.49394    0.574 
   -46.0934  0.09528  2.52913     13.12548  1.42726   0.7547  15.63716  0.29031     0.01113  4777.04455   9942.32338  4.21814         3366.19668     18.11422  0.00072   56572.5066   2.12865   1.48985    47566324.44949  43.94011  21.50077      56775.3    51.06961       43.77229    127.952  147.89322  142.0    0.02077   -20.4163  0.89546 
  -32.80957   0.2915  1.20748     12.48786  1.79621  0.42794  27.60524  0.28082     0.01424  7309.66377    9896.8769  1.99069         3702.31495     18.05934  0.00064  56585.79043    8.7986   8.04701    257170592.2114  43.94922  21.54392  56781.65309    51.01517       43.70382  134.44557  152.98978  134.0    0.02064  -20.50359  0.56364 
  -34.57576  0.11177  2.85633     13.13022  1.84697    0.961  14.75551  0.23466     0.01339  5121.79431   9897.13503  1.91488         3787.16555     18.33438   0.0012  56584.02424   2.30901   1.64915    76816567.74144  43.73823  21.54464  56785.17997    51.04368       43.73404  132.12754  152.98978  142.0    0.02151  -20.49885  0.88854 
  -45.12321  0.14521  4.00461     13.62433  2.17898  0.56145  18.61207  0.22518     0.01025   4459.4673   9883.91539  3.78572         3416.36169     17.69812  0.00028  56573.47679   2.20794   2.70264    18303545.91724  44.13944  21.54562  56788.70684    51.01759       43.71563  134.44557    144.984  140.0     0.0176  -20.47268  0.79619 
  -27.18849  0.37251  3.07297     13.30759  1.86869  0.48002  17.66477  0.28554     0.01161  4996.98022   9788.64665  4.05056         3326.78704     16.16622    1e-05  56591.41151   2.63118    6.5803    39746485.06029  43.96597  21.49068  56781.65309    51.02226       43.72548  127.49149  143.71768  132.0    0.02151  -20.50242   0.5725 
   -36.3026  0.30525  2.18414     12.71174   1.8729  1.35524  21.24291  0.30026      0.0112  6116.64799   9926.08928  1.80347         3765.06674     18.10404  0.00071   56582.2974   4.74098   6.48448   312903571.89265  43.36739  21.48757  56785.17997    51.01927       43.71907  136.76359  148.35373  134.0     0.0217  -20.47535   0.6484 
  -30.87645  0.47833  3.06912     12.98635  1.59359  1.11012  14.69862  0.27746     0.01189  4017.74911   9975.93747  2.28499         3696.78784     19.34698  0.01235  56587.72355   1.41537   7.03086   148429007.99345  43.32568  21.47269  56792.23372    51.04401        43.7481  129.80951  136.76359  138.0    0.01815  -20.48216   0.5104 
  -32.86934  0.38634  4.21835      13.7896  1.94891  0.11321  23.42881   0.1681     0.02262  3859.65859   9974.63998  4.67088         3418.43055     17.38235  0.00013  56585.73066   2.08197   9.05156     8485735.15247  44.37966  21.42298  56778.12621      51.052       43.75764  127.49149  148.35373  148.0     0.0174  -20.39256  0.17413 
  -41.20246  0.20912  2.39792     12.93805   1.6436  1.12562  18.17438  0.33455     0.01278   6019.2397   9786.07133  2.28599         3653.15095     19.68718  0.02703  56577.39754   3.92799   3.80062   116729130.86781   43.6578  21.55264      56794.2    51.02219       43.70915   135.7379   147.0614  138.0    0.02225  -20.54286  0.79096 
  -31.32859   0.4096  2.10642     12.72741  1.53964   0.9055  19.86986   0.3365     0.01344  5925.16561   9760.73215  3.02152         3457.69297     16.21617    1e-05  56587.27141   4.16124   8.13871   222584413.37333  43.46168  21.49646  56792.23372    51.05374       43.73515  132.12754   146.0357  134.0    0.02001  -20.55012  0.54177 
  -26.32454  0.20237  0.81666     12.09178  1.12085  0.59812  38.97424  0.22952     0.01002  8351.91573   9441.74537   0.9941         3948.08633     18.80933  0.00358  56592.27546  16.21724   7.88714   454877607.31899  43.83641  21.48409  56778.12621    51.04913       43.75163  127.49149   146.0357  134.0    0.02043  -20.55528  0.64631 
  -30.34541  0.36776  1.47241     12.38721  1.36475  0.82274  26.14155  0.31845     0.01352  6592.10621   9827.06423  1.77807         3798.57597     17.02767    6e-05  56588.25459   6.77652   9.61373   461856929.32007  43.40334  21.52882  56785.17997    51.01979       43.70957  134.44557  150.67176  132.0    0.01985   -20.5207  0.47166 
  -30.51886  0.27586  1.09162      12.4236  1.38633   0.3499  35.79854  0.21778     0.01038  6380.30178    9675.7345  1.69888         3826.38582     16.26541    1e-05  56588.08114   8.69311   9.87539   218083642.41994  43.99594  21.44508  56785.17997    51.03895       43.74828  134.44557  145.98753  134.0    0.01778  -20.54788  0.44594 
  -31.65964  0.36183  3.07348     12.97455  2.02455  1.47402  17.86527  0.25932     0.01082  4821.65971   9956.58523  3.09768         3512.92545       18.435  0.00151  56586.94036   2.47759   6.46414   199669447.56082   43.2996  21.55873  56781.65309    51.00567       43.69767  127.49149  152.98978  134.0     0.0194  -20.51531  0.58807 
  -34.44826  0.49911  2.00076      12.2377  1.50363  0.98566  21.79971  0.25038     0.03452  4218.64978    9801.7405  1.69277         3711.16899     19.37549  0.01319  56584.15174   2.31433  10.88036  1870438841.76561  42.57165  21.53159      56794.2    51.02865       43.70625  133.41987  144.74338  154.0    0.01283  -20.38638  0.14277 
  -30.26712  0.45472  3.22308     12.42332   1.6726  1.40265  23.92819  0.19448     0.38415  3932.26447   9924.83176  3.51272         3394.35958     19.03819  0.00607  56588.33288    2.2071  10.88065  2296761703.63716  42.11458  21.47221  56781.65309    51.04738       43.74838  122.85543  141.39965  148.0    0.01482  -20.42228  0.07494 
  -29.76486  0.26576   2.6048     12.84458  1.91098   1.1146  17.61904  0.24568     0.02429  6546.53461   9965.85443  3.95304         3507.09377     19.18952  0.00859  56588.83514   4.50435   4.68244   246299051.64972  43.32709  21.53544  56788.70684    51.02531       43.71728  129.80951  141.39965  146.0    0.02084  -20.47216  0.65912 
  -43.88543  0.46754  1.86185     12.53472  1.35856  1.01132  17.68302  0.32104      0.0106   4429.8998   9896.15219  3.81194         3370.58066     16.18734    1e-05  56574.71457      2.07   8.26754   372686954.70734  43.29069  21.54223  56785.17997    51.03506       43.71008  136.76359  150.67176  140.0    0.01861   -20.4361  0.49496 
  -27.94582   0.4154     1.97     12.45918   1.8251    1.285  19.76271  0.28926      0.0169  5651.16688   9689.88961  4.55674         3254.96019       18.195  0.00087  56590.65418   3.76487   8.20936   793731971.12853  43.04153  21.52819      56774.3    51.03248       43.70521  120.34067  157.82257  132.0    0.02112  -20.48214  0.44256 
  -34.38784  0.35833  1.22145     12.50402  1.76907  0.41344  23.90307   0.3111     0.01059  5950.46915   9996.72162  4.37881         3461.18515     18.83522   0.0038  56584.21216   5.04874   8.56509   240583614.23711  43.96157  21.49591  56781.65309    51.05893       43.76137  129.80951  149.62005  136.0    0.01958   -20.5052  0.53902 
  -24.22482  0.33612  0.99416      12.2549  1.84127  0.29399  26.38502  0.25695     0.03591  7361.62779    9431.9854  3.88166         3363.95772     17.50711  0.00018  56594.37518   8.52967   8.86852   522447326.20569  43.82101  21.52829  56792.23372    51.06244       43.74027  134.44557  152.98978  140.0    0.01647  -20.50096  0.31099 
  -29.90072  0.34607  3.08668     13.01568  1.93514  1.07784  15.39571   0.2848     0.02087  5774.52079   9854.26379  3.85528         3485.62219      17.7266   0.0003  56588.69928   3.06238   5.32797   159277327.74658  43.37442  21.51824      56774.3     51.0267       43.72048  124.97672  150.86849  138.0    0.02002  -20.50957  0.61675 
  -26.03105  0.48899  3.08953     12.96857  1.69699   0.4375  18.67184  0.15186     0.02653  3532.49711   9706.48154  1.52179         3751.28761     18.27368  0.00104  56592.56895   1.38988   9.13032   173837110.13189   43.2786  21.44813      56794.2     51.0471       43.73997   135.7379  144.74338  148.0    0.01538   -20.4382  0.19521 
  -33.12842  0.33237  1.61823     12.42489  1.98855  0.75955  26.18741  0.28228     0.02239   7392.1569   9431.40011  2.58497         3488.25967     17.93302  0.00048  56585.47158   8.53615   8.70392   683349632.50867  43.31466  21.50374  56781.65309      51.022       43.72731  122.85543  149.62005  132.0    0.02004  -20.53091  0.43296 
  -29.54557  0.41117  1.49114     12.22254  1.07394  1.50897  21.87266  0.29596     0.01449  5596.22544   9974.11416  3.72204         3444.03883     19.26821   0.0103  56589.05443   4.08619   8.99335   795689200.92864  43.05205  21.49373  56774.59933    51.04029       43.73592  129.80951  154.25611  134.0    0.01922  -20.51354  0.43346 
  -38.92863  0.33744  2.17537     12.80142  1.38765  0.77335  18.88883  0.29087     0.01158  4961.70051   9783.81935  4.21414          3361.5962     16.58569    2e-05  56579.67137   2.77392   6.37382    152164495.4832  43.55374  21.47391  56781.65309       51.03       43.74172  127.49149   146.0357  140.0     0.0186  -20.42476  0.58178 
  -29.79321  0.28356  2.39332     12.70268  1.49556  1.14494  24.92608  0.20345      0.0122  5237.95295   9830.77841  4.20704         3363.44009     16.60653    2e-05  56588.80679   4.07948   7.06799   312796188.54242  43.19039  21.57504  56792.23372    51.05386       43.72305  132.12754  150.67176  138.0    0.02036  -20.45855  0.49631 
  -35.67595  0.45157  2.82131     12.97584  1.88114  0.62609  18.65839   0.2651     0.01328   4361.2774   9952.03878  4.01597         3433.18254     18.57221  0.00207  56582.92405   2.11704   8.42562   155405832.30748   43.4509  21.49966  56788.70684    51.02081        43.7224  125.17346  143.66951  140.0    0.01456  -20.45307  0.40065 
  -24.61839  0.43698  2.60967     12.75303   1.7623  1.20641   18.3105  0.25969      0.0174   5541.0056   9925.15447  1.69955         3936.46016     16.11265    1e-05  56593.98161   3.35355    8.0013   347538473.44722  43.14075   21.4845  56781.65309    51.03054       43.73552  127.49149   146.0357  130.0    0.02271  -20.54219  0.45812 
  -43.35808  0.20637  2.57175     13.12251  1.26714  0.75738  17.26819   0.3017     0.01267  4817.60624   9936.82849  1.90796         3807.52441     19.17703  0.00835  56575.24192   2.39076   3.56355    44266633.45987  43.90514  21.52875  56771.07245    51.06573       43.76777  122.85543  148.35373  142.0    0.01785  -20.46635  0.75396 
  -32.92045  0.47193  1.61418     12.15677  1.32811  1.02339  20.26149  0.32864     0.03881  6088.76295   9850.33071  3.19416          3472.7308     17.78603  0.00034  56585.67955   4.48081   9.56199  1561043813.42591  42.78276  21.45073      56774.3    51.04082       43.74366  127.29475  150.86849  142.0    0.01481  -20.43103  0.24139 
   -40.1082  0.06619  3.16478     13.27051  1.69822  0.97127  12.53867  0.31409     0.01769  4859.39253   9773.31405  3.30852         3500.46905     16.56747    2e-05   56578.4918   1.76621   0.82993    45444543.18811  43.84067  21.47355  56785.17997    51.04805       43.73933  129.80951  143.71768  142.0    0.01802  -20.49841  0.93543 
  -47.49639  0.38583  3.64385     13.51759  1.65832   0.5566   15.6416  0.32729     0.01122  3874.41578   9615.07316  1.42551         3703.39789     17.05899    6e-05  56571.10361   1.40062   6.03502    18854897.69664  44.08997  21.52407  56785.17997    51.03494       43.72335  125.17346  143.71768  140.0    0.01844  -20.46509  0.59175 
  -31.57252  0.44882  2.08138     12.36398  2.01817  0.50786  24.43572  0.28725     0.44464  6619.60693   9909.90015   1.8545         3908.33327     16.38653    1e-05  56587.02748   6.38729  10.96718  1518831428.11982  42.75559  21.46269  56781.65309    51.04575       43.74981  125.17346  141.39965  144.0    0.01692   -20.4841  0.08134 
   -44.4382  0.14235  3.27102     13.20971  1.77091  1.18558  18.74287  0.25815     0.01171  4827.14485   9895.57073  3.44511         3437.11915     16.31582    1e-05   56574.1618   2.60522   2.66802    66982617.29944  43.66172   21.5529  56788.70684    51.03273       43.71123  129.80951    144.984  142.0    0.01812  -20.46438  0.80799 
  -30.00684   0.4017  1.19685     12.14949  1.47233  0.45863  23.99662  0.33644     0.07139  8135.34066   9703.91488  2.63537          3540.6899     17.38327  0.00013  56588.59316    9.4739   9.63937   983813041.76426  43.28785  21.55041  56781.65309     51.0809       43.75806  134.44557  148.30556  146.0    0.01625  -20.46097  0.21992 
  -25.32746  0.44135  1.53281     12.49713  1.91499  0.70073  19.35079  0.28633     0.01314  5413.09792   9751.94881  1.08858         4129.50069     19.51462  0.01817  56593.27254   3.38234   8.54041   423344802.68822  43.55334  21.45417  56781.65309    51.04611       43.74169  134.44557  152.98978  134.0    0.02134  -20.55692  0.53366 
  -34.87176  0.28768   5.8248     14.00872  2.07933  0.55202  14.18503  0.27748     0.05139  4311.09183   9447.38649  3.90953         3338.35346     16.60575    2e-05  56583.72824   1.57265   4.08076     6293075.93644  44.25734  21.53023  56781.65309    51.02586       43.71052  122.85543  148.35373  156.0    0.01574  -20.46711  0.60023 
   -32.9011  0.18973  2.25748     12.83637  1.76334  1.24338  18.41338  0.28702      0.0107  5915.80872   9949.49157  4.30659         3434.81277     19.19737  0.00875   56585.6989   3.84405   3.49357   177277946.73999  43.55928  21.58369  56781.65309    51.02838       43.70824  139.08162  157.62584  138.0    0.02433  -20.52165  0.80791 
  -23.58108  0.16683  1.31516      12.3178  1.71606  0.90743  29.38115  0.13592     0.01043  6266.13632   9578.42232  0.92795         4269.20512     17.49039  0.00017  56595.01892    6.8817   4.90173   637835530.20743  43.46071  21.48424  56771.07245    51.02385       43.72209  129.80951  152.98978  142.0    0.02287  -20.47854  0.70536 
  -37.11986  0.32617  3.43607     13.47297  1.97167  0.46063  16.81345  0.25682     0.01057  4262.70898   9971.63972  3.63591         3423.51189     19.87152  0.04133  56581.48014   1.82245     5.484    24480734.65686  44.10273  21.47191  56785.17997    51.02429       43.72979  129.80951  143.71768  140.0    0.01823  -20.50805  0.63321 
  -25.06893   0.3345   1.4736     12.27853  1.58636   1.1945  26.65367  0.31344     0.01719  7447.07174   9906.87465  1.41175         4000.07016     17.15805    8e-05  56593.53107    8.8177   8.91578   886961731.49821  43.18458  21.55883  56792.23372    51.06088       43.73672  129.80951  148.35373  132.0     0.0196  -20.50517  0.49149 
  -42.75434  0.07228  3.59509     13.44888  1.98899  0.77665  13.32282  0.31628     0.02014  5337.78071   9768.43743  2.86802         3480.06874     16.76778    3e-05  56575.84566   2.26436   0.96295    30206560.75917  43.97596  21.50007  56778.12621     51.0297       43.72666  122.85543   146.0357  142.0    0.01731  -20.47962  0.92465 
  -38.25441  0.04794    2.717      13.1377  1.35386  0.92712  13.88471  0.18156      0.0121  4037.04584   9666.75376  2.16091         3619.84176     17.88271  0.00042  56580.34559   1.34987   0.66567     49222118.3218  43.84008  21.42331  56788.70684    51.04249       43.74808  129.80951  136.76359  146.0    0.02131  -20.49329  0.94524 
  -49.22218  0.14377  3.53172     13.48165  1.82826  0.69941   9.58062   0.2584     0.01022  2955.44558   9888.75829  1.35306          4210.6737      18.1821  0.00084  56569.37782   0.49919   1.37738    23042407.97971  44.07238  21.50122  56792.23372    51.06296       43.74989  132.12754  142.66597  144.0    0.01759  -20.49663  0.89146 
  -36.83476  0.14409  3.43662     13.23356  2.07763  1.08587  15.86492  0.24129     0.01642   5401.0849   9938.31725  4.19965         3368.39624     17.24829   0.0001  56581.76524   2.76075   2.28596    77720073.03017  43.62362  21.56938  56785.17997    51.00782       43.69218  132.12754  150.67176  144.0    0.01871  -20.48682  0.83133 
  -34.43072  0.38131  2.81316     13.07082  2.00906    0.803  13.59951  0.33285     0.01182  4601.68059   9603.80435  3.98331           3374.369     16.50377    2e-05  56584.16928   1.71784   5.18567     106550885.944  43.64589  21.44201  56788.70684     51.0402       43.74339  129.80951  139.08162  138.0    0.02137  -20.48032  0.67498 
  -37.00894  0.06566  2.51591     13.08606   1.4974  0.92279  15.24047  0.28323     0.01086   4692.6215   9950.29959  1.52506         4237.66467     18.70428  0.00281  56581.59106   2.00196   1.00072    59214444.16382  43.87037  21.46716  56788.70684    51.03518       43.73431  132.12754    144.984  142.0    0.02195  -20.50709  0.93423 
  -40.35645  0.30501  2.57244     13.00391  1.82629  0.93437  17.51508    0.335     0.01027  5245.31499   9998.64457  2.25043         3760.05476     17.86967  0.00041  56578.24355   2.87463    5.3423   110219767.62967  43.66746  21.47677  56788.70684    51.05083        43.7432  129.80951  143.66951  138.0    0.02221  -20.50551  0.70722 
  -40.61104  0.08366  4.31022     13.59245  2.14782  0.83353  15.13003  0.30583     0.02548  5432.16654   9888.95672  4.04961         3426.65921      17.8136  0.00036  56577.98896   2.66326   1.26572    24204768.07667  43.94794   21.5519   56795.7606    51.03452       43.70227  134.44557  150.67176  146.0    0.01518  -20.46397  0.88877 
  -36.86716  0.14145  4.50178     13.60035  1.99658   1.0186  15.22548  0.24512     0.01813  4136.66836   9704.34493  1.53325         3925.84651      16.7144    3e-05  56581.73284   1.55417   2.15369    23668994.79221  43.88818  21.51416  56788.70684    51.03572       43.72185  134.44557  148.35373  142.0    0.01774  -20.47355  0.80771 
   -39.8309  0.43247   2.0708     12.47225   1.6567  1.15464   21.5779  0.28945     0.01387  4715.40356   9717.45408  3.10102         3519.62914     17.68787  0.00027   56578.7691   2.86203   9.33189   749601290.13377  42.98098  21.50233  56778.12621    51.02609       43.72109  127.49149  143.71768  140.0    0.01465  -20.42318  0.35544 
  -40.36863  0.34785  2.49972     12.97964  1.76645  0.55841  21.68146  0.21054     0.01055  4599.42677   9915.70352  2.49735         3728.55723     18.52947  0.00188  56578.23137   2.73604   7.54183   112569329.36096  43.66874  21.50845  56778.12621    51.02045        43.7111  136.76359  152.98978  138.0    0.01888   -20.4903   0.4936 
  -24.57152  0.23213  0.94793     12.11025  1.48066  0.51554  37.00592  0.22193     0.02004  8405.40549   9811.82217  1.63632         3955.79733     18.85242  0.00395  56594.02848  15.59609   8.59016    743588967.1902  43.61441  21.55139  56788.70684    51.03112       43.70434  132.12754  148.35373  132.0    0.02092  -20.51434   0.4501 
  -30.05131  0.43473  1.85027     12.48265  1.76351  0.89893  20.59837  0.24492     0.01387  4944.41451   9815.94541  1.80395          3763.3212     17.99069  0.00054  56588.54869   3.00393   8.95478   607238024.54014  43.19739  21.51369  56781.65309    51.02287       43.72166  127.49149  149.62005  136.0     0.0172  -20.50773  0.41294 
  -25.26633  0.32246  1.41241     12.30577  1.59167  1.41643  25.53942  0.30738     0.01288  7448.42633   9765.31679  2.35941         3546.28262     19.66502  0.02569  56593.33367   8.45215   8.23533   721202999.14489  43.31272  21.53094   56795.7606    51.03059       43.71635  132.12754  143.71768  130.0    0.02471  -20.58723  0.60326 
  -19.86762   0.2674  2.24159     12.88243  1.65196  0.70154  20.76881  0.17203     0.01149  5632.97948   9952.91621  1.30998         4060.33268     16.32569    1e-05  56598.73238   3.93111   5.55355   132453918.72224  43.66367  21.48471  56788.70684    51.02897       43.72247  132.12754  141.39965  130.0    0.02366  -20.53932  0.64437 
  -40.45727  0.21553   2.8019     13.14919  2.06464  0.88475  19.42301  0.29373      0.0102   5599.8297   9930.58809  1.46082         3724.87685     19.77499  0.03309  56578.14273   3.63323    4.1863    75714400.24424  43.80961  21.49252  56781.65309    51.05108       43.74158  127.49149  141.39965  138.0    0.02227  -20.53065  0.78083 
  -44.68569  0.06609  2.77039     13.16394   1.6409   0.8746  16.22387  0.28332      0.0126  5089.41607   9722.22706  3.68398         3483.18063     18.22531  0.00093  56573.91431   2.50679   1.07226    54965390.03886  43.85875  21.49841      56774.3    51.03771       43.73626  124.97672  153.13835  146.0    0.01682  -20.46475  0.92477 
  -37.62964  0.17469  2.43896     12.98905   1.2558  0.99364  14.36034  0.25126     0.01176   4240.6754   9735.80808  1.44427         3792.47944     17.49645  0.00017  56580.97036    1.5405   2.50867    72954627.64987  43.73031  21.51475  56778.12621    51.01849       43.71768  134.44557  148.35373  142.0    0.02014  -20.46603  0.82112 
  -36.83672  0.35882  2.74846     12.96244  1.36666   1.2162  14.65367  0.31441     0.01199  4383.44013   9882.84316  2.19872         3680.10825     17.60701  0.00022  56581.76328   1.67959   5.25802   113963466.31979  43.46956  21.50383  56788.70684    51.02014        43.7274  127.49149  141.39965  138.0    0.01971  -20.44957  0.63502 
  -33.81004  0.27765  2.60126     12.93033  1.87325  1.23767   18.2286  0.31165     0.01038  5490.86567   9770.50544  3.38884         3559.26122     19.05933  0.00637  56584.78996    3.2784   5.06112   162224657.70989  43.50096  21.51609      56775.3    51.03366       43.73396  125.63397  143.41111  136.0    0.02154   -20.5262  0.71225 
  -44.67265  0.15785  3.89311     13.40727  1.99982   1.1245  15.53497  0.29947     0.01293  4433.33356   9953.92924  4.59227         3399.72754      16.7142    3e-05  56573.92735   1.82137   2.45226    43137378.44621  43.75439  21.52208  56792.23372    51.03485       43.72751  132.12754   146.0357  140.0    0.01706  -20.49314  0.81299 
  -26.85005  0.34251  1.16586     12.04568  1.14841  1.11123  29.34263  0.26371     0.01218  6365.01114    9948.8364  1.43425         4226.54011     17.14907    8e-05  56591.74995   7.09128  10.05024  1174489527.66975   43.1258  21.59478  56781.65309    51.00213       43.67313  127.49149  157.62584  130.0    0.01911  -20.54122  0.41503 
  -36.82045  0.07678  2.54573     13.08797  1.30304  0.97205  12.43579  0.22019     0.01113   3847.1873   9931.88596   1.8313         3954.81953     17.63952  0.00024  56581.77955   1.09796   0.95479    52293814.83974  43.85373   21.4943      56775.3    51.05154       43.75089    127.952  150.21125  140.0    0.01821  -20.56894  0.92882 
  -34.32903  0.40279  3.05942     12.94901  1.84935  1.23129  19.33574  0.32049     0.01216  4949.13803   9975.26207  2.90225         3527.18768     18.85677  0.00399  56584.27097   2.82519    7.7882   203277827.96779   43.2565  21.45884  56785.17997    51.04726       43.74957  129.80951  141.39965  138.0    0.01988  -20.43977   0.4977 
  -27.67145  0.41377  2.35589     12.72799  2.03628  0.81024  20.98248  0.29992     0.02294   6229.7431   9765.12984  1.86539         3843.28694     17.24901   0.0001  56590.92855   4.85763   8.68201   367275621.35571  43.26838  21.49287  56781.65309    51.07166       43.76856  122.85543  141.39965  136.0    0.01898  -20.51226  0.41422 
  -34.58802  0.41073  2.23675     12.98737  1.13744  0.64863  11.49065  0.31513     0.01481  4353.46855    9517.4863  2.37478         3489.58378     17.01427    6e-05  56584.01198    1.2991   4.71961    56006000.65863  43.87731  21.48159  56792.23372    51.05089        43.7466  132.12754  141.35148  138.0    0.01742  -20.55083  0.68148 
  -38.42306  0.20047  2.47008     13.14695  1.39419   0.5773  16.89383  0.25808     0.01017  4594.50677   9991.85355  4.76947         3368.87466     19.33755  0.01209  56580.17694   2.12732   3.38677    40147925.79704  44.02408  21.46992  56792.23372    51.06352       43.75299  132.12754  141.35148  142.0    0.02196  -20.47093  0.77087 
  -39.63094  0.06791  2.90199     13.26659  1.77217  0.86712  17.27499  0.31319     0.01093  5193.35079    9961.8015   1.7018         4083.41841     16.34023    1e-05  56578.96906   2.77933   1.17313    40600416.28256  43.98343  21.47619  56781.65309    51.03344       43.73593  127.49149  143.71768  138.0    0.01893  -20.54881  0.92693 
  -32.10064  0.22828  2.92755     13.00157  1.47504  1.30094  16.12739  0.22315     0.01292  4586.00449    9902.8109   4.4768         3380.91461     19.05734  0.00634  56586.49936    2.0233   3.68148   116545446.14668  43.43814   21.6356   56795.7606    51.04922       43.70036  136.76359  162.26189  142.0    0.01851  -20.44492  0.71006 
  -29.21031  0.31678    0.942     12.11063  1.88543   0.3998  28.82685  0.24478     0.02092  6453.00996   9839.19699  3.80009          3470.2309     17.02708    6e-05  56589.38969   7.16059   9.13177   933376880.14191   43.6261   21.5781  56792.23372    51.04981       43.70105  132.12754  155.30781  138.0    0.01602  -20.46938  0.33551 
   -32.9126  0.33381  1.93364     12.53789  1.79176  1.50912  25.61719  0.30976     0.01249   6640.7705   9958.00093  2.06294         3716.29464     19.54217  0.01936   56585.6874     6.739   8.55139   522466803.60636  43.23132  21.56707  56778.12621    51.00266       43.69523  134.44557  152.98978  134.0    0.01754  -20.51173  0.54149 
  -23.98753  0.36481  2.21209     13.08382  2.02257   0.4277  15.58401  0.29789     0.01435  5710.57308   9826.42143  2.11015         3669.83924     16.69727    3e-05  56594.61247   3.03156   5.68516    62470618.88956  44.08947  21.48972  56788.70684     51.0433       43.74459  129.80951  141.39965  134.0    0.02498  -20.53041   0.6745 
  -28.06872  0.47142  2.79604     12.93862  1.50921  1.43434  11.20469  0.30981     0.01224    4027.681   9547.79936  2.33272         3627.54248     18.19087  0.00086  56590.53128   1.08427   5.28215   145350973.58707  43.39209  21.50994  56781.65309    51.01508       43.71619  127.49149  143.71768  134.0    0.02078  -20.53678  0.63912 
  -36.09765  0.15586   2.9955     13.16035  1.97539  1.00818  14.44393  0.32516     0.01665  5716.40353   9550.70843  3.93418         3324.15378     19.06754  0.00649  56582.50235   2.81552   2.25118    78650858.51416  43.71586  21.49787  56778.12621    51.01196       43.72101  127.49149  148.35373  142.0    0.01806   -20.5315  0.85484 
  -36.46551   0.4506  2.72947      12.8858   1.9009  1.15546   16.5655  0.30575      0.0103  4320.32433   9942.86813  2.02452         3856.56387     18.34237  0.00122  56582.13449   1.84444   7.46435   222496350.78726  43.32833  21.44935  56778.12621    51.04277       43.75365  127.49149   146.0357  140.0    0.01943  -20.49284  0.54789 
  -41.96051  0.33055  2.51748     12.78453  1.36681  1.50704  20.68672  0.24813     0.01114  4521.46741   9882.25201  1.40309         3913.01032     16.77452    3e-05  56576.63949   2.52277    6.8379   216966063.51775  43.26623  21.51637  56781.65309    51.01734       43.71008  127.49149  152.98978  146.0    0.01519  -20.41894  0.54574 
  -35.45981  0.31787  3.10623     13.06661  1.82251  1.11975  17.63138  0.27002       0.012  4793.32752   9887.07073  2.12627         3642.52725     16.77698    3e-05  56583.14019    2.4165   5.60445   120150645.49804  43.46532   21.5237  56788.70684    51.03061       43.71504  129.80951   146.0357  140.0    0.02008  -20.47646  0.63021 
  -32.60161  0.49473  2.59817     12.72131  1.36415  1.48471  16.92077   0.3321     0.01715  5053.70491   9994.16241  2.67914         3653.04617     17.11778    7e-05  56585.99839   2.57791   8.37119   308593502.43122  43.08498  21.51117  56781.65309    51.02917       43.72548  125.17346  152.98978  134.0    0.01905  -20.48394  0.42181 
  -33.25135  0.34253  1.96201      12.7245  2.19984  0.68498  23.57594   0.3364      0.0162  7103.80342   9853.69366  2.52088         3656.39998     18.48984  0.00172  56585.34865   7.09705   8.07549   279653228.85555  43.57921  21.52662      56794.2    51.05011       43.73614  138.05592  142.42535  134.0    0.02177   -20.5077  0.54383 
  -39.46406  0.25716  4.20496     13.45842  1.80493   0.7474  21.36429    0.149     0.01036  3812.32824   9857.15138   1.5045         3879.86277     19.67277  0.02615  56579.13594   1.85224   5.49409    35889183.82072  43.72282   21.5076  56785.17997     51.0501       43.73846  129.80951  148.35373  144.0    0.01886  -20.47953  0.55941 
  -28.74753   0.3747  2.60585     12.74427  1.49672  1.40193   19.9399  0.22312     0.01216  4731.75297    9975.3195  3.09502         3603.69899     18.73979  0.00305  56589.85247   2.66314   7.47153   306414950.25441  43.12578  21.51993  56781.65309    51.03612       43.72282  127.49149  149.62005  134.0    0.01947  -20.50585  0.47239 
  -39.27228  0.48698  4.41723     13.20317  1.53919   0.5081  20.87211  0.13497     0.01612  2633.83885    9759.3048  1.67424         3662.59573     16.18995    1e-05  56579.32772   0.86372  10.16433   109412675.42695  43.12677  21.50844  56785.17997    51.03217        43.7145  129.80951  145.98753  152.0    0.01634   -20.4011  0.15113 
  -26.17961  0.49608  3.30453     12.99715   2.0681  1.08815  13.43718  0.32499     0.02116  4950.79128   9987.12807  3.23743         3514.43167     18.80035  0.00351  56592.42039   1.96465   6.66597   212469700.68019   43.2189  21.48549  56792.23372    51.06348       43.76355  129.80951  141.35148  140.0    0.01796  -20.44094  0.50171 
  -30.55352  0.39001  1.79158     12.47771  1.32247  1.06972   18.7629  0.28897      0.0184  5996.45895   9997.84663  3.52211         3389.31777     16.18365    1e-05  56588.04648   4.02455   7.31779   436762493.54514  43.24352  21.61441  56781.65309    51.02812       43.70723  127.49149  162.26189  134.0    0.02056  -20.49529  0.51939 
  -36.98402  0.34302  3.75584     13.26037  2.12386  1.24481  12.25096  0.29055     0.01045  3885.48262   9980.99116  4.85616         3336.12744     16.01639    1e-05  56581.61598   1.10328    4.2023    83871485.45898  43.52294  21.51319  56778.12621    51.02275        43.7305  125.17346  143.71768  136.0    0.01748  -20.50355  0.70359 
   -35.9522  0.21285    2.114     12.75666  1.57428  1.51621  18.83022  0.28223     0.01154  5862.85558     9771.825  1.89313         3534.65429     19.66216  0.02552   56582.6478   3.86101   4.00808   200349820.72073  43.51393  21.51795  56767.54558    51.02965       43.73282  115.90135  150.67176  140.0    0.01883  -20.51018  0.78333 
  -32.29624  0.48456  3.88999     13.25216  2.12205  1.01297  12.13771  0.32466      0.0198  4621.95601   9430.81303  1.25908         3876.84443     16.13191    1e-05  56586.30376   1.54673   5.88144    93358164.42097  43.44555  21.46957  56788.70684    51.04233       43.73315  129.80951   146.0357  140.0    0.01652  -20.49547  0.57316 
  -29.42488  0.27898  2.98201     13.05335  2.06544  1.49638  14.75997   0.2904     0.01108  5013.55071   9977.47923  1.73975         4035.24813      17.5497   0.0002  56589.17512   2.21311   4.11779   133398355.46042  43.50969  21.48076  56788.70684    51.04608       43.74387  129.80951  141.39965  134.0    0.02095   -20.5609  0.75611 
  -30.40496  0.47941  2.99911     12.95978  1.89043  1.09308  15.85322  0.30827     0.01333  4762.25238   9817.58303  2.25631         3661.36179     16.94341    5e-05  56588.19504   2.14471   7.60016   190016746.75016  43.31263  21.52939  56781.65309    51.01826       43.70573  129.80951   146.0357  134.0    0.02012  -20.51902   0.5115 
  -32.22486  0.17143  2.76053     12.99661  1.79862   1.4337  17.53393  0.26234     0.01119  5277.61675   9860.19914  3.16289         3490.67534     16.66009    3e-05  56586.37514   2.91328   3.00591   129277999.24139  43.53028  21.52018  56788.70684    51.02115       43.71416  134.44557  148.35373  140.0    0.02028  -20.48558  0.80835 
  -39.94317  0.25328  2.32671     13.09521  1.15162  0.72859  12.62612  0.33746     0.01011  3870.40433   9935.85723  2.17445         3686.62354     18.27044  0.00104  56578.65683   1.12826   3.19796    37340751.24433  44.02449  21.44859  56788.70684    51.04961       43.75482  136.76359    144.984  136.0    0.02155  -20.54028  0.79299 
