       MJD   Upper    Mean   Lower  Cenwave  Zeropoint  Filter 
 56549.911    99.0    99.0    99.0  4810.16     3631.0       g 
 56549.911    99.0    99.0    99.0  6155.47     3631.0       r 
 56549.911    99.0    99.0    99.0  7503.03     3631.0       i 
 56552.961    99.0    99.0    99.0  4810.16     3631.0       g 
 56552.961    99.0    99.0    99.0  6155.47     3631.0       r 
 56552.961    99.0    99.0    99.0  7503.03     3631.0       i 
 56556.011    99.0    99.0    99.0  4810.16     3631.0       g 
 56556.011    99.0    99.0    99.0  6155.47     3631.0       r 
 56556.011    99.0    99.0    99.0  7503.03     3631.0       i 
  56559.06    99.0    99.0  75.149  6155.47     3631.0       r 
  56559.06    99.0    99.0  75.161  4810.16     3631.0       g 
  56559.06    99.0    99.0  75.202  7503.03     3631.0       i 
  56562.11    99.0    99.0  25.675  6155.47     3631.0       r 
  56562.11    99.0    99.0  25.747  4810.16     3631.0       g 
  56562.11    99.0    99.0  25.829  7503.03     3631.0       i 
  56565.16    99.0  25.842  24.198  6155.47     3631.0       r 
  56565.16    99.0  25.844  24.234  4810.16     3631.0       g 
  56565.16    99.0   26.02  24.364  7503.03     3631.0       i 
  56568.21  25.809  24.301  23.386  6155.47     3631.0       r 
  56568.21   25.86  24.306  23.449  4810.16     3631.0       g 
  56568.21   25.95  24.466  23.549  7503.03     3631.0       i 
 56571.259  24.258  23.444  22.802  6155.47     3631.0       r 
 56571.259  24.313  23.488  22.904  4810.16     3631.0       g 
 56571.259  24.406  23.598  22.948  7503.03     3631.0       i 
 56574.309  23.367  22.849  22.375  6155.47     3631.0       r 
 56574.309  23.446  22.917  22.468  4810.16     3631.0       g 
 56574.309  23.524  23.003   22.52  7503.03     3631.0       i 
   56577.2  22.803   22.44  22.053  6155.47     3631.0       r 
   56577.2  22.877   22.52  22.139  4810.16     3631.0       g 
   56577.2  22.967  22.578  22.192  7503.03     3631.0       i 
 56577.359  22.775  22.419  22.037  6155.47     3631.0       r 
 56577.359  22.852  22.499  22.123  4810.16     3631.0       g 
 56577.359  22.939  22.557  22.175  7503.03     3631.0       i 
 56580.409  22.325  22.055  21.744  6155.47     3631.0       r 
 56580.409  22.412  22.142  21.851  4810.16     3631.0       g 
 56580.409  22.478  22.197  21.874  7503.03     3631.0       i 
 56583.458  21.963  21.747  21.499  6155.47     3631.0       r 
 56583.458   22.06  21.858  21.621  4810.16     3631.0       g 
 56583.458  22.108  21.898  21.627  7503.03     3631.0       i 
 56586.508  21.679  21.495  21.294  6155.47     3631.0       r 
 56586.508  21.782  21.613   21.42  4810.16     3631.0       g 
 56586.508  21.818  21.649   21.42  7503.03     3631.0       i 
   56587.5  21.595  21.422  21.234  6155.47     3631.0       r 
   56587.5  21.701  21.546  21.359  4810.16     3631.0       g 
   56587.5  21.731  21.575   21.36  7503.03     3631.0       i 
 56589.558  21.433  21.283  21.113  6155.47     3631.0       r 
 56589.558   21.55  21.412  21.243  4810.16     3631.0       g 
 56589.558  21.563  21.427  21.242  7503.03     3631.0       i 
 56592.608  21.224  21.094  20.952  6155.47     3631.0       r 
 56592.608  21.348  21.231  21.075  7503.03     3631.0       i 
 56592.608  21.353  21.238  21.093  4810.16     3631.0       g 
 56595.657   21.05  20.933  20.809  6155.47     3631.0       r 
 56595.657  21.164  21.062  20.925  7503.03     3631.0       i 
 56595.657  21.183  21.077  20.951  4810.16     3631.0       g 
 56598.707  20.893  20.794  20.681  6155.47     3631.0       r 
 56598.707  21.006  20.916  20.788  7503.03     3631.0       i 
 56598.707  21.032  20.945  20.828  4810.16     3631.0       g 
 56601.757  20.746  20.663  20.565  6155.47     3631.0       r 
 56601.757  20.858  20.782  20.667  7503.03     3631.0       i 
 56601.757  20.899   20.82  20.719  4810.16     3631.0       g 
 56604.807  20.618  20.544  20.464  6155.47     3631.0       r 
 56604.807  20.725  20.661  20.557  7503.03     3631.0       i 
 56604.807  20.782  20.703  20.624  4810.16     3631.0       g 
 56607.856  20.503  20.439  20.367  6155.47     3631.0       r 
 56607.856  20.609   20.55  20.456  7503.03     3631.0       i 
 56607.856  20.685  20.606  20.536  4810.16     3631.0       g 
 56610.906  20.403  20.342  20.279  6155.47     3631.0       r 
 56610.906  20.503  20.447  20.366  7503.03     3631.0       i 
 56610.906  20.589  20.519  20.453  4810.16     3631.0       g 
 56613.956  20.313  20.256  20.197  6155.47     3631.0       r 
 56613.956  20.404  20.354  20.284  7503.03     3631.0       i 
 56613.956  20.503  20.443  20.379  4810.16     3631.0       g 
 56617.006  20.233  20.175  20.128  6155.47     3631.0       r 
 56617.006  20.315  20.271  20.209  7503.03     3631.0       i 
 56617.006  20.428  20.372  20.309  4810.16     3631.0       g 
 56620.055  20.157  20.105  20.062  6155.47     3631.0       r 
 56620.055  20.236  20.194  20.141  7503.03     3631.0       i 
 56620.055  20.357  20.312  20.246  4810.16     3631.0       g 
   56621.3  20.128  20.079  20.036  6155.47     3631.0       r 
   56621.3  20.205  20.164  20.115  7503.03     3631.0       i 
   56621.3  20.335  20.289  20.222  4810.16     3631.0       g 
 56623.105   20.09  20.041    20.0  6155.47     3631.0       r 
 56623.105  20.165  20.124  20.079  7503.03     3631.0       i 
 56623.105  20.302  20.256   20.19  4810.16     3631.0       g 
 56626.155  20.031  19.982  19.944  6155.47     3631.0       r 
 56626.155  20.101  20.062  20.019  7503.03     3631.0       i 
 56626.155   20.25  20.206  20.139  4810.16     3631.0       g 
   56626.5  20.024  19.976  19.938  6155.47     3631.0       r 
   56626.5  20.094  20.055  20.013  7503.03     3631.0       i 
   56626.5  20.245  20.201  20.134  4810.16     3631.0       g 
 56629.205  19.977  19.929  19.894  6155.47     3631.0       r 
 56629.205  20.042  20.004  19.966  7503.03     3631.0       i 
 56629.205  20.202  20.164  20.098  4810.16     3631.0       g 
 56632.254  19.926  19.882  19.847  6155.47     3631.0       r 
 56632.254  19.986  19.951  19.918  7503.03     3631.0       i 
 56632.254  20.161  20.126  20.065  4810.16     3631.0       g 
 56635.304   19.88  19.841  19.806  6155.47     3631.0       r 
 56635.304  19.935  19.902  19.871  7503.03     3631.0       i 
 56635.304  20.127  20.091  20.031  4810.16     3631.0       g 
 56638.354  19.839  19.804   19.77  6155.47     3631.0       r 
 56638.354  19.889  19.859  19.831  7503.03     3631.0       i 
 56638.354  20.098  20.062  20.004  4810.16     3631.0       g 
   56639.2  19.829  19.794   19.76  6155.47     3631.0       r 
   56639.2  19.877  19.848  19.821  7503.03     3631.0       i 
   56639.2  20.091  20.054  19.996  4810.16     3631.0       g 
   56640.3  19.818  19.782  19.748  6155.47     3631.0       r 
   56640.3  19.862  19.833  19.807  7503.03     3631.0       i 
   56640.3  20.082  20.045  19.988  4810.16     3631.0       g 
 56641.404  19.806  19.771  19.736  6155.47     3631.0       r 
 56641.404  19.848   19.82  19.793  7503.03     3631.0       i 
 56641.404  20.074  20.036  19.979  4810.16     3631.0       g 
 56644.453  19.775  19.741  19.708  6155.47     3631.0       r 
 56644.453  19.812  19.784  19.759  7503.03     3631.0       i 
 56644.453  20.054  20.016   19.96  4810.16     3631.0       g 
   56647.4  19.749  19.716  19.684  6155.47     3631.0       r 
   56647.4   19.78  19.753  19.729  7503.03     3631.0       i 
   56647.4   20.04    20.0  19.949  4810.16     3631.0       g 
 56647.503  19.748  19.715  19.684  6155.47     3631.0       r 
 56647.503  19.779  19.752  19.728  7503.03     3631.0       i 
 56647.503  20.039    20.0  19.948  4810.16     3631.0       g 
   56648.3  19.741  19.709  19.678  6155.47     3631.0       r 
   56648.3  19.771  19.744  19.721  7503.03     3631.0       i 
   56648.3  20.035  19.996  19.946  4810.16     3631.0       g 
 56650.553  19.723  19.694  19.662  6155.47     3631.0       r 
 56650.553  19.748  19.724  19.702  7503.03     3631.0       i 
 56650.553  20.025  19.987  19.941  4810.16     3631.0       g 
 56653.603  19.703  19.675  19.645  6155.47     3631.0       r 
 56653.603  19.723    19.7  19.679  7503.03     3631.0       i 
 56653.603  20.014  19.978  19.934  4810.16     3631.0       g 
 56656.652  19.687   19.66  19.632  6155.47     3631.0       r 
 56656.652  19.701  19.679  19.658  7503.03     3631.0       i 
 56656.652  20.009  19.972  19.931  4810.16     3631.0       g 
 56659.702  19.674  19.647  19.622  6155.47     3631.0       r 
 56659.702  19.681  19.659  19.639  7503.03     3631.0       i 
 56659.702  20.006  19.971  19.932  4810.16     3631.0       g 
   56662.2  19.665  19.639  19.615  6155.47     3631.0       r 
   56662.2  19.667  19.646  19.626  7503.03     3631.0       i 
   56662.2  20.007  19.972  19.935  4810.16     3631.0       g 
 56662.752  19.664  19.637  19.613  6155.47     3631.0       r 
 56662.752  19.664  19.643  19.623  7503.03     3631.0       i 
 56662.752  20.008  19.973  19.936  4810.16     3631.0       g 
   56663.1  19.662  19.642  19.622  7503.03     3631.0       i 
   56663.1  19.663  19.636  19.612  6155.47     3631.0       r 
   56663.1  20.008  19.974  19.936  4810.16     3631.0       g 
 56665.802   19.65  19.631  19.611  7503.03     3631.0       i 
 56665.802  19.657   19.63  19.608  6155.47     3631.0       r 
 56665.802  20.012  19.979  19.942  4810.16     3631.0       g 
   56667.4  19.645  19.624  19.604  7503.03     3631.0       i 
   56667.4  19.654  19.628  19.606  6155.47     3631.0       r 
   56667.4  20.015  19.982  19.946  4810.16     3631.0       g 
 56668.851   19.64   19.62  19.598  7503.03     3631.0       i 
 56668.851  19.652  19.626  19.606  6155.47     3631.0       r 
 56668.851  20.019  19.986  19.952  4810.16     3631.0       g 
   56671.2  19.632  19.613  19.592  7503.03     3631.0       i 
   56671.2  19.649  19.626  19.606  6155.47     3631.0       r 
   56671.2  20.026  19.995  19.963  4810.16     3631.0       g 
 56671.901   19.63  19.611   19.59  7503.03     3631.0       i 
 56671.901  19.649  19.626  19.606  6155.47     3631.0       r 
 56671.901  20.029  19.998  19.966  4810.16     3631.0       g 
   56672.2  19.629   19.61   19.59  7503.03     3631.0       i 
   56672.2  19.649  19.626  19.606  6155.47     3631.0       r 
   56672.2   20.03  19.999  19.967  4810.16     3631.0       g 
   56673.1  19.627  19.608  19.588  7503.03     3631.0       i 
   56673.1   19.65  19.626  19.606  6155.47     3631.0       r 
   56673.1  20.033  20.003  19.972  4810.16     3631.0       g 
 56674.951  19.623  19.604  19.584  7503.03     3631.0       i 
 56674.951  19.651  19.629  19.608  6155.47     3631.0       r 
 56674.951  20.041  20.011  19.981  4810.16     3631.0       g 
   56675.3  19.623  19.604  19.584  7503.03     3631.0       i 
   56675.3  19.651  19.629  19.609  6155.47     3631.0       r 
   56675.3  20.043  20.012  19.983  4810.16     3631.0       g 
 56678.001  19.618    19.6  19.581  7503.03     3631.0       i 
 56678.001  19.654  19.633  19.614  6155.47     3631.0       r 
 56678.001  20.057  20.028  19.998  4810.16     3631.0       g 
   56680.1  19.617  19.598  19.579  7503.03     3631.0       i 
   56680.1  19.657  19.637  19.618  6155.47     3631.0       r 
   56680.1  20.069  20.042  20.011  4810.16     3631.0       g 
  56681.05  19.616  19.597  19.579  7503.03     3631.0       i 
  56681.05  19.659   19.64   19.62  6155.47     3631.0       r 
  56681.05  20.074  20.048  20.018  4810.16     3631.0       g 
   56684.1  19.616  19.598  19.579  7503.03     3631.0       i 
   56684.1  19.667  19.648  19.628  6155.47     3631.0       r 
   56684.1  20.094  20.068  20.039  4810.16     3631.0       g 
   56685.1  19.616  19.598  19.579  7503.03     3631.0       i 
   56685.1   19.67  19.651  19.631  6155.47     3631.0       r 
   56685.1  20.101  20.075  20.047  4810.16     3631.0       g 
  56687.15  19.617    19.6  19.581  7503.03     3631.0       i 
  56687.15  19.676  19.658  19.639  6155.47     3631.0       r 
  56687.15  20.118   20.09  20.064  4810.16     3631.0       g 
   56690.2  19.621  19.603  19.585  7503.03     3631.0       i 
   56690.2  19.688   19.67   19.65  6155.47     3631.0       r 
   56690.2  20.142  20.115  20.092  4810.16     3631.0       g 
 56693.249  19.625  19.608   19.59  7503.03     3631.0       i 
 56693.249  19.704  19.683  19.664  6155.47     3631.0       r 
 56693.249  20.169  20.144  20.121  4810.16     3631.0       g 
 56696.299  19.632  19.616  19.597  7503.03     3631.0       i 
 56696.299   19.72  19.699   19.68  6155.47     3631.0       r 
 56696.299  20.197  20.175   20.15  4810.16     3631.0       g 
   56697.1  19.635  19.618  19.599  7503.03     3631.0       i 
   56697.1  19.725  19.704  19.685  6155.47     3631.0       r 
   56697.1  20.206  20.183  20.157  4810.16     3631.0       g 
 56699.349  19.641  19.625  19.606  7503.03     3631.0       i 
 56699.349  19.738  19.717  19.699  6155.47     3631.0       r 
 56699.349  20.228  20.206  20.181  4810.16     3631.0       g 
 56702.399  19.652  19.635  19.615  7503.03     3631.0       i 
 56702.399  19.756  19.735  19.719  6155.47     3631.0       r 
 56702.399  20.262  20.239  20.216  4810.16     3631.0       g 
   56702.5  19.652  19.635  19.615  7503.03     3631.0       i 
   56702.5  19.757  19.736  19.719  6155.47     3631.0       r 
   56702.5  20.263   20.24  20.218  4810.16     3631.0       g 
   56703.2  19.655  19.637  19.618  7503.03     3631.0       i 
   56703.2  19.761   19.74  19.724  6155.47     3631.0       r 
   56703.2  20.271  20.249  20.226  4810.16     3631.0       g 
 56705.448  19.664  19.646  19.627  7503.03     3631.0       i 
 56705.448  19.777  19.756  19.739  6155.47     3631.0       r 
 56705.448  20.297  20.276  20.252  4810.16     3631.0       g 
 56708.498  19.677  19.659   19.64  7503.03     3631.0       i 
 56708.498  19.798  19.778  19.761  6155.47     3631.0       r 
 56708.498  20.336  20.313  20.289  4810.16     3631.0       g 
   56710.2  19.685  19.666  19.648  7503.03     3631.0       i 
   56710.2  19.811  19.791  19.775  6155.47     3631.0       r 
   56710.2  20.358  20.335  20.311  4810.16     3631.0       g 
 56711.548  19.691  19.672  19.654  7503.03     3631.0       i 
 56711.548  19.822  19.802  19.785  6155.47     3631.0       r 
 56711.548  20.376  20.352  20.328  4810.16     3631.0       g 
 56714.598  19.706  19.686  19.669  7503.03     3631.0       i 
 56714.598  19.848  19.826   19.81  6155.47     3631.0       r 
 56714.598  20.417  20.392  20.367  4810.16     3631.0       g 
 56717.647  19.723  19.703  19.685  7503.03     3631.0       i 
 56717.647  19.875  19.851  19.835  6155.47     3631.0       r 
 56717.647  20.459  20.434  20.408  4810.16     3631.0       g 
 56720.697  19.741  19.721  19.702  7503.03     3631.0       i 
 56720.697  19.903  19.879  19.863  6155.47     3631.0       r 
 56720.697  20.502  20.476   20.45  4810.16     3631.0       g 
   56721.2  19.744  19.724  19.705  7503.03     3631.0       i 
   56721.2  19.907  19.884  19.868  6155.47     3631.0       r 
   56721.2  20.509  20.483  20.457  4810.16     3631.0       g 
   56721.3  19.745  19.725  19.705  7503.03     3631.0       i 
   56721.3  19.908  19.885  19.868  6155.47     3631.0       r 
   56721.3  20.511  20.485  20.458  4810.16     3631.0       g 
 56723.747  19.761   19.74   19.72  7503.03     3631.0       i 
 56723.747  19.931  19.908  19.891  6155.47     3631.0       r 
 56723.747  20.546   20.52  20.493  4810.16     3631.0       g 
 56726.797   19.78  19.759  19.739  7503.03     3631.0       i 
 56726.797  19.961  19.937  19.919  6155.47     3631.0       r 
 56726.797   20.59  20.566  20.539  4810.16     3631.0       g 
   56727.1  19.783  19.761  19.741  7503.03     3631.0       i 
   56727.1  19.964  19.941  19.922  6155.47     3631.0       r 
   56727.1  20.595  20.571  20.543  4810.16     3631.0       g 
   56728.1   19.79  19.768  19.748  7503.03     3631.0       i 
   56728.1  19.974   19.95  19.932  6155.47     3631.0       r 
   56728.1   20.61  20.586  20.558  4810.16     3631.0       g 
   56728.6  19.793  19.771  19.751  7503.03     3631.0       i 
   56728.6  19.979  19.955  19.937  6155.47     3631.0       r 
   56728.6  20.619  20.593  20.565  4810.16     3631.0       g 
   56729.1  19.797  19.774  19.754  7503.03     3631.0       i 
   56729.1  19.983  19.961  19.942  6155.47     3631.0       r 
   56729.1  20.626  20.601  20.572  4810.16     3631.0       g 
 56729.846  19.802  19.779   19.76  7503.03     3631.0       i 
 56729.846  19.991  19.968  19.949  6155.47     3631.0       r 
 56729.846  20.638  20.612  20.584  4810.16     3631.0       g 
   56730.1  19.803  19.781  19.761  7503.03     3631.0       i 
   56730.1  19.994  19.971  19.951  6155.47     3631.0       r 
   56730.1  20.641  20.616  20.587  4810.16     3631.0       g 
   56731.1  19.811  19.788  19.768  7503.03     3631.0       i 
   56731.1  20.004  19.981  19.962  6155.47     3631.0       r 
   56731.1  20.657  20.632  20.602  4810.16     3631.0       g 
   56732.1  19.818  19.796  19.775  7503.03     3631.0       i 
   56732.1  20.015  19.992  19.973  6155.47     3631.0       r 
   56732.1  20.673  20.648  20.618  4810.16     3631.0       g 
   56732.2  19.818  19.796  19.775  7503.03     3631.0       i 
   56732.2  20.016  19.993  19.974  6155.47     3631.0       r 
   56732.2  20.675  20.649  20.619  4810.16     3631.0       g 
 56732.896  19.823  19.801   19.78  7503.03     3631.0       i 
 56732.896  20.024  20.001  19.981  6155.47     3631.0       r 
 56732.896  20.687   20.66   20.63  4810.16     3631.0       g 
   56732.9  19.823  19.801   19.78  7503.03     3631.0       i 
   56732.9  20.024  20.001  19.981  6155.47     3631.0       r 
   56732.9  20.687   20.66   20.63  4810.16     3631.0       g 
   56733.1  19.824  19.803  19.781  7503.03     3631.0       i 
   56733.1  20.026  20.003  19.983  6155.47     3631.0       r 
   56733.1   20.69  20.664  20.633  4810.16     3631.0       g 
   56735.2   19.84  19.818  19.795  7503.03     3631.0       i 
   56735.2  20.049  20.025  20.005  6155.47     3631.0       r 
   56735.2  20.726  20.697  20.667  4810.16     3631.0       g 
 56735.946  19.846  19.824    19.8  7503.03     3631.0       i 
 56735.946  20.057  20.033  20.013  6155.47     3631.0       r 
 56735.946  20.738   20.71  20.679  4810.16     3631.0       g 
   56736.2  19.848  19.826  19.802  7503.03     3631.0       i 
   56736.2   20.06  20.036  20.016  6155.47     3631.0       r 
   56736.2  20.743  20.713  20.683  4810.16     3631.0       g 
   56736.7  19.852   19.83  19.805  7503.03     3631.0       i 
   56736.7  20.066  20.041  20.021  6155.47     3631.0       r 
   56736.7  20.751  20.721  20.691  4810.16     3631.0       g 
   56737.3  19.856  19.834  19.809  7503.03     3631.0       i 
   56737.3  20.073  20.048  20.027  6155.47     3631.0       r 
   56737.3  20.761  20.731    20.7  4810.16     3631.0       g 
 56738.996   19.87  19.847  19.822  7503.03     3631.0       i 
 56738.996  20.092  20.067  20.046  6155.47     3631.0       r 
 56738.996  20.791  20.761  20.728  4810.16     3631.0       g 
 56742.045  19.895  19.871  19.844  7503.03     3631.0       i 
 56742.045  20.126  20.102  20.078  6155.47     3631.0       r 
 56742.045  20.845  20.812  20.779  4810.16     3631.0       g 
   56744.8  19.918  19.893  19.866  7503.03     3631.0       i 
   56744.8  20.159  20.134  20.109  6155.47     3631.0       r 
   56744.8  20.896  20.859  20.824  4810.16     3631.0       g 
 56745.095  19.921  19.895  19.868  7503.03     3631.0       i 
 56745.095  20.163  20.137  20.113  6155.47     3631.0       r 
 56745.095  20.901  20.864  20.829  4810.16     3631.0       g 
   56745.3  19.923  19.897  19.869  7503.03     3631.0       i 
   56745.3  20.166   20.14  20.115  6155.47     3631.0       r 
   56745.3  20.905  20.868  20.833  4810.16     3631.0       g 
 56748.145  19.947  19.921  19.892  7503.03     3631.0       i 
 56748.145  20.198  20.173  20.146  6155.47     3631.0       r 
 56748.145  20.956  20.918  20.881  4810.16     3631.0       g 
 56751.195  19.972  19.946  19.918  7503.03     3631.0       i 
 56751.195  20.235  20.211  20.179  6155.47     3631.0       r 
 56751.195  21.011   20.97  20.932  4810.16     3631.0       g 
 56754.244    20.0  19.973  19.945  7503.03     3631.0       i 
 56754.244  20.276  20.248  20.216  6155.47     3631.0       r 
 56754.244  21.065  21.024  20.984  4810.16     3631.0       g 
 56757.294  20.026    20.0   19.97  7503.03     3631.0       i 
 56757.294  20.317  20.285  20.253  6155.47     3631.0       r 
 56757.294  21.123  21.081  21.033  4810.16     3631.0       g 
 56760.344  20.052  20.026  19.997  7503.03     3631.0       i 
 56760.344  20.358  20.324  20.292  6155.47     3631.0       r 
 56760.344  21.182  21.139  21.085  4810.16     3631.0       g 
 56763.394  20.081  20.056  20.024  7503.03     3631.0       i 
 56763.394    20.4  20.364  20.329  6155.47     3631.0       r 
 56763.394  21.242  21.195   21.14  4810.16     3631.0       g 
 56766.443  20.109  20.085  20.052  7503.03     3631.0       i 
 56766.443  20.443  20.404  20.366  6155.47     3631.0       r 
 56766.443  21.303  21.252  21.197  4810.16     3631.0       g 
 56769.493  20.141  20.116  20.079  7503.03     3631.0       i 
 56769.493  20.486  20.445  20.405  6155.47     3631.0       r 
 56769.493  21.364   21.31  21.253  4810.16     3631.0       g 
 56772.543  20.173  20.145  20.108  7503.03     3631.0       i 
 56772.543  20.529  20.485  20.444  6155.47     3631.0       r 
 56772.543  21.427  21.367   21.31  4810.16     3631.0       g 
 56775.593  20.204  20.175  20.136  7503.03     3631.0       i 
 56775.593  20.573  20.525  20.485  6155.47     3631.0       r 
 56775.593   21.49  21.426  21.366  4810.16     3631.0       g 
 56778.642  20.237  20.204  20.164  7503.03     3631.0       i 
 56778.642  20.618  20.567  20.525  6155.47     3631.0       r 
 56778.642  21.555  21.485  21.423  4810.16     3631.0       g 
 56781.692   20.27  20.234  20.193  7503.03     3631.0       i 
 56781.692  20.665  20.608  20.565  6155.47     3631.0       r 
 56781.692   21.62  21.546  21.483  4810.16     3631.0       g 
 56784.742  20.304  20.265  20.221  7503.03     3631.0       i 
 56784.742  20.712  20.651  20.606  6155.47     3631.0       r 
 56784.742  21.685  21.607  21.541  4810.16     3631.0       g 
 56787.792  20.339  20.297  20.251  7503.03     3631.0       i 
 56787.792  20.759  20.695  20.648  6155.47     3631.0       r 
 56787.792   21.75  21.669  21.599  4810.16     3631.0       g 
 56790.841  20.375   20.33  20.282  7503.03     3631.0       i 
 56790.841  20.805  20.738  20.691  6155.47     3631.0       r 
 56790.841  21.818   21.73  21.656  4810.16     3631.0       g 
 56793.891  20.409  20.361  20.311  7503.03     3631.0       i 
 56793.891  20.853  20.782  20.734  6155.47     3631.0       r 
 56793.891  21.884  21.791  21.714  4810.16     3631.0       g 
 56796.941  20.445  20.395  20.341  7503.03     3631.0       i 
 56796.941  20.902  20.826  20.778  6155.47     3631.0       r 
 56796.941  21.951  21.853  21.773  4810.16     3631.0       g 
 56799.991  20.479  20.429  20.372  7503.03     3631.0       i 
 56799.991  20.951  20.871  20.821  6155.47     3631.0       r 
 56799.991  22.019  21.917  21.833  4810.16     3631.0       g 
  56803.04  20.514  20.463  20.405  7503.03     3631.0       i 
  56803.04    21.0  20.918  20.864  6155.47     3631.0       r 
  56803.04  22.087  21.979  21.893  4810.16     3631.0       g 
  56806.09  20.549  20.497  20.438  7503.03     3631.0       i 
  56806.09   21.05  20.964  20.908  6155.47     3631.0       r 
  56806.09  22.156  22.042  21.954  4810.16     3631.0       g 
  56809.14  20.586  20.532  20.471  7503.03     3631.0       i 
  56809.14  21.102  21.011  20.952  6155.47     3631.0       r 
  56809.14  22.225  22.105  22.016  4810.16     3631.0       g 
  56812.19  20.623  20.566  20.505  7503.03     3631.0       i 
  56812.19  21.154  21.058  20.996  6155.47     3631.0       r 
  56812.19  22.295  22.169  22.079  4810.16     3631.0       g 
 56815.239   20.66  20.602   20.54  7503.03     3631.0       i 
 56815.239  21.203  21.106   21.04  6155.47     3631.0       r 
 56815.239  22.365  22.235  22.143  4810.16     3631.0       g 
 56818.289  20.697  20.639  20.575  7503.03     3631.0       i 
 56818.289  21.254  21.154  21.083  6155.47     3631.0       r 
 56818.289  22.435  22.301  22.208  4810.16     3631.0       g 
 56821.339  20.734  20.675  20.611  7503.03     3631.0       i 
 56821.339  21.302  21.203  21.128  6155.47     3631.0       r 
 56821.339  22.505  22.369  22.272  4810.16     3631.0       g 
 56824.389  20.771  20.712  20.646  7503.03     3631.0       i 
 56824.389  21.353  21.253  21.173  6155.47     3631.0       r 
 56824.389  22.577  22.436  22.336  4810.16     3631.0       g 
 56827.438  20.807  20.749  20.682  7503.03     3631.0       i 
 56827.438  21.397  21.302   21.22  6155.47     3631.0       r 
 56827.438  22.622  22.503  22.401  4810.16     3631.0       g 
 56830.488  20.838  20.785  20.719  7503.03     3631.0       i 
 56830.488  21.429  21.351  21.268  6155.47     3631.0       r 
 56830.488  22.669  22.568  22.466  4810.16     3631.0       g 
 56833.538  20.871  20.822  20.753  7503.03     3631.0       i 
 56833.538  21.462  21.401  21.317  6155.47     3631.0       r 
 56833.538  22.712  22.634  22.528  4810.16     3631.0       g 
 56836.588  20.902  20.856  20.789  7503.03     3631.0       i 
 56836.588  21.493  21.445  21.364  6155.47     3631.0       r 
 56836.588  22.759  22.695  22.589  4810.16     3631.0       g 
 56839.637  20.929  20.887  20.825  7503.03     3631.0       i 
 56839.637  21.527  21.484  21.413  6155.47     3631.0       r 
 56839.637  22.798  22.742  22.645  4810.16     3631.0       g 
 56842.687  20.954  20.916  20.862  7503.03     3631.0       i 
 56842.687  21.561  21.517  21.456  6155.47     3631.0       r 
 56842.687  22.842  22.776  22.694  4810.16     3631.0       g 
 56845.737  20.982  20.947  20.892  7503.03     3631.0       i 
 56845.737  21.597  21.549  21.491  6155.47     3631.0       r 
 56845.737  22.887  22.813  22.748  4810.16     3631.0       g 
 56848.787  21.009  20.973  20.922  7503.03     3631.0       i 
 56848.787  21.624   21.58  21.529  6155.47     3631.0       r 
 56848.787  22.928  22.848  22.782  4810.16     3631.0       g 
 56851.836  21.034  20.999   20.95  7503.03     3631.0       i 
 56851.836  21.648  21.605  21.559  6155.47     3631.0       r 
 56851.836  22.962  22.878   22.81  4810.16     3631.0       g 
 56854.886  21.058  21.024  20.976  7503.03     3631.0       i 
 56854.886   21.68  21.631  21.585  6155.47     3631.0       r 
 56854.886  22.987  22.906  22.839  4810.16     3631.0       g 
 56857.936  21.082  21.048  21.001  7503.03     3631.0       i 
 56857.936  21.703  21.655  21.613  6155.47     3631.0       r 
 56857.936  23.009  22.932  22.869  4810.16     3631.0       g 
 56860.986  21.106  21.072  21.026  7503.03     3631.0       i 
 56860.986  21.726   21.68  21.639  6155.47     3631.0       r 
 56860.986  23.033  22.959  22.894  4810.16     3631.0       g 
 56864.035   21.13  21.096  21.052  7503.03     3631.0       i 
 56864.035  21.748  21.703  21.667  6155.47     3631.0       r 
 56864.035  23.055  22.984  22.923  4810.16     3631.0       g 
 56867.085  21.153   21.12  21.079  7503.03     3631.0       i 
 56867.085   21.77  21.726  21.691  6155.47     3631.0       r 
 56867.085  23.078  23.008  22.947  4810.16     3631.0       g 
 56870.135  21.177  21.143  21.102  7503.03     3631.0       i 
 56870.135  21.792   21.75  21.715  6155.47     3631.0       r 
 56870.135  23.101  23.034  22.972  4810.16     3631.0       g 
 56873.185    21.2  21.167  21.126  7503.03     3631.0       i 
 56873.185  21.814  21.773   21.74  6155.47     3631.0       r 
 56873.185  23.124  23.058    23.0  4810.16     3631.0       g 
 56876.234  21.223   21.19  21.149  7503.03     3631.0       i 
 56876.234  21.836  21.796  21.766  6155.47     3631.0       r 
 56876.234  23.148  23.081  23.024  4810.16     3631.0       g 
 56879.284  21.247  21.214  21.172  7503.03     3631.0       i 
 56879.284  21.859   21.82  21.791  6155.47     3631.0       r 
 56879.284  23.171  23.104  23.047  4810.16     3631.0       g 
 56882.334  21.271  21.237  21.195  7503.03     3631.0       i 
 56882.334  21.883  21.843  21.815  6155.47     3631.0       r 
 56882.334  23.193  23.128  23.071  4810.16     3631.0       g 
 56885.384  21.297   21.26  21.218  7503.03     3631.0       i 
 56885.384  21.905  21.867   21.84  6155.47     3631.0       r 
 56885.384  23.215  23.153  23.095  4810.16     3631.0       g 
 56888.433  21.322  21.284   21.24  7503.03     3631.0       i 
 56888.433  21.928  21.891  21.863  6155.47     3631.0       r 
 56888.433  23.238  23.177  23.119  4810.16     3631.0       g 
 56891.483  21.348  21.307  21.262  7503.03     3631.0       i 
 56891.483  21.951  21.915  21.886  6155.47     3631.0       r 
 56891.483   23.26    23.2  23.143  4810.16     3631.0       g 
 56894.533  21.373   21.33  21.284  7503.03     3631.0       i 
 56894.533  21.974  21.938   21.91  6155.47     3631.0       r 
 56894.533  23.283  23.223  23.168  4810.16     3631.0       g 
 56897.583  21.397  21.353  21.307  7503.03     3631.0       i 
 56897.583  21.997  21.961  21.934  6155.47     3631.0       r 
 56897.583  23.305  23.246  23.193  4810.16     3631.0       g 
 56900.632   21.42  21.377  21.329  7503.03     3631.0       i 
 56900.632  22.021  21.984  21.957  6155.47     3631.0       r 
 56900.632  23.326  23.268  23.217  4810.16     3631.0       g 
 56903.682  21.444  21.401  21.353  7503.03     3631.0       i 
 56903.682  22.044  22.008   21.98  6155.47     3631.0       r 
 56903.682  23.348   23.29  23.241  4810.16     3631.0       g 
 56906.732  21.468  21.425  21.376  7503.03     3631.0       i 
 56906.732  22.067  22.032  22.005  6155.47     3631.0       r 
 56906.732  23.369  23.313  23.266  4810.16     3631.0       g 
 56909.782  21.491  21.447    21.4  7503.03     3631.0       i 
 56909.782   22.09  22.055  22.027  6155.47     3631.0       r 
 56909.782  23.391  23.336   23.29  4810.16     3631.0       g 
   56910.5  21.497  21.453  21.405  7503.03     3631.0       i 
   56910.5  22.096   22.06  22.032  6155.47     3631.0       r 
   56910.5  23.396  23.342  23.295  4810.16     3631.0       g 
 56912.831  21.514   21.47  21.423  7503.03     3631.0       i 
 56912.831  22.114  22.078   22.05  6155.47     3631.0       r 
 56912.831  23.413   23.36  23.313  4810.16     3631.0       g 
 56915.881  21.536  21.494  21.446  7503.03     3631.0       i 
 56915.881  22.136  22.102  22.074  6155.47     3631.0       r 
 56915.881  23.436  23.383  23.336  4810.16     3631.0       g 
 56918.931   21.56  21.517  21.468  7503.03     3631.0       i 
 56918.931   22.16  22.124  22.097  6155.47     3631.0       r 
 56918.931  23.458  23.406   23.36  4810.16     3631.0       g 
 56921.981  21.584  21.539  21.492  7503.03     3631.0       i 
 56921.981  22.182  22.148   22.12  6155.47     3631.0       r 
 56921.981   23.48   23.43  23.385  4810.16     3631.0       g 
  56925.03  21.607  21.561  21.514  7503.03     3631.0       i 
  56925.03  22.204  22.171  22.143  6155.47     3631.0       r 
  56925.03  23.502  23.453   23.41  4810.16     3631.0       g 
  56928.08  21.631  21.584  21.536  7503.03     3631.0       i 
  56928.08  22.225  22.195  22.165  6155.47     3631.0       r 
  56928.08  23.524  23.476  23.433  4810.16     3631.0       g 
  56931.13  21.654  21.607  21.559  7503.03     3631.0       i 
  56931.13  22.247  22.218  22.188  6155.47     3631.0       r 
  56931.13  23.547  23.499  23.457  4810.16     3631.0       g 
  56934.18  21.678   21.63  21.581  7503.03     3631.0       i 
  56934.18   22.27  22.241  22.209  6155.47     3631.0       r 
  56934.18  23.569  23.521  23.481  4810.16     3631.0       g 
 56937.229  21.701  21.652  21.604  7503.03     3631.0       i 
 56937.229  22.292  22.264  22.231  6155.47     3631.0       r 
 56937.229  23.592  23.545  23.505  4810.16     3631.0       g 
 56940.279  21.724  21.675  21.626  7503.03     3631.0       i 
 56940.279  22.315  22.286  22.254  6155.47     3631.0       r 
 56940.279  23.615  23.568  23.528  4810.16     3631.0       g 
 56943.329  21.748  21.698  21.648  7503.03     3631.0       i 
 56943.329  22.338   22.31  22.278  6155.47     3631.0       r 
 56943.329  23.638   23.59  23.551  4810.16     3631.0       g 
 56946.379  21.771  21.722   21.67  7503.03     3631.0       i 
 56946.379  22.361  22.333  22.301  6155.47     3631.0       r 
 56946.379  23.661  23.613  23.575  4810.16     3631.0       g 
 56949.428  21.794  21.745  21.693  7503.03     3631.0       i 
 56949.428  22.383  22.357  22.324  6155.47     3631.0       r 
 56949.428  23.684  23.635  23.598  4810.16     3631.0       g 
   56951.6  21.811  21.761  21.708  7503.03     3631.0       i 
   56951.6  22.399  22.373  22.341  6155.47     3631.0       r 
   56951.6    23.7  23.651  23.614  4810.16     3631.0       g 
 56952.478  21.817  21.767  21.715  7503.03     3631.0       i 
 56952.478  22.406   22.38  22.348  6155.47     3631.0       r 
 56952.478  23.706  23.657  23.621  4810.16     3631.0       g 
 56955.528   21.84  21.789  21.737  7503.03     3631.0       i 
 56955.528  22.429  22.402  22.371  6155.47     3631.0       r 
 56955.528  23.729  23.679  23.644  4810.16     3631.0       g 
 56958.578  21.863  21.811  21.759  7503.03     3631.0       i 
 56958.578  22.451  22.425  22.392  6155.47     3631.0       r 
 56958.578  23.751  23.702  23.668  4810.16     3631.0       g 
 56961.627  21.886  21.832  21.781  7503.03     3631.0       i 
 56961.627  22.474  22.448  22.415  6155.47     3631.0       r 
 56961.627  23.772  23.726  23.691  4810.16     3631.0       g 
 56964.677  21.909  21.856  21.803  7503.03     3631.0       i 
 56964.677  22.497   22.47  22.437  6155.47     3631.0       r 
 56964.677  23.794  23.748  23.714  4810.16     3631.0       g 
 56967.727  21.932  21.879  21.825  7503.03     3631.0       i 
 56967.727   22.52  22.492  22.459  6155.47     3631.0       r 
 56967.727  23.817   23.77  23.738  4810.16     3631.0       g 
 56970.777  21.955  21.902  21.847  7503.03     3631.0       i 
 56970.777  22.542  22.514  22.481  6155.47     3631.0       r 
 56970.777  23.839  23.792   23.76  4810.16     3631.0       g 
 56973.826  21.977  21.924  21.868  7503.03     3631.0       i 
 56973.826  22.564  22.536  22.503  6155.47     3631.0       r 
 56973.826  23.859  23.813  23.782  4810.16     3631.0       g 
 56976.876    22.0  21.947   21.89  7503.03     3631.0       i 
 56976.876  22.586  22.558  22.525  6155.47     3631.0       r 
 56976.876  23.881  23.835  23.804  4810.16     3631.0       g 
 56979.926  22.023  21.969  21.912  7503.03     3631.0       i 
 56979.926   22.61  22.581  22.548  6155.47     3631.0       r 
 56979.926  23.903  23.858  23.827  4810.16     3631.0       g 
   56980.6  22.028  21.974  21.916  7503.03     3631.0       i 
   56980.6  22.615  22.586  22.553  6155.47     3631.0       r 
   56980.6  23.907  23.863  23.832  4810.16     3631.0       g 
 56982.976  22.046  21.992  21.934  7503.03     3631.0       i 
 56982.976  22.632  22.603   22.57  6155.47     3631.0       r 
 56982.976  23.924   23.88  23.849  4810.16     3631.0       g 
 56986.025  22.068  22.014  21.956  7503.03     3631.0       i 
 56986.025  22.654  22.625  22.591  6155.47     3631.0       r 
 56986.025  23.946  23.902  23.872  4810.16     3631.0       g 
 56989.075   22.09  22.036  21.977  7503.03     3631.0       i 
 56989.075  22.676  22.647  22.612  6155.47     3631.0       r 
 56989.075  23.968  23.923  23.894  4810.16     3631.0       g 
 56992.125  22.113  22.059  21.997  7503.03     3631.0       i 
 56992.125  22.698  22.669  22.633  6155.47     3631.0       r 
 56992.125   23.99  23.946  23.917  4810.16     3631.0       g 
 56995.175  22.135  22.081  22.018  7503.03     3631.0       i 
 56995.175  22.721  22.691  22.657  6155.47     3631.0       r 
 56995.175  24.012  23.967  23.938  4810.16     3631.0       g 
 56998.224  22.157  22.103  22.039  7503.03     3631.0       i 
 56998.224  22.743  22.713  22.678  6155.47     3631.0       r 
 56998.224  24.034  23.988  23.959  4810.16     3631.0       g 
 57001.274   22.18  22.126  22.059  7503.03     3631.0       i 
 57001.274  22.765  22.734  22.699  6155.47     3631.0       r 
 57001.274  24.056   24.01  23.981  4810.16     3631.0       g 
 57004.324  22.204  22.149   22.08  7503.03     3631.0       i 
 57004.324  22.786  22.756  22.719  6155.47     3631.0       r 
 57004.324  24.078  24.032  24.004  4810.16     3631.0       g 
 57007.374  22.226  22.171    22.1  7503.03     3631.0       i 
 57007.374   22.81  22.778  22.739  6155.47     3631.0       r 
 57007.374    24.1  24.053  24.025  4810.16     3631.0       g 
 57010.423  22.248  22.193  22.121  7503.03     3631.0       i 
 57010.423  22.833    22.8  22.762  6155.47     3631.0       r 
 57010.423  24.122  24.075  24.047  4810.16     3631.0       g 
 57013.473  22.271  22.216  22.142  7503.03     3631.0       i 
 57013.473  22.857  22.822  22.783  6155.47     3631.0       r 
 57013.473  24.142  24.097  24.068  4810.16     3631.0       g 
 57016.523  22.293  22.237  22.163  7503.03     3631.0       i 
 57016.523  22.879  22.844  22.805  6155.47     3631.0       r 
 57016.523  24.164  24.119   24.09  4810.16     3631.0       g 
 57019.573  22.316  22.258  22.184  7503.03     3631.0       i 
 57019.573  22.901  22.866  22.825  6155.47     3631.0       r 
 57019.573  24.186  24.139  24.111  4810.16     3631.0       g 
 57022.622  22.337  22.279  22.204  7503.03     3631.0       i 
 57022.622  22.923  22.887  22.846  6155.47     3631.0       r 
 57022.622  24.208  24.161  24.131  4810.16     3631.0       g 
 57025.672   22.36    22.3  22.224  7503.03     3631.0       i 
 57025.672  22.945  22.908  22.867  6155.47     3631.0       r 
 57025.672   24.23  24.182  24.152  4810.16     3631.0       g 
 57028.722  22.384  22.321  22.244  7503.03     3631.0       i 
 57028.722  22.967   22.93  22.887  6155.47     3631.0       r 
 57028.722  24.252  24.204  24.173  4810.16     3631.0       g 
 57031.772  22.406  22.343  22.264  7503.03     3631.0       i 
 57031.772   22.99  22.951  22.907  6155.47     3631.0       r 
 57031.772  24.275  24.226  24.194  4810.16     3631.0       g 
 57034.821  22.428  22.364  22.284  7503.03     3631.0       i 
 57034.821  23.012  22.972  22.927  6155.47     3631.0       r 
 57034.821  24.297  24.247  24.216  4810.16     3631.0       g 
 57037.871  22.449  22.386  22.305  7503.03     3631.0       i 
 57037.871  23.034  22.994  22.948  6155.47     3631.0       r 
 57037.871   24.32   24.27  24.238  4810.16     3631.0       g 
 57040.921   22.47  22.409  22.325  7503.03     3631.0       i 
 57040.921  23.055  23.016  22.968  6155.47     3631.0       r 
 57040.921  24.342  24.291  24.259  4810.16     3631.0       g 
 57043.971  22.491   22.43  22.345  7503.03     3631.0       i 
 57043.971  23.076  23.037  22.988  6155.47     3631.0       r 
 57043.971  24.364  24.311  24.279  4810.16     3631.0       g 
   57044.4  22.494  22.433  22.348  7503.03     3631.0       i 
   57044.4  23.079   23.04  22.991  6155.47     3631.0       r 
   57044.4  24.367  24.314  24.282  4810.16     3631.0       g 
  57047.02  22.512  22.451  22.365  7503.03     3631.0       i 
  57047.02  23.098  23.058  23.008  6155.47     3631.0       r 
  57047.02  24.385  24.332  24.299  4810.16     3631.0       g 
  57050.07  22.532  22.472  22.385  7503.03     3631.0       i 
  57050.07   23.12  23.078  23.028  6155.47     3631.0       r 
  57050.07  24.406  24.353   24.32  4810.16     3631.0       g 
  57053.12  22.554  22.493  22.405  7503.03     3631.0       i 
  57053.12  23.143  23.099  23.048  6155.47     3631.0       r 
  57053.12  24.428  24.374   24.34  4810.16     3631.0       g 
  57056.17  22.575  22.514  22.425  7503.03     3631.0       i 
  57056.17  23.165  23.121  23.068  6155.47     3631.0       r 
  57056.17  24.449  24.395  24.359  4810.16     3631.0       g 
 57059.219  22.596  22.536  22.445  7503.03     3631.0       i 
 57059.219  23.186  23.141  23.089  6155.47     3631.0       r 
 57059.219   24.47  24.415   24.38  4810.16     3631.0       g 
 57062.269  22.617  22.556  22.465  7503.03     3631.0       i 
 57062.269  23.208  23.162  23.108  6155.47     3631.0       r 
 57062.269  24.491  24.436  24.401  4810.16     3631.0       g 
 57065.319  22.638  22.578  22.485  7503.03     3631.0       i 
 57065.319  23.229  23.182  23.128  6155.47     3631.0       r 
 57065.319  24.512  24.457   24.42  4810.16     3631.0       g 
 57068.369  22.658  22.599  22.505  7503.03     3631.0       i 
 57068.369   23.25  23.204  23.147  6155.47     3631.0       r 
 57068.369  24.533  24.478   24.44  4810.16     3631.0       g 
   57071.2  22.678  22.618  22.523  7503.03     3631.0       i 
   57071.2   23.27  23.224  23.165  6155.47     3631.0       r 
   57071.2  24.553  24.498  24.459  4810.16     3631.0       g 
 57071.418   22.68  22.619  22.524  7503.03     3631.0       i 
 57071.418  23.272  23.225  23.166  6155.47     3631.0       r 
 57071.418  24.554  24.499   24.46  4810.16     3631.0       g 
 57074.468  22.701  22.639  22.544  7503.03     3631.0       i 
 57074.468  23.293  23.246  23.185  6155.47     3631.0       r 
 57074.468  24.575   24.52   24.48  4810.16     3631.0       g 
 57077.518  22.724   22.66  22.564  7503.03     3631.0       i 
 57077.518  23.314  23.266  23.205  6155.47     3631.0       r 
 57077.518  24.596   24.54    24.5  4810.16     3631.0       g 
 57080.568  22.746   22.68  22.584  7503.03     3631.0       i 
 57080.568  23.336  23.287  23.224  6155.47     3631.0       r 
 57080.568  24.617  24.561   24.52  4810.16     3631.0       g 
 57083.617  22.767  22.701  22.603  7503.03     3631.0       i 
 57083.617  23.357  23.307  23.244  6155.47     3631.0       r 
 57083.617  24.638  24.581  24.539  4810.16     3631.0       g 
 57086.667  22.789  22.721  22.622  7503.03     3631.0       i 
 57086.667  23.378  23.327  23.263  6155.47     3631.0       r 
 57086.667  24.658  24.601  24.559  4810.16     3631.0       g 
 57089.717   22.81  22.742  22.641  7503.03     3631.0       i 
 57089.717  23.399  23.347  23.282  6155.47     3631.0       r 
 57089.717  24.678  24.622  24.578  4810.16     3631.0       g 
 57092.767  22.831  22.762   22.66  7503.03     3631.0       i 
 57092.767   23.42  23.367  23.301  6155.47     3631.0       r 
 57092.767  24.698  24.641  24.598  4810.16     3631.0       g 
 57095.816  22.852  22.782  22.679  7503.03     3631.0       i 
 57095.816  23.441  23.388   23.32  6155.47     3631.0       r 
 57095.816  24.719  24.661  24.617  4810.16     3631.0       g 
 57098.866  22.874  22.802  22.698  7503.03     3631.0       i 
 57098.866  23.461  23.409  23.339  6155.47     3631.0       r 
 57098.866   24.74  24.681  24.636  4810.16     3631.0       g 
 57101.916  22.896  22.822  22.717  7503.03     3631.0       i 
 57101.916   23.48  23.429  23.359  6155.47     3631.0       r 
 57101.916  24.762  24.701  24.656  4810.16     3631.0       g 
   57104.0   22.91  22.835   22.73  7503.03     3631.0       i 
   57104.0  23.493  23.443  23.371  6155.47     3631.0       r 
   57104.0  24.776  24.715  24.668  4810.16     3631.0       g 
 57104.966  22.916  22.842  22.736  7503.03     3631.0       i 
 57104.966    23.5  23.449  23.377  6155.47     3631.0       r 
 57104.966  24.783  24.721  24.674  4810.16     3631.0       g 
 57108.015  22.937  22.861  22.755  7503.03     3631.0       i 
 57108.015  23.521  23.469  23.396  6155.47     3631.0       r 
 57108.015  24.804   24.74  24.694  4810.16     3631.0       g 
 57111.065  22.957  22.882  22.774  7503.03     3631.0       i 
 57111.065  23.542  23.489  23.415  6155.47     3631.0       r 
 57111.065  24.825  24.759  24.714  4810.16     3631.0       g 
 57114.115  22.977  22.901  22.792  7503.03     3631.0       i 
 57114.115  23.562  23.509  23.434  6155.47     3631.0       r 
 57114.115  24.847  24.779  24.733  4810.16     3631.0       g 
 57117.165  22.999  22.922  22.811  7503.03     3631.0       i 
 57117.165  23.582  23.528  23.453  6155.47     3631.0       r 
 57117.165  24.868  24.799  24.752  4810.16     3631.0       g 
 57120.214  23.021  22.942   22.83  7503.03     3631.0       i 
 57120.214  23.601  23.547  23.471  6155.47     3631.0       r 
 57120.214  24.889   24.82  24.771  4810.16     3631.0       g 
 57123.264  23.043  22.962  22.849  7503.03     3631.0       i 
 57123.264   23.62  23.567   23.49  6155.47     3631.0       r 
 57123.264  24.909  24.839   24.79  4810.16     3631.0       g 
 57126.314  23.064  22.981  22.868  7503.03     3631.0       i 
 57126.314  23.639  23.587  23.508  6155.47     3631.0       r 
 57126.314  24.929  24.859  24.808  4810.16     3631.0       g 
 57129.364  23.085    23.0  22.886  7503.03     3631.0       i 
 57129.364  23.659  23.605  23.527  6155.47     3631.0       r 
 57129.364  24.949  24.878  24.827  4810.16     3631.0       g 
 57132.413  23.105   23.02  22.904  7503.03     3631.0       i 
 57132.413  23.679  23.625  23.545  6155.47     3631.0       r 
 57132.413  24.969  24.897  24.845  4810.16     3631.0       g 
 57135.463  23.125   23.04  22.922  7503.03     3631.0       i 
 57135.463  23.699  23.644  23.563  6155.47     3631.0       r 
 57135.463  24.989  24.916  24.863  4810.16     3631.0       g 
 57138.513  23.146   23.06  22.941  7503.03     3631.0       i 
 57138.513   23.72  23.663  23.582  6155.47     3631.0       r 
 57138.513  25.008  24.935  24.882  4810.16     3631.0       g 
 57141.563  23.166   23.08  22.959  7503.03     3631.0       i 
 57141.563  23.741  23.682    23.6  6155.47     3631.0       r 
 57141.563  25.027  24.954    24.9  4810.16     3631.0       g 
 57144.612  23.186  23.099  22.977  7503.03     3631.0       i 
 57144.612  23.762  23.701  23.619  6155.47     3631.0       r 
 57144.612  25.047  24.974  24.918  4810.16     3631.0       g 
 57147.662  23.205  23.118  22.995  7503.03     3631.0       i 
 57147.662  23.783   23.72  23.637  6155.47     3631.0       r 
 57147.662  25.067  24.994  24.937  4810.16     3631.0       g 
 57150.712  23.225  23.137  23.013  7503.03     3631.0       i 
 57150.712  23.804  23.738  23.655  6155.47     3631.0       r 
 57150.712  25.087  25.014  24.955  4810.16     3631.0       g 
 57153.762  23.245  23.155  23.031  7503.03     3631.0       i 
 57153.762  23.824  23.757  23.672  6155.47     3631.0       r 
 57153.762  25.107  25.032  24.973  4810.16     3631.0       g 
 57156.811  23.265  23.173  23.049  7503.03     3631.0       i 
 57156.811  23.845  23.776   23.69  6155.47     3631.0       r 
 57156.811  25.126  25.051  24.991  4810.16     3631.0       g 
 57159.861  23.285  23.191  23.067  7503.03     3631.0       i 
 57159.861  23.866  23.794  23.707  6155.47     3631.0       r 
 57159.861  25.148  25.069   25.01  4810.16     3631.0       g 
 57162.911  23.305  23.209  23.085  7503.03     3631.0       i 
 57162.911  23.887  23.813  23.725  6155.47     3631.0       r 
 57162.911  25.169  25.087  25.028  4810.16     3631.0       g 
 57165.961  23.324  23.227  23.103  7503.03     3631.0       i 
 57165.961  23.908  23.832  23.743  6155.47     3631.0       r 
 57165.961  25.189  25.105  25.046  4810.16     3631.0       g 
  57169.01  23.343  23.246   23.12  7503.03     3631.0       i 
  57169.01  23.929   23.85  23.761  6155.47     3631.0       r 
  57169.01  25.209  25.123  25.064  4810.16     3631.0       g 
  57172.06  23.362  23.264  23.138  7503.03     3631.0       i 
  57172.06  23.949  23.868  23.778  6155.47     3631.0       r 
  57172.06  25.228  25.141  25.082  4810.16     3631.0       g 
  57175.11  23.381  23.283  23.155  7503.03     3631.0       i 
  57175.11  23.968  23.887  23.795  6155.47     3631.0       r 
  57175.11  25.248   25.16    25.1  4810.16     3631.0       g 
  57178.16    23.4  23.301  23.173  7503.03     3631.0       i 
  57178.16  23.987  23.906  23.812  6155.47     3631.0       r 
  57178.16  25.267  25.178  25.118  4810.16     3631.0       g 
 57181.209  23.419   23.32   23.19  7503.03     3631.0       i 
 57181.209  24.005  23.925  23.829  6155.47     3631.0       r 
 57181.209  25.287  25.196  25.136  4810.16     3631.0       g 
 57184.259  23.437  23.338  23.207  7503.03     3631.0       i 
 57184.259  24.024  23.943  23.846  6155.47     3631.0       r 
 57184.259  25.306  25.214  25.154  4810.16     3631.0       g 
 57187.309  23.456  23.355  23.224  7503.03     3631.0       i 
 57187.309  24.044   23.96  23.863  6155.47     3631.0       r 
 57187.309  25.324  25.232  25.172  4810.16     3631.0       g 
 57190.359  23.475  23.373  23.241  7503.03     3631.0       i 
 57190.359  24.063  23.978   23.88  6155.47     3631.0       r 
 57190.359  25.342   25.25  25.189  4810.16     3631.0       g 
 57193.408  23.494  23.391  23.258  7503.03     3631.0       i 
 57193.408  24.082  23.996  23.897  6155.47     3631.0       r 
 57193.408   25.36  25.268  25.207  4810.16     3631.0       g 
 57196.458  23.513  23.409  23.275  7503.03     3631.0       i 
 57196.458  24.101  24.014  23.914  6155.47     3631.0       r 
 57196.458   25.38  25.287  25.224  4810.16     3631.0       g 
 57199.508  23.532  23.427  23.292  7503.03     3631.0       i 
 57199.508   24.12  24.031  23.931  6155.47     3631.0       r 
 57199.508  25.398  25.305  25.242  4810.16     3631.0       g 
 57202.558  23.551  23.445  23.309  7503.03     3631.0       i 
 57202.558  24.139  24.049  23.948  6155.47     3631.0       r 
 57202.558  25.417  25.323  25.259  4810.16     3631.0       g 
 57205.607   23.57  23.463  23.326  7503.03     3631.0       i 
 57205.607  24.158  24.066  23.964  6155.47     3631.0       r 
 57205.607  25.436  25.341  25.277  4810.16     3631.0       g 
 57208.657  23.589   23.48  23.343  7503.03     3631.0       i 
 57208.657  24.177  24.083  23.981  6155.47     3631.0       r 
 57208.657  25.454  25.359  25.294  4810.16     3631.0       g 
 57211.707  23.607  23.498   23.36  7503.03     3631.0       i 
 57211.707  24.196    24.1  23.998  6155.47     3631.0       r 
 57211.707  25.472  25.376   25.31  4810.16     3631.0       g 
 57214.757  23.625  23.515  23.376  7503.03     3631.0       i 
 57214.757  24.214  24.117  24.015  6155.47     3631.0       r 
 57214.757   25.49  25.393  25.327  4810.16     3631.0       g 
 57217.806  23.643  23.533  23.393  7503.03     3631.0       i 
 57217.806  24.233  24.134  24.032  6155.47     3631.0       r 
 57217.806  25.508   25.41  25.344  4810.16     3631.0       g 
 57220.856  23.661   23.55   23.41  7503.03     3631.0       i 
 57220.856  24.251  24.151  24.048  6155.47     3631.0       r 
 57220.856  25.526  25.428  25.361  4810.16     3631.0       g 
 57223.906  23.679  23.567  23.426  7503.03     3631.0       i 
 57223.906  24.269  24.169  24.065  6155.47     3631.0       r 
 57223.906  25.545  25.445  25.378  4810.16     3631.0       g 
 57226.956  23.697  23.585  23.443  7503.03     3631.0       i 
 57226.956  24.288  24.186  24.081  6155.47     3631.0       r 
 57226.956  25.563  25.462  25.394  4810.16     3631.0       g 
 57230.005  23.715  23.602   23.46  7503.03     3631.0       i 
 57230.005  24.308  24.203  24.098  6155.47     3631.0       r 
 57230.005   25.58  25.479  25.411  4810.16     3631.0       g 
 57233.055  23.734  23.619  23.476  7503.03     3631.0       i 
 57233.055  24.327   24.22  24.114  6155.47     3631.0       r 
 57233.055  25.598  25.496  25.428  4810.16     3631.0       g 
 57236.105  23.752  23.636  23.493  7503.03     3631.0       i 
 57236.105  24.346  24.237  24.131  6155.47     3631.0       r 
 57236.105  25.616  25.513  25.444  4810.16     3631.0       g 
 57239.155   23.77  23.652  23.509  7503.03     3631.0       i 
 57239.155  24.363  24.253  24.147  6155.47     3631.0       r 
 57239.155  25.634   25.53  25.461  4810.16     3631.0       g 
 57242.204  23.789  23.669  23.526  7503.03     3631.0       i 
 57242.204  24.381   24.27  24.164  6155.47     3631.0       r 
 57242.204  25.652  25.548  25.477  4810.16     3631.0       g 
 57245.254  23.806  23.686  23.543  7503.03     3631.0       i 
 57245.254  24.399  24.286   24.18  6155.47     3631.0       r 
 57245.254   25.67  25.564  25.493  4810.16     3631.0       g 
 57248.304  23.823  23.702  23.559  7503.03     3631.0       i 
 57248.304  24.417  24.303  24.196  6155.47     3631.0       r 
 57248.304  25.687  25.581  25.509  4810.16     3631.0       g 
 57251.354   23.84  23.718  23.576  7503.03     3631.0       i 
 57251.354  24.434  24.319  24.212  6155.47     3631.0       r 
 57251.354  25.705  25.598  25.525  4810.16     3631.0       g 
 57254.403  23.857  23.734  23.592  7503.03     3631.0       i 
 57254.403  24.452  24.335  24.228  6155.47     3631.0       r 
 57254.403  25.723  25.614  25.541  4810.16     3631.0       g 
 57257.453  23.874  23.751  23.609  7503.03     3631.0       i 
 57257.453  24.469  24.352  24.245  6155.47     3631.0       r 
 57257.453  25.741  25.631  25.557  4810.16     3631.0       g 
 57260.503  23.891  23.767  23.625  7503.03     3631.0       i 
 57260.503  24.487  24.369  24.261  6155.47     3631.0       r 
 57260.503  25.759  25.647  25.572  4810.16     3631.0       g 
 57263.553  23.909  23.783  23.641  7503.03     3631.0       i 
 57263.553  24.504  24.385  24.277  6155.47     3631.0       r 
 57263.553  25.777  25.663  25.588  4810.16     3631.0       g 
 57266.602  23.927  23.799  23.658  7503.03     3631.0       i 
 57266.602  24.521  24.402  24.293  6155.47     3631.0       r 
 57266.602  25.795  25.679  25.604  4810.16     3631.0       g 
 57269.652  23.944  23.815  23.674  7503.03     3631.0       i 
 57269.652  24.538  24.418  24.309  6155.47     3631.0       r 
 57269.652  25.813  25.695  25.619  4810.16     3631.0       g 
 57272.702  23.962   23.83   23.69  7503.03     3631.0       i 
 57272.702  24.555  24.434  24.324  6155.47     3631.0       r 
 57272.702  25.831  25.711  25.635  4810.16     3631.0       g 
 57275.752  23.979  23.846  23.706  7503.03     3631.0       i 
 57275.752  24.573  24.451   24.34  6155.47     3631.0       r 
 57275.752  25.848  25.727   25.65  4810.16     3631.0       g 
 57278.801  23.996  23.862  23.722  7503.03     3631.0       i 
 57278.801   24.59  24.468  24.356  6155.47     3631.0       r 
 57278.801  25.866  25.743  25.665  4810.16     3631.0       g 
 57281.851  24.016  23.878  23.738  7503.03     3631.0       i 
 57281.851  24.608  24.484  24.372  6155.47     3631.0       r 
 57281.851  25.883  25.759  25.681  4810.16     3631.0       g 
 57284.901  24.035  23.894  23.754  7503.03     3631.0       i 
 57284.901  24.624  24.501  24.387  6155.47     3631.0       r 
 57284.901    25.9  25.775  25.696  4810.16     3631.0       g 
 57287.951  24.054   23.91   23.77  7503.03     3631.0       i 
 57287.951  24.641  24.517  24.403  6155.47     3631.0       r 
 57287.951  25.917  25.792  25.711  4810.16     3631.0       g 
   57291.0  24.072  23.925  23.786  7503.03     3631.0       i 
   57291.0  24.658  24.533  24.418  6155.47     3631.0       r 
   57291.0  25.934  25.807  25.726  4810.16     3631.0       g 
  57294.05   24.09  23.941  23.802  7503.03     3631.0       i 
  57294.05  24.674  24.549  24.434  6155.47     3631.0       r 
  57294.05  25.951  25.823  25.742  4810.16     3631.0       g 
   57297.1  24.106  23.957  23.817  7503.03     3631.0       i 
   57297.1  24.691  24.565  24.449  6155.47     3631.0       r 
   57297.1  25.968  25.838  25.757  4810.16     3631.0       g 
  57300.15  24.122  23.973  23.833  7503.03     3631.0       i 
  57300.15  24.708  24.581  24.464  6155.47     3631.0       r 
  57300.15  25.985  25.854  25.772  4810.16     3631.0       g 
 57303.199  24.138  23.988  23.848  7503.03     3631.0       i 
 57303.199  24.725  24.597   24.48  6155.47     3631.0       r 
 57303.199  26.002  25.869  25.787  4810.16     3631.0       g 
 57306.249  24.154  24.004  23.863  7503.03     3631.0       i 
 57306.249  24.742  24.613  24.495  6155.47     3631.0       r 
 57306.249   26.02  25.884  25.802  4810.16     3631.0       g 
 57309.299  24.171   24.02  23.879  7503.03     3631.0       i 
 57309.299  24.759  24.628   24.51  6155.47     3631.0       r 
 57309.299  26.037    25.9  25.817  4810.16     3631.0       g 
 57312.349  24.187  24.035  23.894  7503.03     3631.0       i 
 57312.349  24.776  24.644  24.525  6155.47     3631.0       r 
 57312.349  26.054  25.915  25.831  4810.16     3631.0       g 
 57315.398  24.204  24.051  23.909  7503.03     3631.0       i 
 57315.398  24.793  24.659   24.54  6155.47     3631.0       r 
 57315.398  26.072  25.931  25.846  4810.16     3631.0       g 
 57318.448  24.221  24.068  23.924  7503.03     3631.0       i 
 57318.448  24.809  24.674  24.555  6155.47     3631.0       r 
 57318.448  26.089  25.946  25.861  4810.16     3631.0       g 
 57321.498  24.237  24.084  23.939  7503.03     3631.0       i 
 57321.498  24.826   24.69   24.57  6155.47     3631.0       r 
 57321.498  26.105  25.961  25.876  4810.16     3631.0       g 
 57324.548  24.253    24.1  23.954  7503.03     3631.0       i 
 57324.548  24.843  24.705  24.585  6155.47     3631.0       r 
 57324.548  26.121  25.976   25.89  4810.16     3631.0       g 
 57327.597  24.269  24.116  23.969  7503.03     3631.0       i 
 57327.597  24.859   24.72    24.6  6155.47     3631.0       r 
 57327.597  26.138  25.992  25.905  4810.16     3631.0       g 
 57330.647  24.285  24.131  23.984  7503.03     3631.0       i 
 57330.647  24.876  24.735  24.615  6155.47     3631.0       r 
 57330.647  26.154  26.007   25.92  4810.16     3631.0       g 
 57333.697    24.3  24.147  23.999  7503.03     3631.0       i 
 57333.697  24.892   24.75   24.63  6155.47     3631.0       r 
 57333.697   26.17  26.023  25.934  4810.16     3631.0       g 
 57336.747  24.316  24.162  24.014  7503.03     3631.0       i 
 57336.747  24.908  24.766  24.644  6155.47     3631.0       r 
 57336.747  26.186  26.038  25.949  4810.16     3631.0       g 
 57339.796  24.332  24.177  24.028  7503.03     3631.0       i 
 57339.796  24.924  24.781  24.659  6155.47     3631.0       r 
 57339.796  26.202  26.053  25.964  4810.16     3631.0       g 
 57342.846  24.348  24.192  24.043  7503.03     3631.0       i 
 57342.846   24.94  24.796  24.674  6155.47     3631.0       r 
 57342.846  26.219  26.067  25.978  4810.16     3631.0       g 
 57345.896  24.364  24.206  24.058  7503.03     3631.0       i 
 57345.896  24.956  24.811  24.688  6155.47     3631.0       r 
 57345.896  26.235  26.082  25.993  4810.16     3631.0       g 
 57348.946   24.38  24.221  24.072  7503.03     3631.0       i 
 57348.946  24.972  24.827  24.703  6155.47     3631.0       r 
 57348.946  26.251  26.097  26.007  4810.16     3631.0       g 
 57351.995  24.396  24.236  24.087  7503.03     3631.0       i 
 57351.995  24.988  24.842  24.717  6155.47     3631.0       r 
 57351.995  26.267  26.111  26.022  4810.16     3631.0       g 
 57355.045  24.412  24.251  24.102  7503.03     3631.0       i 
 57355.045  25.004  24.857  24.732  6155.47     3631.0       r 
 57355.045  26.283  26.126  26.036  4810.16     3631.0       g 
 57358.095  24.428  24.265  24.116  7503.03     3631.0       i 
 57358.095   25.02  24.872  24.746  6155.47     3631.0       r 
 57358.095  26.299  26.141   26.05  4810.16     3631.0       g 
 57361.145  24.443   24.28  24.131  7503.03     3631.0       i 
 57361.145  25.036  24.886   24.76  6155.47     3631.0       r 
 57361.145  26.315  26.155  26.065  4810.16     3631.0       g 
 57364.194  24.459  24.294  24.145  7503.03     3631.0       i 
 57364.194  25.052  24.901  24.775  6155.47     3631.0       r 
 57364.194   26.33   26.17  26.079  4810.16     3631.0       g 
 57367.244  24.474  24.309  24.159  7503.03     3631.0       i 
 57367.244  25.067  24.915  24.789  6155.47     3631.0       r 
 57367.244  26.346  26.184  26.093  4810.16     3631.0       g 
 57370.294   24.49  24.323  24.174  7503.03     3631.0       i 
 57370.294  25.083   24.93  24.803  6155.47     3631.0       r 
 57370.294  26.362  26.198  26.108  4810.16     3631.0       g 
 57373.344  24.506  24.338  24.188  7503.03     3631.0       i 
 57373.344  25.098  24.944  24.817  6155.47     3631.0       r 
 57373.344  26.377  26.213  26.122  4810.16     3631.0       g 
 57376.393  24.521  24.352  24.202  7503.03     3631.0       i 
 57376.393  25.114  24.959  24.832  6155.47     3631.0       r 
 57376.393  26.393  26.228  26.136  4810.16     3631.0       g 
 57379.443  24.536  24.366  24.216  7503.03     3631.0       i 
 57379.443  25.129  24.973  24.846  6155.47     3631.0       r 
 57379.443  26.408  26.242   26.15  4810.16     3631.0       g 
 57382.493  24.552  24.381   24.23  7503.03     3631.0       i 
 57382.493  25.145  24.987   24.86  6155.47     3631.0       r 
 57382.493  26.424  26.257  26.164  4810.16     3631.0       g 
 57385.543  24.567  24.395  24.244  7503.03     3631.0       i 
 57385.543   25.16  25.002  24.874  6155.47     3631.0       r 
 57385.543  26.439  26.271  26.178  4810.16     3631.0       g 
 57388.592  24.582  24.409  24.258  7503.03     3631.0       i 
 57388.592  25.175  25.016  24.888  6155.47     3631.0       r 
 57388.592  26.454  26.285  26.192  4810.16     3631.0       g 
 57391.642  24.597  24.423  24.272  7503.03     3631.0       i 
 57391.642   25.19   25.03  24.902  6155.47     3631.0       r 
 57391.642  26.469    26.3  26.206  4810.16     3631.0       g 
 57394.692  24.612  24.437  24.286  7503.03     3631.0       i 
 57394.692  25.206  25.044  24.916  6155.47     3631.0       r 
 57394.692  26.484  26.314   26.22  4810.16     3631.0       g 
 57397.742  24.627  24.452    24.3  7503.03     3631.0       i 
 57397.742  25.221  25.058   24.93  6155.47     3631.0       r 
 57397.742  26.499  26.328  26.234  4810.16     3631.0       g 
 57400.791  24.642  24.466  24.313  7503.03     3631.0       i 
 57400.791  25.236  25.072  24.944  6155.47     3631.0       r 
 57400.791  26.514  26.343  26.248  4810.16     3631.0       g 
 57403.841  24.657   24.48  24.327  7503.03     3631.0       i 
 57403.841  25.251  25.086  24.958  6155.47     3631.0       r 
 57403.841  26.529  26.357  26.261  4810.16     3631.0       g 
 57406.891  24.672  24.494  24.341  7503.03     3631.0       i 
 57406.891  25.266    25.1  24.972  6155.47     3631.0       r 
 57406.891  26.544  26.371  26.275  4810.16     3631.0       g 
 57409.941  24.687  24.508  24.355  7503.03     3631.0       i 
 57409.941  25.281  25.114  24.985  6155.47     3631.0       r 
 57409.941  26.559  26.385  26.289  4810.16     3631.0       g 
  57412.99  24.702  24.522  24.368  7503.03     3631.0       i 
  57412.99  25.295  25.128  24.999  6155.47     3631.0       r 
  57412.99  26.574  26.399  26.302  4810.16     3631.0       g 
  57416.04  24.717  24.536  24.382  7503.03     3631.0       i 
  57416.04   25.31  25.141  25.013  6155.47     3631.0       r 
  57416.04  26.589  26.413  26.316  4810.16     3631.0       g 
  57419.09  24.731   24.55  24.395  7503.03     3631.0       i 
  57419.09  25.325  25.155  25.026  6155.47     3631.0       r 
  57419.09  26.603  26.427  26.329  4810.16     3631.0       g 
  57422.14  24.746  24.564  24.409  7503.03     3631.0       i 
  57422.14   25.34  25.169   25.04  6155.47     3631.0       r 
  57422.14  26.618  26.441  26.342  4810.16     3631.0       g 
 57425.189  24.761  24.578  24.422  7503.03     3631.0       i 
 57425.189  25.354  25.182  25.053  6155.47     3631.0       r 
 57425.189  26.632  26.455  26.356  4810.16     3631.0       g 
 57428.239  24.775  24.592  24.436  7503.03     3631.0       i 
 57428.239  25.369  25.196  25.067  6155.47     3631.0       r 
 57428.239  26.646  26.469  26.369  4810.16     3631.0       g 
 57431.289   24.79  24.605  24.449  7503.03     3631.0       i 
 57431.289  25.383   25.21   25.08  6155.47     3631.0       r 
 57431.289  26.661  26.483  26.382  4810.16     3631.0       g 
 57434.339  24.804  24.619  24.463  7503.03     3631.0       i 
 57434.339  25.398  25.223  25.094  6155.47     3631.0       r 
 57434.339  26.675  26.496  26.395  4810.16     3631.0       g 
 57437.388  24.819  24.633  24.476  7503.03     3631.0       i 
 57437.388  25.412  25.237  25.107  6155.47     3631.0       r 
 57437.388  26.689   26.51  26.409  4810.16     3631.0       g 
 57440.438  24.833  24.646  24.489  7503.03     3631.0       i 
 57440.438  25.427  25.251  25.121  6155.47     3631.0       r 
 57440.438  26.704  26.524  26.422  4810.16     3631.0       g 
 57443.488  24.847   24.66  24.502  7503.03     3631.0       i 
 57443.488  25.441  25.264  25.134  6155.47     3631.0       r 
 57443.488  26.718  26.537  26.435  4810.16     3631.0       g 
 57446.538  24.861  24.673  24.516  7503.03     3631.0       i 
 57446.538  25.455  25.278  25.147  6155.47     3631.0       r 
 57446.538  26.732  26.551  26.448  4810.16     3631.0       g 
 57449.587  24.875  24.686  24.529  7503.03     3631.0       i 
 57449.587  25.469  25.291   25.16  6155.47     3631.0       r 
 57449.587  26.746  26.564  26.461  4810.16     3631.0       g 
 57452.637  24.889    24.7  24.542  7503.03     3631.0       i 
 57452.637  25.484  25.305  25.174  6155.47     3631.0       r 
 57452.637   26.76  26.578  26.474  4810.16     3631.0       g 
 57455.687  24.903  24.713  24.555  7503.03     3631.0       i 
 57455.687  25.498  25.318  25.187  6155.47     3631.0       r 
 57455.687  26.774  26.591  26.487  4810.16     3631.0       g 
 57458.737  24.917  24.726  24.568  7503.03     3631.0       i 
 57458.737  25.512  25.332    25.2  6155.47     3631.0       r 
 57458.737  26.788  26.605    26.5  4810.16     3631.0       g 
 57461.786  24.931   24.74  24.581  7503.03     3631.0       i 
 57461.786  25.526  25.345  25.213  6155.47     3631.0       r 
 57461.786  26.802  26.618  26.513  4810.16     3631.0       g 
 57464.836  24.945  24.753  24.594  7503.03     3631.0       i 
 57464.836   25.54  25.358  25.226  6155.47     3631.0       r 
 57464.836  26.815  26.631  26.525  4810.16     3631.0       g 
 57467.886  24.959  24.766  24.607  7503.03     3631.0       i 
 57467.886  25.554  25.371  25.239  6155.47     3631.0       r 
 57467.886  26.829  26.645  26.538  4810.16     3631.0       g 
 57470.936  24.973  24.779   24.62  7503.03     3631.0       i 
 57470.936  25.568  25.385  25.252  6155.47     3631.0       r 
 57470.936  26.843  26.658  26.551  4810.16     3631.0       g 
 57473.985  24.987  24.792  24.633  7503.03     3631.0       i 
 57473.985  25.582  25.398  25.265  6155.47     3631.0       r 
 57473.985  26.857  26.671  26.564  4810.16     3631.0       g 
 57477.035    25.0  24.805  24.646  7503.03     3631.0       i 
 57477.035  25.596  25.411  25.278  6155.47     3631.0       r 
 57477.035   26.87  26.684  26.576  4810.16     3631.0       g 
 57480.085  25.014  24.818  24.659  7503.03     3631.0       i 
 57480.085   25.61  25.424  25.291  6155.47     3631.0       r 
 57480.085  26.884  26.697  26.589  4810.16     3631.0       g 
 57483.135  25.028  24.831  24.672  7503.03     3631.0       i 
 57483.135  25.624  25.437  25.303  6155.47     3631.0       r 
 57483.135  26.897   26.71  26.601  4810.16     3631.0       g 
 57486.184  25.042  24.844  24.685  7503.03     3631.0       i 
 57486.184  25.637  25.449  25.316  6155.47     3631.0       r 
 57486.184  26.911  26.723  26.614  4810.16     3631.0       g 
 57489.234  25.055  24.857  24.698  7503.03     3631.0       i 
 57489.234  25.651  25.462  25.329  6155.47     3631.0       r 
 57489.234  26.924  26.736  26.626  4810.16     3631.0       g 
 57492.284  25.069   24.87   24.71  7503.03     3631.0       i 
 57492.284  25.665  25.475  25.342  6155.47     3631.0       r 
 57492.284  26.938  26.749  26.639  4810.16     3631.0       g 
 57495.334  25.083  24.883  24.723  7503.03     3631.0       i 
 57495.334  25.679  25.488  25.354  6155.47     3631.0       r 
 57495.334  26.951  26.762  26.651  4810.16     3631.0       g 
 57498.383  25.096  24.896  24.736  7503.03     3631.0       i 
 57498.383  25.692  25.501  25.367  6155.47     3631.0       r 
 57498.383  26.964  26.774  26.663  4810.16     3631.0       g 
 57501.433   25.11  24.909  24.748  7503.03     3631.0       i 
 57501.433  25.706  25.514  25.379  6155.47     3631.0       r 
 57501.433  26.978  26.787  26.676  4810.16     3631.0       g 
 57504.483  25.123  24.921  24.761  7503.03     3631.0       i 
 57504.483  25.719  25.526  25.392  6155.47     3631.0       r 
 57504.483  26.991    26.8  26.688  4810.16     3631.0       g 
 57507.533  25.136  24.934  24.774  7503.03     3631.0       i 
 57507.533  25.733  25.539  25.404  6155.47     3631.0       r 
 57507.533  27.004  26.812    26.7  4810.16     3631.0       g 
 57510.582   25.15  24.947  24.786  7503.03     3631.0       i 
 57510.582  25.746  25.552  25.417  6155.47     3631.0       r 
 57510.582  27.017  26.825  26.713  4810.16     3631.0       g 
 57513.632  25.163   24.96  24.799  7503.03     3631.0       i 
 57513.632   25.76  25.564  25.429  6155.47     3631.0       r 
 57513.632   27.03  26.838  26.725  4810.16     3631.0       g 
 57516.682  25.176  24.972  24.811  7503.03     3631.0       i 
 57516.682  25.773  25.577  25.442  6155.47     3631.0       r 
 57516.682  27.043   26.85  26.737  4810.16     3631.0       g 
 57519.732  25.189  24.985  24.824  7503.03     3631.0       i 
 57519.732  25.786   25.59  25.454  6155.47     3631.0       r 
 57519.732  27.057  26.863  26.749  4810.16     3631.0       g 
 57522.781  25.203  24.997  24.836  7503.03     3631.0       i 
 57522.781    25.8  25.602  25.466  6155.47     3631.0       r 
 57522.781   27.07  26.875  26.762  4810.16     3631.0       g 
 57525.831  25.216   25.01  24.848  7503.03     3631.0       i 
 57525.831  25.813  25.615  25.479  6155.47     3631.0       r 
 57525.831  27.082  26.888  26.774  4810.16     3631.0       g 
 57528.881  25.229  25.023  24.861  7503.03     3631.0       i 
 57528.881  25.826  25.627  25.491  6155.47     3631.0       r 
 57528.881  27.095  26.901  26.786  4810.16     3631.0       g 
 57531.931  25.242  25.035  24.873  7503.03     3631.0       i 
 57531.931  25.839   25.64  25.503  6155.47     3631.0       r 
 57531.931  27.108  26.913  26.799  4810.16     3631.0       g 
  57534.98  25.255  25.048  24.885  7503.03     3631.0       i 
  57534.98  25.852  25.652  25.515  6155.47     3631.0       r 
  57534.98  27.121  26.925  26.811  4810.16     3631.0       g 
  57538.03  25.268   25.06  24.898  7503.03     3631.0       i 
  57538.03  25.865  25.664  25.528  6155.47     3631.0       r 
  57538.03  27.134  26.938  26.823  4810.16     3631.0       g 
  57541.08  25.281  25.072   24.91  7503.03     3631.0       i 
  57541.08  25.878  25.677   25.54  6155.47     3631.0       r 
  57541.08  27.147   26.95  26.835  4810.16     3631.0       g 
  57544.13  25.294  25.085  24.922  7503.03     3631.0       i 
  57544.13  25.891  25.689  25.552  6155.47     3631.0       r 
  57544.13  27.159  26.963  26.847  4810.16     3631.0       g 
 57547.179  25.307  25.097  24.934  7503.03     3631.0       i 
 57547.179  25.903  25.701  25.564  6155.47     3631.0       r 
 57547.179  27.172  26.975   26.86  4810.16     3631.0       g 
 57550.229  25.319  25.109  24.946  7503.03     3631.0       i 
 57550.229  25.916  25.713  25.576  6155.47     3631.0       r 
 57550.229  27.185  26.987  26.872  4810.16     3631.0       g 
 57553.279  25.332  25.121  24.958  7503.03     3631.0       i 
 57553.279  25.929  25.725  25.588  6155.47     3631.0       r 
 57553.279  27.197  26.999  26.884  4810.16     3631.0       g 
 57556.329  25.345  25.133   24.97  7503.03     3631.0       i 
 57556.329  25.941  25.737    25.6  6155.47     3631.0       r 
 57556.329   27.21  27.012  26.896  4810.16     3631.0       g 
 57559.378  25.357  25.145  24.982  7503.03     3631.0       i 
 57559.378  25.954  25.749  25.612  6155.47     3631.0       r 
 57559.378  27.223  27.024  26.908  4810.16     3631.0       g 
 57562.428   25.37  25.157  24.994  7503.03     3631.0       i 
 57562.428  25.967  25.761  25.624  6155.47     3631.0       r 
 57562.428  27.235  27.036   26.92  4810.16     3631.0       g 
 57565.478  25.383  25.169  25.006  7503.03     3631.0       i 
 57565.478  25.979  25.773  25.636  6155.47     3631.0       r 
 57565.478  27.248  27.048  26.932  4810.16     3631.0       g 
 57568.528  25.395  25.181  25.018  7503.03     3631.0       i 
 57568.528  25.992  25.785  25.647  6155.47     3631.0       r 
 57568.528  27.261   27.06  26.944  4810.16     3631.0       g 
 57571.577  25.408  25.193   25.03  7503.03     3631.0       i 
 57571.577  26.004  25.797  25.659  6155.47     3631.0       r 
 57571.577  27.273  27.072  26.956  4810.16     3631.0       g 
 57574.627   25.42  25.205  25.042  7503.03     3631.0       i 
 57574.627  26.017  25.809  25.671  6155.47     3631.0       r 
 57574.627  27.286  27.084  26.968  4810.16     3631.0       g 
 57577.677  25.433  25.217  25.054  7503.03     3631.0       i 
 57577.677  26.029  25.821  25.683  6155.47     3631.0       r 
 57577.677  27.298  27.096   26.98  4810.16     3631.0       g 
 57580.727  25.445  25.229  25.065  7503.03     3631.0       i 
 57580.727  26.042  25.833  25.694  6155.47     3631.0       r 
 57580.727   27.31  27.108  26.992  4810.16     3631.0       g 
 57583.776  25.457  25.241  25.077  7503.03     3631.0       i 
 57583.776  26.054  25.844  25.706  6155.47     3631.0       r 
 57583.776  27.323   27.12  27.003  4810.16     3631.0       g 
 57586.826   25.47  25.253  25.089  7503.03     3631.0       i 
 57586.826  26.066  25.856  25.718  6155.47     3631.0       r 
 57586.826  27.335  27.132  27.015  4810.16     3631.0       g 
 57589.876  25.482  25.264  25.101  7503.03     3631.0       i 
 57589.876  26.078  25.868  25.729  6155.47     3631.0       r 
 57589.876  27.347  27.144  27.027  4810.16     3631.0       g 
 57592.926  25.494  25.276  25.112  7503.03     3631.0       i 
 57592.926  26.091   25.88  25.741  6155.47     3631.0       r 
 57592.926   27.36  27.156  27.038  4810.16     3631.0       g 
 57595.975  25.507  25.288  25.124  7503.03     3631.0       i 
 57595.975  26.103  25.892  25.753  6155.47     3631.0       r 
 57595.975  27.372  27.167   27.05  4810.16     3631.0       g 
 57599.025  25.519  25.299  25.136  7503.03     3631.0       i 
 57599.025  26.115  25.903  25.764  6155.47     3631.0       r 
 57599.025  27.384  27.179  27.062  4810.16     3631.0       g 
 57602.075  25.531  25.311  25.147  7503.03     3631.0       i 
 57602.075  26.127  25.915  25.776  6155.47     3631.0       r 
 57602.075  27.396  27.191  27.073  4810.16     3631.0       g 
 57605.125  25.543  25.323  25.159  7503.03     3631.0       i 
 57605.125  26.139  25.927  25.787  6155.47     3631.0       r 
 57605.125  27.408  27.202  27.085  4810.16     3631.0       g 
 57608.174  25.555  25.335   25.17  7503.03     3631.0       i 
 57608.174  26.151  25.938  25.798  6155.47     3631.0       r 
 57608.174   27.42  27.214  27.096  4810.16     3631.0       g 
 57611.224  25.567  25.346  25.182  7503.03     3631.0       i 
 57611.224  26.163   25.95   25.81  6155.47     3631.0       r 
 57611.224  27.432  27.226  27.108  4810.16     3631.0       g 
 57614.274  25.579  25.358  25.193  7503.03     3631.0       i 
 57614.274  26.175  25.962  25.821  6155.47     3631.0       r 
 57614.274  27.444  27.237  27.119  4810.16     3631.0       g 
 57617.324  25.591  25.369  25.205  7503.03     3631.0       i 
 57617.324  26.187  25.973  25.833  6155.47     3631.0       r 
 57617.324  27.456  27.249   27.13  4810.16     3631.0       g 
 57620.373  25.603  25.381  25.216  7503.03     3631.0       i 
 57620.373  26.199  25.985  25.844  6155.47     3631.0       r 
 57620.373  27.468   27.26  27.142  4810.16     3631.0       g 
 57623.423  25.615  25.393  25.227  7503.03     3631.0       i 
 57623.423  26.211  25.996  25.855  6155.47     3631.0       r 
 57623.423   27.48  27.272  27.153  4810.16     3631.0       g 
 57626.473  25.627  25.404  25.239  7503.03     3631.0       i 
 57626.473  26.223  26.008  25.867  6155.47     3631.0       r 
 57626.473  27.492  27.283  27.164  4810.16     3631.0       g 
 57629.523  25.638  25.415   25.25  7503.03     3631.0       i 
 57629.523  26.235  26.019  25.878  6155.47     3631.0       r 
 57629.523  27.503  27.295  27.176  4810.16     3631.0       g 
 57632.572   25.65  25.427  25.261  7503.03     3631.0       i 
 57632.572  26.246  26.031  25.889  6155.47     3631.0       r 
 57632.572  27.515  27.306  27.187  4810.16     3631.0       g 
 57635.622  25.662  25.438  25.272  7503.03     3631.0       i 
 57635.622  26.258  26.042    25.9  6155.47     3631.0       r 
 57635.622  27.527  27.318  27.198  4810.16     3631.0       g 
 57638.672  25.673   25.45  25.284  7503.03     3631.0       i 
 57638.672   26.27  26.053  25.911  6155.47     3631.0       r 
 57638.672  27.539  27.329   27.21  4810.16     3631.0       g 
 57641.722  25.685  25.461  25.295  7503.03     3631.0       i 
 57641.722  26.281  26.065  25.923  6155.47     3631.0       r 
 57641.722   27.55   27.34  27.221  4810.16     3631.0       g 
 57644.771  25.697  25.472  25.306  7503.03     3631.0       i 
 57644.771  26.293  26.076  25.934  6155.47     3631.0       r 
 57644.771  27.562  27.352  27.232  4810.16     3631.0       g 
 57647.821  25.708  25.484  25.317  7503.03     3631.0       i 
 57647.821  26.305  26.087  25.945  6155.47     3631.0       r 
 57647.821  27.573  27.363  27.243  4810.16     3631.0       g 
 57650.871   25.72  25.495  25.328  7503.03     3631.0       i 
 57650.871  26.316  26.098  25.956  6155.47     3631.0       r 
 57650.871  27.585  27.374  27.254  4810.16     3631.0       g 
 57653.921  25.731  25.506  25.339  7503.03     3631.0       i 
 57653.921  26.328   26.11  25.967  6155.47     3631.0       r 
 57653.921  27.596  27.385  27.265  4810.16     3631.0       g 
  57656.97  25.743  25.517   25.35  7503.03     3631.0       i 
  57656.97  26.339  26.121  25.978  6155.47     3631.0       r 
  57656.97  27.608  27.396  27.277  4810.16     3631.0       g 
  57660.02  25.754  25.529  25.362  7503.03     3631.0       i 
  57660.02  26.351  26.132  25.989  6155.47     3631.0       r 
  57660.02  27.619  27.408  27.288  4810.16     3631.0       g 
  57663.07  25.765   25.54  25.373  7503.03     3631.0       i 
  57663.07  26.362  26.143    26.0  6155.47     3631.0       r 
  57663.07  27.631  27.419  27.299  4810.16     3631.0       g 
  57666.12  25.777  25.551  25.384  7503.03     3631.0       i 
  57666.12  26.374  26.154  26.011  6155.47     3631.0       r 
  57666.12  27.642   27.43   27.31  4810.16     3631.0       g 
 57669.169  25.788  25.562  25.394  7503.03     3631.0       i 
 57669.169  26.385  26.165  26.022  6155.47     3631.0       r 
 57669.169  27.653  27.441  27.321  4810.16     3631.0       g 
 57672.219  25.799  25.573  25.405  7503.03     3631.0       i 
 57672.219  26.397  26.176  26.033  6155.47     3631.0       r 
 57672.219  27.665  27.452  27.332  4810.16     3631.0       g 
 57675.269  25.811  25.584  25.416  7503.03     3631.0       i 
 57675.269  26.408  26.187  26.043  6155.47     3631.0       r 
 57675.269  27.676  27.463  27.343  4810.16     3631.0       g 
 57678.319  25.822  25.595  25.427  7503.03     3631.0       i 
 57678.319  26.419  26.198  26.054  6155.47     3631.0       r 
 57678.319  27.687  27.474  27.353  4810.16     3631.0       g 
 57681.368  25.833  25.606  25.437  7503.03     3631.0       i 
 57681.368  26.431  26.209  26.065  6155.47     3631.0       r 
 57681.368  27.698  27.485  27.364  4810.16     3631.0       g 
 57684.418  25.844  25.617  25.448  7503.03     3631.0       i 
 57684.418  26.442   26.22  26.076  6155.47     3631.0       r 
 57684.418   27.71  27.496  27.375  4810.16     3631.0       g 
 57687.468  25.855  25.628  25.458  7503.03     3631.0       i 
 57687.468  26.453  26.231  26.087  6155.47     3631.0       r 
 57687.468  27.721  27.507  27.386  4810.16     3631.0       g 
 57690.518  25.867  25.639  25.469  7503.03     3631.0       i 
 57690.518  26.464  26.241  26.097  6155.47     3631.0       r 
 57690.518  27.732  27.517  27.397  4810.16     3631.0       g 
 57693.567  25.878   25.65  25.479  7503.03     3631.0       i 
 57693.567  26.476  26.252  26.108  6155.47     3631.0       r 
 57693.567  27.743  27.528  27.408  4810.16     3631.0       g 
 57696.617  25.889  25.661   25.49  7503.03     3631.0       i 
 57696.617  26.487  26.263  26.119  6155.47     3631.0       r 
 57696.617  27.754  27.539  27.418  4810.16     3631.0       g 
 57699.667    25.9  25.672    25.5  7503.03     3631.0       i 
 57699.667  26.498  26.274  26.129  6155.47     3631.0       r 
 57699.667  27.765   27.55  27.429  4810.16     3631.0       g 
 57702.717  25.911  25.682  25.511  7503.03     3631.0       i 
 57702.717  26.509  26.284   26.14  6155.47     3631.0       r 
 57702.717  27.776  27.561   27.44  4810.16     3631.0       g 
 57705.766  25.922  25.693  25.521  7503.03     3631.0       i 
 57705.766   26.52  26.295   26.15  6155.47     3631.0       r 
 57705.766  27.787  27.571  27.451  4810.16     3631.0       g 
 57708.816  25.933  25.704  25.531  7503.03     3631.0       i 
 57708.816  26.531  26.306  26.161  6155.47     3631.0       r 
 57708.816  27.798  27.582  27.461  4810.16     3631.0       g 
 57711.866  25.943  25.715  25.542  7503.03     3631.0       i 
 57711.866  26.542  26.316  26.171  6155.47     3631.0       r 
 57711.866  27.809  27.593  27.472  4810.16     3631.0       g 
 57714.916  25.954  25.725  25.552  7503.03     3631.0       i 
 57714.916  26.553  26.327  26.182  6155.47     3631.0       r 
 57714.916   27.82  27.603  27.482  4810.16     3631.0       g 
 57717.965  25.965  25.736  25.562  7503.03     3631.0       i 
 57717.965  26.564  26.338  26.192  6155.47     3631.0       r 
 57717.965   27.83  27.614  27.493  4810.16     3631.0       g 
 57721.015  25.976  25.747  25.573  7503.03     3631.0       i 
 57721.015  26.575  26.348  26.203  6155.47     3631.0       r 
 57721.015  27.841  27.625  27.504  4810.16     3631.0       g 
 57724.065  25.987  25.757  25.583  7503.03     3631.0       i 
 57724.065  26.586  26.359  26.213  6155.47     3631.0       r 
 57724.065  27.852  27.635  27.514  4810.16     3631.0       g 
 57727.115  25.998  25.768  25.593  7503.03     3631.0       i 
 57727.115  26.597  26.369  26.224  6155.47     3631.0       r 
 57727.115  27.863  27.646  27.525  4810.16     3631.0       g 
 57730.164  26.008  25.778  25.603  7503.03     3631.0       i 
 57730.164  26.608   26.38  26.234  6155.47     3631.0       r 
 57730.164  27.874  27.656  27.535  4810.16     3631.0       g 
 57733.214  26.019  25.789  25.613  7503.03     3631.0       i 
 57733.214  26.618   26.39  26.245  6155.47     3631.0       r 
 57733.214  27.884  27.667  27.546  4810.16     3631.0       g 
 57736.264   26.03  25.799  25.624  7503.03     3631.0       i 
 57736.264  26.629    26.4  26.255  6155.47     3631.0       r 
 57736.264  27.895  27.677  27.556  4810.16     3631.0       g 
 57739.314   26.04   25.81  25.634  7503.03     3631.0       i 
 57739.314   26.64  26.411  26.265  6155.47     3631.0       r 
 57739.314  27.905  27.688  27.566  4810.16     3631.0       g 
 57742.363  26.051   25.82  25.644  7503.03     3631.0       i 
 57742.363  26.651  26.421  26.275  6155.47     3631.0       r 
 57742.363  27.916  27.698  27.577  4810.16     3631.0       g 
 57745.413  26.062  25.831  25.654  7503.03     3631.0       i 
 57745.413  26.661  26.432  26.286  6155.47     3631.0       r 
 57745.413  27.927  27.709  27.587  4810.16     3631.0       g 
 57748.463  26.072  25.841  25.664  7503.03     3631.0       i 
 57748.463  26.672  26.442  26.296  6155.47     3631.0       r 
 57748.463  27.937  27.719  27.598  4810.16     3631.0       g 
 57751.513  26.083  25.852  25.674  7503.03     3631.0       i 
 57751.513  26.683  26.452  26.306  6155.47     3631.0       r 
 57751.513  27.948  27.729  27.608  4810.16     3631.0       g 
 57754.562  26.093  25.862  25.684  7503.03     3631.0       i 
 57754.562  26.693  26.463  26.316  6155.47     3631.0       r 
 57754.562  27.958   27.74  27.618  4810.16     3631.0       g 
 57757.612  26.104  25.872  25.694  7503.03     3631.0       i 
 57757.612  26.704  26.473  26.327  6155.47     3631.0       r 
 57757.612  27.969   27.75  27.629  4810.16     3631.0       g 
 57760.662  26.114  25.883  25.704  7503.03     3631.0       i 
 57760.662  26.714  26.483  26.337  6155.47     3631.0       r 
 57760.662  27.979   27.76  27.639  4810.16     3631.0       g 
 57763.712  26.125  25.893  25.714  7503.03     3631.0       i 
 57763.712  26.725  26.494  26.347  6155.47     3631.0       r 
 57763.712  27.989   27.77  27.649  4810.16     3631.0       g 
 57766.761  26.135  25.903  25.724  7503.03     3631.0       i 
 57766.761  26.736  26.504  26.357  6155.47     3631.0       r 
 57766.761    28.0  27.781  27.659  4810.16     3631.0       g 
 57769.811  26.145  25.913  25.734  7503.03     3631.0       i 
 57769.811  26.746  26.514  26.367  6155.47     3631.0       r 
 57769.811   28.01  27.791  27.669  4810.16     3631.0       g 
 57772.861  26.156  25.924  25.744  7503.03     3631.0       i 
 57772.861  26.756  26.524  26.377  6155.47     3631.0       r 
 57772.861  28.021  27.801   27.68  4810.16     3631.0       g 
 57775.911  26.166  25.934  25.754  7503.03     3631.0       i 
 57775.911  26.767  26.534  26.387  6155.47     3631.0       r 
 57775.911  28.031  27.811   27.69  4810.16     3631.0       g 
  57778.96  26.176  25.944  25.764  7503.03     3631.0       i 
  57778.96  26.777  26.544  26.397  6155.47     3631.0       r 
  57778.96  28.041  27.821    27.7  4810.16     3631.0       g 
  57782.01  26.187  25.954  25.774  7503.03     3631.0       i 
  57782.01  26.788  26.555  26.407  6155.47     3631.0       r 
  57782.01  28.051  27.831   27.71  4810.16     3631.0       g 
  57785.06  26.197  25.964  25.783  7503.03     3631.0       i 
  57785.06  26.798  26.565  26.417  6155.47     3631.0       r 
  57785.06  28.062  27.842   27.72  4810.16     3631.0       g 
  57788.11  26.207  25.974  25.793  7503.03     3631.0       i 
  57788.11  26.808  26.575  26.427  6155.47     3631.0       r 
  57788.11  28.072  27.852   27.73  4810.16     3631.0       g 
 57791.159  26.217  25.984  25.803  7503.03     3631.0       i 
 57791.159  26.819  26.585  26.437  6155.47     3631.0       r 
 57791.159  28.082  27.862   27.74  4810.16     3631.0       g 
 57794.209  26.228  25.994  25.813  7503.03     3631.0       i 
 57794.209  26.829  26.595  26.447  6155.47     3631.0       r 
 57794.209  28.092  27.872   27.75  4810.16     3631.0       g 
 57797.259  26.238  26.004  25.823  7503.03     3631.0       i 
 57797.259  26.839  26.605  26.457  6155.47     3631.0       r 
 57797.259  28.102  27.882   27.76  4810.16     3631.0       g 
 57800.309  26.248  26.015  25.833  7503.03     3631.0       i 
 57800.309  26.849  26.615  26.466  6155.47     3631.0       r 
 57800.309  28.112  27.892   27.77  4810.16     3631.0       g 
 57803.358  26.258  26.024  25.842  7503.03     3631.0       i 
 57803.358   26.86  26.625  26.476  6155.47     3631.0       r 
 57803.358  28.122  27.902   27.78  4810.16     3631.0       g 
 57806.408  26.268  26.034  25.852  7503.03     3631.0       i 
 57806.408   26.87  26.635  26.486  6155.47     3631.0       r 
 57806.408  28.132  27.912   27.79  4810.16     3631.0       g 
 57809.458  26.278  26.044  25.862  7503.03     3631.0       i 
 57809.458   26.88  26.645  26.496  6155.47     3631.0       r 
 57809.458  28.142  27.921    27.8  4810.16     3631.0       g 
 57812.508  26.288  26.054  25.872  7503.03     3631.0       i 
 57812.508   26.89  26.655  26.506  6155.47     3631.0       r 
 57812.508  28.152  27.931   27.81  4810.16     3631.0       g 
 57815.557  26.298  26.064  25.881  7503.03     3631.0       i 
 57815.557    26.9  26.664  26.515  6155.47     3631.0       r 
 57815.557  28.162  27.941   27.82  4810.16     3631.0       g 
 57818.607  26.308  26.074  25.891  7503.03     3631.0       i 
 57818.607   26.91  26.674  26.525  6155.47     3631.0       r 
 57818.607  28.172  27.951  27.829  4810.16     3631.0       g 
 57821.657  26.318  26.084  25.901  7503.03     3631.0       i 
 57821.657   26.92  26.684  26.535  6155.47     3631.0       r 
 57821.657  28.182  27.961  27.839  4810.16     3631.0       g 
 57824.707  26.328  26.094  25.911  7503.03     3631.0       i 
 57824.707   26.93  26.694  26.544  6155.47     3631.0       r 
 57824.707  28.192  27.971  27.849  4810.16     3631.0       g 
 57827.756  26.338  26.103   25.92  7503.03     3631.0       i 
 57827.756   26.94  26.704  26.554  6155.47     3631.0       r 
 57827.756  28.201  27.981  27.859  4810.16     3631.0       g 
 57830.806  26.348  26.113   25.93  7503.03     3631.0       i 
 57830.806   26.95  26.714  26.564  6155.47     3631.0       r 
 57830.806  28.211  27.991  27.868  4810.16     3631.0       g 
 57833.856  26.358  26.123  25.939  7503.03     3631.0       i 
 57833.856   26.96  26.723  26.573  6155.47     3631.0       r 
 57833.856  28.221    28.0  27.878  4810.16     3631.0       g 
 57836.906  26.368  26.133  25.949  7503.03     3631.0       i 
 57836.906   26.97  26.733  26.583  6155.47     3631.0       r 
 57836.906  28.231   28.01  27.888  4810.16     3631.0       g 
 57839.955  26.377  26.142  25.959  7503.03     3631.0       i 
 57839.955   26.98  26.743  26.592  6155.47     3631.0       r 
 57839.955   28.24   28.02  27.898  4810.16     3631.0       g 
 57843.005  26.387  26.152  25.968  7503.03     3631.0       i 
 57843.005   26.99  26.753  26.602  6155.47     3631.0       r 
 57843.005   28.25   28.03  27.907  4810.16     3631.0       g 
 57846.055  26.397  26.162  25.978  7503.03     3631.0       i 
 57846.055    27.0  26.762  26.611  6155.47     3631.0       r 
 57846.055   28.26  28.039  27.917  4810.16     3631.0       g 
 57849.105  26.407  26.171  25.987  7503.03     3631.0       i 
 57849.105  27.009  26.772  26.621  6155.47     3631.0       r 
 57849.105  28.269  28.049  27.927  4810.16     3631.0       g 
 57852.154  26.417  26.181  25.997  7503.03     3631.0       i 
 57852.154  27.019  26.782   26.63  6155.47     3631.0       r 
 57852.154  28.279  28.059  27.936  4810.16     3631.0       g 
 57855.204  26.426   26.19  26.006  7503.03     3631.0       i 
 57855.204  27.029  26.792   26.64  6155.47     3631.0       r 
 57855.204  28.288  28.068  27.946  4810.16     3631.0       g 
 57858.254  26.436    26.2  26.016  7503.03     3631.0       i 
 57858.254  27.039  26.801  26.649  6155.47     3631.0       r 
 57858.254  28.298  28.078  27.955  4810.16     3631.0       g 
 57861.304  26.446  26.209  26.025  7503.03     3631.0       i 
 57861.304  27.048  26.811  26.659  6155.47     3631.0       r 
 57861.304  28.308  28.087  27.965  4810.16     3631.0       g 
 57864.353  26.455  26.219  26.034  7503.03     3631.0       i 
 57864.353  27.058   26.82  26.668  6155.47     3631.0       r 
 57864.353  28.317  28.097  27.974  4810.16     3631.0       g 
 57867.403  26.465  26.228  26.044  7503.03     3631.0       i 
 57867.403  27.068   26.83  26.678  6155.47     3631.0       r 
 57867.403  28.327  28.106  27.984  4810.16     3631.0       g 
 57870.453  26.474  26.238  26.053  7503.03     3631.0       i 
 57870.453  27.077  26.839  26.687  6155.47     3631.0       r 
 57870.453  28.336  28.116  27.993  4810.16     3631.0       g 
 57873.503  26.484  26.247  26.063  7503.03     3631.0       i 
 57873.503  27.087  26.849  26.696  6155.47     3631.0       r 
 57873.503  28.346  28.125  28.003  4810.16     3631.0       g 
 57876.552  26.494  26.257  26.072  7503.03     3631.0       i 
 57876.552  27.097  26.859  26.706  6155.47     3631.0       r 
 57876.552  28.355  28.135  28.012  4810.16     3631.0       g 
 57879.602  26.503  26.266  26.081  7503.03     3631.0       i 
 57879.602  27.106  26.868  26.715  6155.47     3631.0       r 
 57879.602  28.364  28.144  28.022  4810.16     3631.0       g 
 57882.652  26.513  26.276   26.09  7503.03     3631.0       i 
 57882.652  27.116  26.877  26.724  6155.47     3631.0       r 
 57882.652  28.374  28.154  28.031  4810.16     3631.0       g 
 57885.702  26.522  26.285    26.1  7503.03     3631.0       i 
 57885.702  27.125  26.887  26.733  6155.47     3631.0       r 
 57885.702  28.383  28.163   28.04  4810.16     3631.0       g 
 57888.751  26.532  26.294  26.109  7503.03     3631.0       i 
 57888.751  27.135  26.896  26.743  6155.47     3631.0       r 
 57888.751  28.393  28.173   28.05  4810.16     3631.0       g 
 57891.801  26.541  26.304  26.118  7503.03     3631.0       i 
 57891.801  27.144  26.906  26.752  6155.47     3631.0       r 
 57891.801  28.402  28.182  28.059  4810.16     3631.0       g 
 57894.851   26.55  26.313  26.127  7503.03     3631.0       i 
 57894.851  27.154  26.915  26.761  6155.47     3631.0       r 
 57894.851  28.411  28.191  28.068  4810.16     3631.0       g 
 57897.901   26.56  26.322  26.137  7503.03     3631.0       i 
 57897.901  27.163  26.925   26.77  6155.47     3631.0       r 
 57897.901   28.42  28.201  28.078  4810.16     3631.0       g 
  57900.95  26.569  26.332  26.146  7503.03     3631.0       i 
  57900.95  27.173  26.934   26.78  6155.47     3631.0       r 
  57900.95   28.43   28.21  28.087  4810.16     3631.0       g 
   57904.0  26.579  26.341  26.155  7503.03     3631.0       i 
   57904.0  27.182  26.943  26.789  6155.47     3631.0       r 
   57904.0  28.439  28.219  28.096  4810.16     3631.0       g 
