 texplosion  fnickel    Pspin  log(Bfield)      Mns  thetaPB   mejecta    kappa  kappagamma     vejecta  temperature    alpha  cutoff_wavelength  log(nhhost)      A_V         MJD0  kenergy  mnickel            TSD   log(L0)  Peak_mag     Peak_MJD  log(E_rad)  log(Peak_lum)  Rise_Time    E_fold  tau_1  delta_m15     r_peak     frac 
   -3.70666  0.00456  1.88102     14.15021  1.77381  0.15447   7.48353  0.30737     0.01044  6412.36602   4086.28315  2.52234         2915.80042     18.75543  0.00316  58334.90541  1.83557  0.03415   291799.68189  46.50388  17.93438  58427.59932    51.50216       44.54849    64.9549  67.03555   77.0    0.07868  -22.08767  0.99933 
   -4.82071  0.03854  1.66928     13.76143  1.68333  0.28661   7.03905  0.33891     0.01008  6685.61115   3995.07752  3.09573          2596.8188     18.49833  0.00175  58333.79136  1.87682  0.27125  1306735.45266  45.93377  17.93778  58429.39118    51.52733       44.56448   67.47713  68.03291   79.0    0.07477  -22.08877  0.99533 
   -4.19289  0.03633  1.59232     13.68487  1.51085  0.30664    7.4626  0.29963     0.01012  6589.42241   4238.34441  2.72284         2712.24886     19.15208  0.00789  58334.41918  1.93291  0.27115   1518279.5435  45.86266  17.92165  58429.39118    51.51868       44.55424   66.25132  69.58218   78.5    0.07778   -22.0894  0.99503 
    -4.6274  0.00407  1.95347     13.87132   1.8254  0.29757    7.7978  0.26358     0.01013  6261.09149   4254.88691  2.34488         3001.98208     17.05492    6e-05  58333.98467  1.82347  0.03176  1169900.64742  45.88044  17.94649  58428.39276    51.49765       44.53865    65.5835  67.95454   79.5    0.07798  -22.07429  0.99934 
   -3.81553  0.00108   1.7708      13.9965   1.5167  0.19806   7.87978  0.27339     0.01134  6217.18112   4252.23633  2.32316          3023.3465     16.61007    2e-05  58334.79654  1.81689  0.00851    448801.6609  46.30135  17.91533  58428.39276    51.50575       44.54439    65.5835  67.24545   76.5    0.07669  -22.06683  0.99981 
   -4.34682   0.0963  2.13708     14.14754   2.0295  0.21539   7.92567  0.30843     0.01001  6245.00871   4830.00701  2.38626         2969.16399     16.80225    4e-05  58334.26525  1.84386  0.76328   436286.78272  46.27682  17.94345  58428.39276    51.49373       44.53318   67.47713  67.24545   77.0    0.07631  -22.06271  0.98457 
   -3.43656  0.28341  1.75355     13.92759  1.58164  0.21682    7.3809  0.31272     0.01023  6331.84998   4182.73821  2.48745         3007.80844     16.33464    1e-05  58335.17551  1.76522  2.09179   630339.89428  46.18054  17.95252     58429.23    51.50466       44.54211   67.47713  68.03291   78.5    0.07805  -22.09046  0.95889 
   -4.14651  0.00285  1.68092     13.84849  1.50684  0.25001   7.61063  0.29674     0.01149  6463.09455   4112.90573  3.55588         2636.38662     19.24092  0.00967  58334.46556  1.89639  0.02172   794326.59396  46.09582  17.94199     58429.23    51.50913       44.54409   68.00401  68.03291   78.5     0.0761  -22.09071  0.99956 
    -3.7491   0.0167  1.58176     14.01392  1.44172  0.15453   7.32608  0.33503     0.01102  6634.14006   4488.35263  2.57513         2817.11436     18.38316  0.00134  58334.86297  1.92339  0.12234   314153.94374   46.5323  17.94671  58428.39276    51.50278       44.54288   66.84853  67.87406   76.5     0.0794   -22.1042  0.99768 
   -4.13832  0.00401  1.78261     13.88714  1.67202  0.25586   7.43214  0.31324     0.01021  6404.65169   4390.89563  2.63367          2828.3346     18.51575  0.00182  58334.47375  1.81858  0.02982   829656.75431  46.07108  17.91474  58428.39276    51.52045       44.55936   67.23846    68.011   77.0    0.07979  -22.07304  0.99942 
   -3.90393  0.00115  1.88913     13.91315  1.83757  0.25613   7.26204  0.31144     0.01066   6528.9028   4314.20643  2.53297         2887.35108     16.91192    5e-05  58334.70814  1.84657  0.00832    908429.8604  46.02227  17.92609  58427.59932    51.51572       44.55583   64.81795    68.011   78.5    0.07796  -22.09468  0.99984 
   -4.98775  0.03855  1.76156     13.86301  1.62395  0.25828   7.71483  0.30812     0.01002  6216.64689   4203.79015  2.73922         2919.82946     18.18033  0.00084  58333.62432  1.77855  0.29744   879371.99873  46.04345  17.94853  58428.39276    51.50937       44.55192   64.93905  67.05141   80.0    0.07487  -22.07387  0.99412 
   -4.78119  0.13837  2.10455     13.78949  2.05625  0.42168   7.66066  0.27533     0.01038  6335.64465   4175.21179   2.9003         2794.40003      18.6516  0.00249  58333.83088  1.83432  1.05998  2229576.56029  45.58738  17.94511  58428.39276     51.4945       44.53554    65.5835  67.95454   79.0    0.07505  -22.08648  0.97911 
   -4.35473  0.27962   2.1412     13.91253  2.03242  0.36443   7.67808  0.33343      0.0106  6269.72603    4339.8922   2.1621         3128.42427     16.68558    3e-05  58334.25734  1.80043  2.14694  1294425.90024  45.80347  17.93963  58427.59932    51.50996       44.54797   67.09499  68.15447   77.5    0.07603  -22.08849  0.95749 
   -3.79084   0.0016  1.33766     13.46325  1.15989  0.35816   7.45648  0.28395     0.01015  6508.44735   4236.80163  2.93752         2733.02654      17.2329    9e-05  58334.82123  1.88415  0.01195  2282506.32604  45.72216  17.92479  58427.59932     51.5118       44.55482    64.9549  67.03555   79.5    0.07951  -22.07949  0.99977 
    -3.1916  0.00101  1.72126     13.94911  1.53181  0.21305   7.82555  0.27942     0.01012  6256.61574   4192.44848  3.28601         2715.08292     18.84894  0.00392  58335.42047  1.82735  0.00787   532711.43161  46.25587  17.93994  58427.59932    51.51849       44.55589   66.56811  68.15447   77.0    0.07957  -22.06574  0.99984 
   -3.59174  0.01042  2.11998     13.91091  1.98296   0.3318   7.83703  0.26814     0.01074  6290.79235   4575.44648  2.53375         2955.80369     18.23374  0.00095  58335.02033  1.85008  0.08166  1247287.92999  45.81753  17.93638  58427.59932    51.51324       44.55568   66.56811  67.31597   78.5    0.07969  -22.07648  0.99827 
    -3.5915  0.05806  1.81855     13.81591  1.65665  0.30628   7.47685  0.29883     0.01186  6593.33776    4626.3891  3.09229         2677.76877      17.6895  0.00027  58335.02057   1.9389  0.43407  1187602.17731  45.89395  17.93574  58428.39276    51.50805       44.53804   67.47713  70.24999   78.0     0.0779  -22.08355  0.99117 
   -3.70424  0.00182  1.68332     13.77525  1.55758  0.27815   6.92365  0.32021     0.01068  6513.32062   4417.76867  2.10131         3112.75104     18.04201  0.00061  58334.90783  1.75213  0.01258  1153694.38327  45.94687  17.93695     58429.23    51.50509       44.54154    65.5835  67.95454   77.5    0.08275  -22.09511  0.99975 
   -3.37212  0.01542  1.81978     13.78737   1.6241  0.31111   7.68204  0.25651     0.01066  6230.34438   4133.64601  2.31626          3035.9657     18.75161  0.00314  58335.23995   1.7788  0.11849   1329599.2263   45.8357    17.922  58428.39276    51.51285       44.55297    65.5835  67.95454   78.5    0.07806  -22.07592  0.99748 
   -3.15749  0.01881  1.78087     13.94933  1.60203  0.21897   8.13171  0.25507     0.01004  6210.85397   4100.44961  3.02554         2767.59089     18.60668  0.00225  58335.45458  1.87116  0.15294   595782.72082  46.19717  17.95456     58429.23    51.50379       44.55133    64.9549  67.03555   78.5    0.07593  -22.07622  0.99686 
   -3.83171  0.01274  2.12733     13.92815  2.09964  0.32679   7.61323  0.29345     0.01003  6360.86078    4440.9965  2.35142         3034.99477     18.40092   0.0014  58334.78036   1.8375  0.09701  1228382.87818  45.84599  17.94398  58428.39276    51.50137       44.54143    65.5835  67.24545   77.5    0.08124  -22.10126  0.99809 
   -4.42916  0.00462  1.76575     13.76228  1.67333  0.33696   7.48956  0.33442     0.01034  6485.29705   4504.42708  2.52288         2942.10728        18.61  0.00226  58334.18291  1.87907  0.03461  1447759.35099  45.83787  17.95775  58427.39221    51.48617       44.53558   64.67448  66.56811   78.5    0.07556  -22.09442  0.99934 
    -3.6749  0.30591  1.89965     13.86742  1.68175  0.28837    7.9987   0.2626     0.01021  6256.80815    4295.2454  2.64646          2915.0107     18.17819  0.00084  58334.93717  1.86789  2.44686  1037751.64597  45.92117   17.9453  58427.59932    51.49048       44.52471   67.47713  68.03291   78.5    0.08035  -22.07771  0.94918 
   -4.82151  0.00598  1.68208     13.71429  1.55086  0.30826    7.5339  0.28354     0.01038  6340.41807   4123.19555  2.37443         2932.38247     16.28046    1e-05  58333.79056  1.80669  0.04507  1518791.42104  45.82622  17.95227  58428.39276    51.51737       44.56103   66.56811  66.56811   80.0      0.077  -22.07235  0.99911 
   -3.99126   0.0703  1.81131     13.87182  1.68991  0.25988    8.0122  0.28348     0.01042  6550.50947   4068.88521  2.61758         2847.88538     17.73096   0.0003  58334.62081  2.05083  0.56329   929005.89169  46.01271  17.94065  58428.39276     51.5079        44.5528   64.67448  67.31597   78.0     0.0778  -22.09642   0.9889 
   -4.49822  0.00975  2.08604     14.01484  1.97201  0.25956   8.81808  0.25435     0.01021  6305.91655   4020.24187  3.26887         2728.42354     18.58309  0.00213  58334.11385  2.09169  0.08599   744220.39323  46.05341  17.93958  58428.39276    51.50036       44.54057    65.5835  67.95454   80.0     0.0758  -22.08231  0.99822 
    -4.0978  0.00617  2.02602     14.05092  2.01864  0.21413   7.90725  0.27123     0.01001  6431.80259   3965.48415  3.14413         2674.07598     17.22715    9e-05  58334.51427  1.95127  0.04881   608587.70741  46.17629  17.93756  58428.39276    51.49144       44.52693   66.22697  67.38945   80.5    0.07483  -22.08954  0.99906 
   -4.44221  0.00261  2.01189     13.98121  1.97546  0.26854   7.73895  0.31175     0.01006  6324.35358   4096.42863  2.11532         2972.65967     18.67902  0.00265  58334.16986  1.84647  0.02017   809608.05767  46.04903  17.93224  58428.39276    51.49832       44.53508   67.47713  68.03291   77.5    0.07469  -22.07821  0.99961 
   -4.22859  0.13194  2.00696     13.88082  1.91699  0.31315   7.74323  0.28949     0.01014  6294.36605   4106.45772  2.58022         2919.26606     17.66652  0.00026  58334.38348  1.83001  1.02166  1241269.98359  45.85252  17.94712  58428.39276      51.507       44.54249   66.84853  67.87406   80.0    0.07862  -22.08072  0.97975 
   -4.84013  0.00275  2.07888     13.70211  1.99468  0.48032   8.21761  0.23064     0.01062  6214.68703   3900.81616  2.12016         3030.65018     18.44795  0.00156  58333.77194  1.89326  0.02261   3155919.8051  45.43393  17.90696  58427.39221    51.50777       44.55153   63.78176  67.46083   81.5    0.07785  -22.08465  0.99953 
   -4.36137  0.00345  1.82096     13.78465  1.66689  0.33807   8.27896  0.25009     0.01011  6159.66376   4322.24133  2.65624         2741.40269     17.59139  0.00022   58334.2507  1.87377  0.02857   1383601.4081  45.82914  17.94165  58427.39221     51.5186       44.56386   63.78176  67.46083   79.5    0.07465  -22.06191  0.99942 
   -3.98935  0.21669  1.48415     13.81665  1.56899  0.81245  10.91068  0.23861     0.01115  5500.70595   5685.05968  0.87296         4128.07655     19.12239  0.00736  58334.62272  1.96932  2.36428   746590.84133  46.24843  17.93311  58427.59932    51.49578       44.54085    64.9549  67.03555   69.5    0.06633  -21.96683  0.96887 
   -2.67231  0.03142  1.50086     13.86422  1.54891  0.57501  11.09182  0.23587     0.01148   5569.9877   5316.30121  0.91758         4133.20218      19.6694  0.02595  58335.93976  2.05276  0.34848   605465.36933   46.3241  17.93116  58428.39276    51.51619        44.5506   66.84853  68.66152   70.5    0.06535  -22.05565  0.99506 
   -3.97606  0.02685  1.93092     13.96972  1.79301  0.26359   7.71297  0.32222     0.01042  6454.03437   4550.15508  2.14949         3042.15874     16.34741    1e-05  58334.63601  1.91651   0.2071   713657.72882  46.09741  17.95733  58429.39118    51.51248       44.54724    68.1206  67.38945   75.0    0.08138  -22.07535  0.99583 
   -4.79476  0.01693  2.20963      13.9379  2.10893  0.35681   7.81949  0.29203     0.01057  6171.60276   4699.28805   2.5901         2881.31019     16.01812    1e-05  58333.81731  1.77665  0.13238  1272680.40453  45.79955  17.94549  58427.39221    51.49859       44.53882    64.9549  67.87406   78.0    0.07456  -22.05005  0.99724 
   -4.11881   0.0106  2.07964     13.96289  1.98136  0.29347    8.0648  0.28899     0.01021  6369.35721   4507.87732  2.53256         2919.82418      18.3176  0.00115  58334.49326   1.9517  0.08549   944023.62625  45.95485  17.91432  58427.59932    51.50472        44.5526   64.67448  66.56811   78.5    0.07822  -22.07583  0.99826 
   -3.69411  0.02109  1.89333     13.95386  1.75802  0.25749   7.59129  0.30137     0.01038  6308.34759   4845.07722  2.00555         3048.31777     16.86077    4e-05  58334.91796  1.80208  0.16007   723735.89482  46.09984  17.93371  58430.40025    51.50503       44.53949   66.25132  69.58218   76.5    0.07875  -22.07533  0.99679 
   -5.32682   0.0062  1.91969     13.89481  1.72334  0.25372   8.32863  0.21961     0.01046   6064.4863   4122.57465  1.88572         3303.73711     16.98918    5e-05  58333.28525  1.82721  0.05163   957259.24457  45.95773  17.93856  58428.39276    51.52961       44.55775   66.84853  68.66152   80.5    0.07711  -22.08394  0.99887 
   -3.94644  0.04709  1.52203     13.69917  1.39259  0.29015   7.37131  0.33433     0.01011  6493.34325   4447.53386   2.4469         2890.47888     17.35125  0.00012  58334.66563  1.85399  0.34713  1197124.77791  45.96968  17.94724  58428.39276    51.49553       44.53832    65.5835  67.24545   78.5    0.07917  -22.09147  0.99355 
   -4.80148   0.1964  1.88096     14.04456  1.80001  0.19321   7.42926  0.32526     0.01015  6488.20636   4497.97922  3.05149         2693.25993     17.46579  0.00016  58333.81059  1.86562  1.45911   481660.43404  46.29262  17.94137     58429.23    51.50931       44.55128   66.83268  67.88991   79.0    0.07699  -22.06614  0.97238 
   -3.86385  0.00735  1.84294     13.71426  1.65036  0.41351   7.78472  0.29263     0.01055  6313.18841   4248.96777  2.41019         3008.12594     18.17102  0.00082  58334.74822  1.85084  0.05723  1940403.77539  45.66751  17.93803  58428.39276    51.51477       44.55126    65.5835  67.95454   76.5    0.08091  -22.06912   0.9988 
   -3.74365  0.00335  2.01782     13.88821  1.99438   0.3169     7.378   0.3067     0.01023   6517.1055   4200.63781  3.32768         2677.18458     17.41087  0.00014  58334.86842  1.86928  0.02473  1261709.86752  45.85793  17.93296  58428.39276    51.51698       44.56002   66.56811  67.31597   77.5    0.07936  -22.07485  0.99952 
    -3.8233  0.00315  1.86035     13.87563  1.75444  0.28547   7.32344  0.32875     0.01099  6600.19583   4676.29026  2.32664         2985.05816     17.04274    6e-05  58334.78877  1.90307  0.02309   999721.00164  45.97391  17.91496  58428.39276    51.51008       44.55429    64.9549  67.03555   77.0    0.08159  -22.09794  0.99955 
   -4.05573  0.00352  1.94047     13.93729  1.92624  0.23971   7.56066  0.26353     0.01002  6454.94006   4038.19901  2.95492         2717.36577     18.90017  0.00441  58334.55634  1.87919  0.02662   899014.67536  46.02398  17.93421  58428.39276    51.50066       44.53747   66.84853  67.87406   81.0    0.07738  -22.07827  0.99949 
   -4.39193  0.01488  1.65322     13.91549  1.42349  0.18883   7.94708  0.25386     0.01016  6217.35852   4149.57044  1.95384         3195.27495     16.15652    1e-05  58334.22014  1.83251  0.11825   533154.15266  46.25868  17.94237     58429.23     51.4995       44.53531   66.22697  67.38945   79.0    0.07827  -22.06776  0.99747 
   -3.60203  0.02139  1.99418     13.83952  1.80687  0.34383   8.50786  0.24613     0.01016  6131.33434   4107.87001  2.62428          3043.9567       18.082  0.00067  58335.01004  1.90791    0.182  1397137.35867    45.781  17.93148  58427.59932    51.52297       44.55074   64.93905  68.67737   80.0    0.07889  -22.08965  0.99608 
   -4.02314  0.02474  2.06364     13.99057  2.03332  0.28581   7.42312  0.32946     0.01004  6355.26765   4375.22596  2.71222         2765.61325     18.29641   0.0011  58334.58893  1.78847  0.18365   839758.95775  46.02363  17.95167  58428.39276    51.50018       44.54353    65.5835  67.24545   76.5    0.07658  -22.05942  0.99648 
   -3.79584  0.02708  1.74556      13.9392  1.60692  0.20763   7.19784  0.30524     0.01042  6407.10971   3942.81616  2.06758         3106.45406     16.26162    1e-05  58334.81623   1.7626   0.1949   601550.06028   46.2117  17.95747  58428.39276    51.50783       44.55128   66.71158   67.1725   77.5    0.07858   -22.0873  0.99613 
   -4.22642  0.01592  1.63618     14.08301  1.39691  0.12776   8.38493  0.24266     0.01069  6385.71895   4162.13584  2.44492         2876.22044     16.52011    2e-05  58334.38565   2.0396  0.13345   236932.82131  46.61173  17.92814  58428.39276    51.51225       44.55081   66.83268  67.88991   78.5     0.0806  -22.06842  0.99714 
   -4.96094   0.0021  1.76221     13.71282  1.66006  0.34445    7.5278  0.28516     0.01028  6396.09277   4073.16911  2.48658         2964.98767     18.91904  0.00461  58333.65113  1.83706  0.01582  1796432.31132  45.74244  17.94507  58427.59932     51.4949       44.53757   64.81795    68.011   79.5    0.07916  -22.09482  0.99969 
   -3.91664  0.00134  1.93838     13.98067  1.82368  0.23531   8.03991  0.28411     0.01024  6450.42222     4318.569  2.23265         3067.88034     18.03002   0.0006  58334.69543  1.99551  0.01077   695523.16565  46.11261  17.93711  58428.39276     51.5076       44.53841   67.47713  68.03291   76.5    0.07914  -22.09779  0.99978 
   -4.70632  0.08935  1.87011     13.80904  1.76402  0.33958   8.06591  0.30248     0.01037  6438.90486   4067.13809  2.12455         2977.19636     16.70433    3e-05  58333.90575  1.99482  0.72066  1380266.90512  45.83165  17.94351  58428.39276    51.50786       44.54088   67.47713  68.03291   77.0    0.07776  -22.09067  0.98598 
    -3.8505  0.00579   1.7396     13.89869   1.6867  0.23792   7.24665  0.33746     0.01001  6496.91528   4240.98886  2.41124          2910.3983     16.67338    3e-05  58334.76157  1.82465  0.04195   755724.04177  46.13662  17.94085  58428.39276    51.50112       44.54498    64.9549  67.03555   78.5    0.07689  -22.09553  0.99923 
   -4.42192  0.01666  1.56945     13.82275  1.39027  0.20777   7.74766  0.25891     0.01018  6298.96348   3977.21931  3.09937         2773.91463     16.26695    1e-05  58334.19015  1.83373  0.12904   719319.13244  46.16353  17.94747  58427.59932    51.49873       44.54308   64.67448  67.31597   79.5    0.07698  -22.07622   0.9974 
   -4.05021  0.00469  1.72608     13.92456  1.65268  0.22625   7.37743   0.3399        0.01   6488.4446   4528.13167  2.89404         2725.18351     18.14336  0.00077  58334.56186  1.85274  0.03462     647160.831   46.2019  17.93245     58426.32    51.51381       44.56207    63.5484  66.67449   78.5    0.07651  -22.07495  0.99936 
   -3.85401    0.102  2.15724     13.96326  2.06175  0.29957   8.15937  0.25891        0.01  6178.15542   4282.50673   2.6297         2917.89911     16.44928    2e-05  58334.75806  1.85781  0.83226  1055204.52921  45.89195  17.95099  58428.39276    51.50322       44.54199   66.84853  67.87406   79.5    0.07458  -22.07894  0.98292 
   -3.84435  0.03796  1.74006      13.7201  1.60663  0.36483   7.64155  0.29474     0.01032  6384.74238   4512.29236  2.29453         2915.69264     18.99152  0.00545  58334.76772  1.85821   0.2901  1639274.08515  45.77898  17.94054  58429.39118    51.51472       44.54912   66.22697  67.38945   78.5    0.07965  -22.08997  0.99434 
    -3.8118  0.00139  2.13477     14.20576  2.04997  0.17854   7.56271  0.29347     0.01034  6318.19121   3996.53773  2.35512         2985.54299      16.1508    1e-05  58334.80027   1.8009  0.01048   336310.02897  46.39515  17.95068     58429.23    51.49348       44.52842   66.22697  67.38945   75.5    0.08051  -22.08046  0.99979 
   -4.42203  0.01733  2.00777       14.011  1.89447   0.2191   8.28066  0.23848     0.01002  6261.89417   4057.99358  2.99457         2820.35243     17.71848  0.00029  58334.19004  1.93688  0.14354   674100.92158  46.11218  17.93907  58428.39276    51.50996       44.54758   67.37541  68.58314   81.0    0.07678  -22.07864  0.99703 
   -4.27947  0.01287  1.53947     13.66992    1.365  0.29041   7.70515  0.26994     0.01001   6338.3645   4348.19552  2.45416          2930.6215     18.26185  0.00102   58334.3326  1.84656   0.0992  1373549.36916  45.89139  17.94286     58429.23    51.50848       44.54388   67.47713  68.03291   79.0    0.07974  -22.07991  0.99802 
   -4.30645  0.45412  1.90434     13.90166  1.76473  0.27265   7.59429  0.30873      0.0103  6346.26988   4345.43602  3.34914         2700.20172      18.8453  0.00389  58334.30562  1.82453  3.44868   934690.70896  45.98537  17.92606  58427.59932    51.50602       44.54641    64.9549  67.87406   80.0    0.07552  -22.08147  0.93394 
   -5.21772  0.01697  1.75253     13.82502  1.70007  0.26613   7.30798  0.31661     0.01034  6452.03627    3932.8767  2.60704         2876.16932     16.09162    1e-05  58333.39435  1.81476  0.12399   1085340.4374  45.97642  17.92969  58427.59932    51.51077       44.55273   64.67448  67.31597   81.0    0.07794  -22.09326  0.99768 
   -4.37109  0.01226  2.01467     13.85816  1.89752  0.32334   7.95776  0.25342     0.01022  6279.66853   4260.69999  2.66048         2848.83703     16.63627    2e-05  58334.24098  1.87194  0.09753  1374297.84114  45.80054  17.94622     58426.32    51.49993       44.53658   66.56811  68.15447   79.0     0.0776  -22.06506  0.99798 
   -3.85262  0.02948  1.95741     13.94273  1.79927  0.27731   7.79835  0.28086     0.01049  6272.13103   4281.34816  1.98354           3091.057     16.66125    3e-05  58334.75945  1.83004  0.22989   833322.95173  46.01976  17.92472  58428.39276    51.50813       44.55294    65.5835  67.24545   76.5    0.08034  -22.07626  0.99524 
   -3.51539  0.01774  2.04752     13.91227  2.05894  0.30683   7.36213  0.30122     0.01011  6452.11718   4166.04407  2.88183         2792.53386     17.61724  0.00023  58335.09668  1.82825  0.13058  1200540.21165  45.88066  17.93065     58429.23    51.50447       44.54512   66.22697  67.31107   79.0    0.07902  -22.09312  0.99752 
   -4.23793  0.01144  1.94914     13.89667  1.79149  0.29695   7.83208     0.28     0.01116  6327.58632   4210.23646  2.12789         3060.22911     18.84119  0.00385  58334.37414   1.8706  0.08959  1017120.43624    45.935  17.93207  58427.39221    51.50454       44.55076   64.67448  66.56811   78.0    0.08011  -22.09126  0.99813 
   -3.65401  0.00233    1.797     13.93719  1.61899  0.24761    7.5631  0.31854     0.01082  6277.86423   4524.94424  2.18024         3069.19504     17.67108  0.00026  58334.95806  1.77808  0.01761   648286.74156  46.15722  17.95057     58426.32     51.4938       44.53947   63.78176  66.58786   76.0    0.07969  -22.07914  0.99964 
     -4.305   0.0384  1.86844     13.91823  1.64712  0.25443   8.43654  0.24154     0.01018  6103.96747   4189.54894  2.76456          2808.3552     16.51722    2e-05  58334.30707  1.87506  0.32399   778111.65017  46.05157  17.94105  58428.39276    51.50049       44.53705    65.5835  68.03291   80.0    0.07398  -22.04428  0.99301 
   -4.27719  0.00743  1.96771     13.98721  1.89506  0.24393   7.52243   0.3165     0.01002   6303.7574   4073.14519  2.19329         3109.00775     18.36096  0.00128  58334.33488  1.78314  0.05589   722657.83873  46.09961  17.92811  58427.59932    51.50788       44.55043   66.83268  67.05141   78.5     0.0778  -22.08539   0.9989 
   -4.03655  0.06284  2.12759     13.90745  2.04815  0.35975   7.89422  0.29459     0.01016  6198.29541   4606.07304   2.8169         2833.07289     17.44541  0.00015  58334.57552  1.80918   0.4961  1318432.28076  45.80437  17.94062  58428.39276    51.50761       44.55435    65.5835  66.40695   78.0    0.07552   -22.0696  0.99005 
     -3.298  0.00228  1.91342      13.9471   1.8664  0.27406   7.59561  0.32582     0.01004  6417.47699   4157.64002  2.98205         2786.99632     19.02407  0.00587  58335.31407  1.86603  0.01728   809552.62078  46.06798  17.95421  58428.39276    51.49161       44.53544    65.5835  66.40695   76.5    0.07916   -22.0989  0.99967 
   -3.79695  0.01687  1.57011     13.71036  1.43128  0.29945   7.69817  0.30657     0.01004  6454.30949   4091.28187  2.75214         2783.19773     17.83367  0.00038  58334.81512    1.913   0.1299  1243599.74445  45.93803  17.95235  58428.39276    51.49443       44.53282   66.84853  67.87406   78.0     0.0773   -22.0862  0.99753 
   -3.99502  0.00215  1.82242      13.8603  1.68887  0.29032   7.66446  0.30644      0.0102  6353.96972   4218.59105   2.5068         2959.40588     16.76226    3e-05  58334.61705  1.84586  0.01647   991076.46929  45.97904  17.94108  58427.59932    51.50215       44.55047   64.67448  66.56811   77.0    0.07926  -22.08695  0.99967 
   -3.91489  0.10264  1.76782     13.87927  1.58179  0.22872   7.78724  0.26405     0.01025  6176.83927   4086.61032  2.27873          3100.6921     16.82902    4e-05  58334.69718  1.77233  0.79927   800390.77478  46.06982  17.94084  58429.39118    51.50135        44.5323   66.25132  69.58218   79.5    0.07872  -22.07764  0.98341 
   -3.58811  0.12839  1.86125     13.83369  1.78319  0.32227   7.37383  0.33009     0.01004  6485.57275   4410.44523  2.74379         2797.46373     16.40342    1e-05  58335.02396  1.85019   0.9467  1233822.35558  45.88918  17.93096  58427.59932    51.49914       44.54421    64.9549  67.03555   77.0    0.07882  -22.07918  0.98213 
   -4.27521  0.01278  1.87949     13.78137  1.81478  0.36241   7.62687  0.31722     0.01001  6538.87322    4350.6927  2.64002         2826.00142     17.66726  0.00026  58334.33686  1.94527   0.0975  1629210.47925  45.76761  17.93703  58428.39276    51.51324       44.55817    65.5835  66.40695   77.0    0.07609  -22.07749  0.99813 
   -4.06487  0.13631  1.63248     13.90034  1.51424  0.20104   7.65867  0.31129     0.01017  6536.96631    4091.7046  2.50433         2869.07121     16.58616    2e-05   58334.5472  1.95224  1.04398   592960.76585  46.25032  17.91656  58427.59932    51.50398        44.5491   64.93905  67.05141   78.0    0.07724  -22.10193  0.98046 
   -3.56233   0.1587   1.9716     13.87375  1.84789  0.39105   7.79786  0.33836     0.01048  6248.55294   4723.87056  3.01326         2729.69447      16.7765    3e-05  58335.04974  1.81619  1.23753  1192974.74377  45.86925  17.93308  58428.39276    51.50027       44.53937   67.47713  68.03291   76.0    0.07741  -22.06051  0.97604 
   -4.18009  0.01171  2.00739     14.04713  1.90411  0.21937    7.7377  0.28801      0.0101  6227.90066    4304.5056  2.75736         2889.84797     18.03924  0.00061  58334.43198  1.79029  0.09063   573478.70117  46.18476  17.93807  58428.39276    51.50381       44.54549    65.5835  67.24545   78.5    0.07949  -22.07273  0.99817 
   -3.72249  0.05709  2.16521     14.24065  2.12122  0.16686   7.26653  0.32593     0.01006  6382.96042   4403.92509   2.2868         2999.72184     16.52576    2e-05  58334.88958  1.76603  0.41486   304854.67803  46.44034  17.95015  58428.39276    51.50695       44.53996   67.47713  68.03291   77.5    0.07817  -22.06186  0.99177 
   -4.69433  0.00332  1.64247     14.05266   1.4262  0.13451    7.8055  0.26896     0.01011  6175.88415   4487.15628  2.34795         3126.38338     17.34463  0.00012  58333.91774  1.77593   0.0259    280327.6125  46.54436  17.92891  58428.39276    51.50885       44.54802    65.5835  67.95454   79.0    0.07827    -22.073  0.99945 
   -4.50413   0.0136  1.69601     13.82554   1.5391  0.26274   8.22599  0.26207     0.01002  6373.17265   4228.91411  2.90003         2656.94696       16.714    3e-05  58334.10794  1.99309  0.11183   918025.82172   46.0344  17.94004     58429.25    51.51336       44.54713    68.1206  67.38945   78.5    0.07516  -22.06587  0.99777 
   -4.03004  0.00706  2.02546      13.8781  2.03244  0.33616   7.12947  0.33354     0.01069  6542.43788   4439.88922  2.54851         2800.53412     17.34847  0.00012  58334.58203  1.82039  0.05032  1357305.33921  45.83114  17.92869  58428.39276    51.52173       44.56256    64.9549  67.87406   78.5    0.07645  -22.08291  0.99905 
   -3.85605  0.00474  1.96371     13.92716  1.84288  0.28112   7.83124  0.29267     0.01042   6336.4572    4186.7602  2.77489         2889.10359     18.68145  0.00267  58334.75602  1.87564  0.03709   922895.39252  45.98303  17.94591  58429.39118    51.51013       44.54981   67.47713  67.95454   78.5     0.0774  -22.08266  0.99925 
   -3.80243  0.00992  1.81909     13.76427  1.57263  0.32793   8.08911  0.24043     0.01006  5998.96358   4212.41447  2.33297         3203.71337      18.4659  0.00162  58334.80964  1.73652  0.08026  1430915.59705  45.79015  17.93926     58429.23    51.50605       44.54175    65.5835  68.03291   79.0    0.07873  -22.07525  0.99822 
   -4.40233  0.01065  1.76122     13.88916  1.65185  0.23337   7.30404  0.31304     0.01028  6351.10413   4104.30107  2.08814         3147.77178     16.62801    2e-05  58334.20974  1.75747  0.07776   792669.43368   46.0961  17.93626  58429.39118    51.52277       44.54882   67.47713  70.24999   78.5    0.07903   -22.0899  0.99848 
   -4.71472  0.19964  1.59464     14.02281  1.33759  0.13721      7.52  0.27496     0.01173  6329.57336   4023.90925  2.41926         2921.66845     16.45029    2e-05  58333.89735  1.79719  1.50132   284350.02802  46.53599  17.95149  58429.39118    51.52342       44.56285   66.84853  67.87406   78.5    0.07922  -22.07371  0.96824 
   -4.25251  0.02695  1.58544     13.78864  1.49919  0.23426   6.91796  0.32399     0.01064  6624.14086   4029.16182  1.86778         3192.36216     18.84178  0.00386  58334.35956  1.81077  0.18641   926152.16889  46.07772  18.03271     58426.32    51.52335       44.57762   52.25007  68.86326   77.5    0.08271  -22.12137  0.99655 
   -4.08171  0.00838  1.81505     13.95248  1.77186  0.20899   7.09852  0.29575     0.01102  6629.06704   4162.09047  3.99387         2484.94319     17.29729  0.00011  58334.53036   1.8608  0.05949   674620.37692  46.17044  17.96488  58430.40025    51.55265       44.60169   56.66914  68.05292   79.5     0.0759  -22.08018  0.99888 
   -3.75622  0.09121  2.09673     14.00402  2.07201  0.27625   7.40518  0.33531     0.01004  6421.23253   4407.68368  2.56642         2947.21382     17.82729  0.00037  58334.85585  1.82138  0.67546    830336.3562   46.0229   17.9471  58427.59932    51.48846       44.53767   64.67448  66.56811   77.0    0.07861  -22.08748  0.98705 
   -4.80095   0.0572   1.8707     13.98276  1.82555   0.2022   7.61222  0.27736     0.01011   6400.8373   4039.90611  2.29758         2952.05786     18.65258   0.0025  58333.81112  1.86043  0.43544   642249.59388  46.17853  17.94251  58428.39276    51.50154       44.54226    65.5835  67.24545   80.5     0.0756  -22.09303  0.99168 
   -3.89783  0.00239  2.06061     13.92462  1.94032  0.28904   8.10168  0.24901     0.01023  6249.09151   4301.59757  2.07075         3133.40321     18.82452  0.00371  58334.71424  1.88728  0.01935   1082548.7228  45.89428  17.96838     58429.23    51.49787       44.53528   67.47713  67.95454   78.0    0.07929  -22.08504  0.99959 
   -4.39219  0.00276  1.68996     13.75342  1.58394  0.26622   7.74272  0.25723     0.01006  6389.10451   3902.16556  2.54813         2950.56077     16.30057    1e-05  58334.21988  1.88539   0.0214  1307582.25159  45.89636  17.92675  58427.39221    51.49448       44.54192   64.67448  66.56811   80.5    0.07591  -22.08656  0.99958 
   -4.48493  0.06152  1.93028     13.87554  1.88809  0.29325   7.53744  0.29169     0.01005  6423.20941   4086.67122  2.51368         2840.58754     18.50902  0.00179  58334.12714  1.85505   0.4637  1158750.81129  45.90964  17.94149  58428.39276    51.49891       44.54082    65.5835  67.24545   79.0    0.08003  -22.08496  0.99115 
   -5.01921  0.07366  1.90823     13.87884  1.75554  0.29812   7.96635  0.28404      0.0105  6208.75371    4395.4172   2.5532         2909.65342     17.05906    6e-05  58333.59286  1.83187  0.58677  1037086.51218  45.93618  17.93894  58427.39221    51.52029       44.56316   65.64495  68.23914   78.0    0.07453  -22.07606  0.98805 
   -4.93294  0.00109  1.71739     13.79083  1.68067   0.3107   7.69578  0.33811     0.01045  6562.58296   4204.22395  3.02428          2612.1686     19.12461   0.0074  58333.67913   1.9771  0.00837  1206061.51759  45.94322  17.94291  58428.39276    51.51866       44.56113   64.67448  67.31597   79.0    0.07385  -22.09724  0.99985 
   -4.00158  0.00591  1.98938     13.78371  1.98576  0.41042   7.70719  0.31196     0.01018  6370.69061   4473.86327   2.9935         2773.70115     17.57529  0.00021  58334.61049  1.86593  0.04555  1975869.80786  45.67358  17.94216  58427.39221    51.50178       44.54237   66.56811  67.31597   79.5    0.07695  -22.09883  0.99914 
   -4.09599  0.09233  1.77583     13.95735  1.60952  0.22471   7.71858  0.31933     0.01032  6296.90061   4449.49628  2.63972         2905.03504      16.2117    1e-05  58334.51608  1.82565  0.71266   573610.65654  46.21812  17.95001  58428.39276     51.4954        44.5371    65.5835  66.40695   78.0    0.07542  -22.07303  0.98581 
   -4.18415  0.07272   1.7982     13.76753  1.62935  0.32351   8.23071  0.25896     0.01004  6354.88786   4311.41508  2.00552         3185.06944     17.86138   0.0004  58334.42792  1.98281  0.59852    1427059.769  45.81674  17.95481  58428.39276    51.49341       44.53835   66.84853  67.03555   78.5    0.07998  -22.10491  0.98775 
   -4.89348  0.03861  2.07434     14.04359  1.97446   0.2495   7.56701  0.32356     0.01054  6266.46912   4190.86197  2.28809         3061.90302     16.08917    1e-05  58333.71859  1.77255  0.29215   645433.09424  46.12068  17.92753  58428.39276    51.49898       44.54067    65.5835  67.95454   77.0    0.07621  -22.07668   0.9941 
   -4.54751  0.11969  2.08227      13.9287   2.1024  0.32079   7.67044  0.33998     0.01009  6548.68235   4357.41206  2.70671         2764.94145     16.57648    2e-05  58334.06456  1.96225  0.91806  1175436.18722  45.88429   17.9401  58428.39276    51.51478       44.55707    64.9549  67.03555   77.5    0.07315   -22.0763  0.98298 
   -4.39083  0.00129  1.79676     14.13693  1.63881  0.13777   8.57568  0.25897      0.0101  6545.29705   4411.63818  2.15624         2953.38826     18.27462  0.00105  58334.22124  2.19157  0.01104   261492.33217  46.55693  17.92067  58427.59932    51.50977       44.55849   64.67448  66.56811   78.5    0.07956  -22.08169  0.99977 
   -4.55501  0.00873  1.64809      13.8025  1.57073  0.23132   7.42958  0.26805     0.01025  6493.30404    4034.2061  2.18273          2894.2713     16.75733    3e-05  58334.05706  1.86863  0.06489   983726.02269  46.03811  17.94821  58427.59932    51.50257       44.54855   64.67448  66.56811   80.5    0.07911  -22.08248  0.99877 
   -5.17661  0.07481  1.90332     13.87634  1.87987  0.30346   7.69447  0.32097      0.0103  6504.32941    4453.6603   2.8183         2772.88933     16.39338    1e-05  58333.43546  1.94183  0.57565  1117592.32078  45.93566  17.92836  58427.59932    51.50643       44.54839    64.9549  67.87406   78.5    0.07748  -22.10778  0.98938 
   -3.59517   0.0015  1.58235     13.50288  1.51876  0.44407   7.04492   0.3029     0.01075  6680.12068   4082.62466  2.86419         2740.50965     18.20624  0.00089   58335.0169   1.8753  0.01059  3484528.73742  45.50958  17.94698     58429.23    51.50077        44.5333   68.64747  69.60653   80.5    0.07959  -22.09982  0.99981 
    -4.2574   0.0392  2.06448     13.78029  2.04759  0.43534   7.63856  0.30733     0.01073  6628.90024   4115.75256  2.79021         2689.67931     17.23288    9e-05  58334.35467  2.00226  0.29942  2228922.98872  45.60237  17.93346  58427.59932    51.51565       44.55342   66.71158    68.011   78.0    0.07952    -22.079  0.99423 
   -3.92264  0.12601  1.81972     13.80791  1.63722  0.33046   7.78972  0.30598     0.01011  6221.74721   4775.72274  2.34116         3052.17145     18.71569  0.00289  58334.68943  1.79876  0.98157  1219283.07477  45.87684  17.93428  58430.40025    51.49839       44.53256   68.14495  69.58218   76.0    0.07508  -22.07582  0.98009 
   -5.20512  0.05231  1.53443     13.86988  1.42289  0.18638   7.31386  0.33046     0.01072   6661.1819   4347.12976  2.63566         2776.18865     18.46193  0.00161  58333.40695  1.93587  0.38258    566396.4749    46.297  17.94006  58427.39221    51.50844       44.55425   64.67448  66.56811   79.0    0.07631  -22.09164  0.99291 
   -4.08263  0.01904  1.75115     13.96279  1.65781  0.20391   7.30605  0.31929     0.01068  6482.86523   4320.51641  3.00408         2761.18961     18.33199  0.00119  58334.52944  1.83166   0.1391   560288.46744  46.25332  17.94971  58427.59932    51.50332       44.55422   64.81795  65.55166   79.0    0.07827  -22.09679  0.99735 
   -4.77186  0.00666  1.66998      13.7815  1.48703  0.28907   8.04591  0.28164     0.01033  6175.53022   4249.00981  3.36106         2675.25831     16.23325    1e-05  58333.84021  1.83042  0.05359  1053301.38414  45.97319  17.94161  58428.39276     51.5083        44.5515    65.5835  66.40695   79.5    0.07498   -22.0594  0.99892 
   -4.25803  0.00291  1.82907     13.75894  1.70472  0.33599   7.27919  0.29516     0.01081   6422.7469   4090.32767  3.18907         2779.33018     17.31389  0.00011  58334.35404  1.79123  0.02118  1607136.17382  45.76998  17.95003     58429.23    51.50519       44.55171    65.5835  66.40695   79.5    0.07957  -22.07508  0.99957 
   -3.46092  0.05573   1.6284     13.69076  1.51568  0.32966   7.24028  0.32335     0.01035  6590.72487   4472.22277  2.26052         2993.94172     17.76987  0.00033  58335.15115  1.87607  0.40349  1550352.16676   45.8355  17.94686  58428.39276    51.49777       44.53883    65.5835  67.24545   77.0    0.08208  -22.10806  0.99241 
    -4.0585   0.1439  2.12002     13.94686  2.04021  0.31329   7.84963  0.29936     0.01016  6226.36301   4278.52201  2.25086         3061.02715     16.74581    3e-05  58334.55357  1.81529  1.12957  1087528.35626   45.8894  17.93179  58428.39276     51.5097       44.53558   68.00401  70.24999   79.0      0.075  -22.08599  0.97752 
   -4.28309  0.01368   1.9433     13.84086   1.7724  0.33243   8.86818  0.23648     0.01003  6192.70149   3912.64516  2.60769         2891.62657     18.89758  0.00439  58334.32898  2.02872  0.12134  1293421.27743  45.82859  17.93391  58427.39221     51.4984       44.54927   64.67448  65.36742   79.5    0.07458  -22.08066  0.99745 
   -4.32377  0.05478   1.8388     13.87085   1.6232  0.26988   7.87598  0.27519     0.01063  6185.50285   4152.78932   2.3348         3086.87633     18.73455  0.00301   58334.2883  1.79755  0.43141   923738.83368   45.9846  17.93805  58428.39276    51.51103       44.54539   67.47713  68.03291   78.5    0.07523  -22.07157  0.99076 
    -5.0331  0.01158  1.60003     13.80652  1.47372  0.24953   7.76868  0.32158     0.01031  6501.68244   4179.42829  2.51676         2837.83245      18.4294  0.00149  58333.57897  1.95896  0.08999   853961.08309  46.09757  17.93922  58427.59932    51.50655       44.54685   64.81795   67.1725   78.0    0.07744   -22.0887   0.9983 
   -4.37987   0.3244  1.92133     14.17394  1.76884  0.14639    7.8142   0.2913     0.01002  6222.86376   4000.61025  2.72772         2867.17168      17.3861  0.00014   58334.2322  1.80506  2.53494   272157.62615  46.51451  17.94212  58428.39276    51.51307       44.55037    65.5835  68.03291   80.0    0.07695   -22.0749  0.94993 
   -3.76842  0.00258  1.97162     13.90709  1.87237  0.27631   7.66698    0.266     0.01021  6285.89814   4140.20078  2.42036         3005.51765     16.19822    1e-05  58334.84365  1.80712  0.01975  1036723.38948  45.93593  17.93055  58428.39276    51.51147       44.54533   67.37541  68.66152   79.0    0.07726   -22.0894   0.9996 
   -4.25996  0.19138  1.74093     13.67926  1.56706  0.37512    7.5878  0.28352     0.01084  6451.22615   4371.00034  2.84028         2798.42121     16.05253    1e-05  58334.35211  1.88377  1.45215  1931763.43033  45.69641  17.95229  58428.39276     51.5059       44.54472   66.84853  67.87406   79.0    0.07649  -22.08972  0.97097 
   -4.52284  0.03752  1.96554      14.0154  1.85775  0.19618   7.70376  0.24329     0.01004  6289.86116   4043.99264  2.50141         2984.37891     17.14789    8e-05  58334.08923  1.81808  0.28901   620822.21607   46.1579  17.93951  58428.39276     51.5023       44.54987   64.67448  66.56811   80.0    0.07847  -22.07091  0.99402 
   -3.58954  0.01632  1.58244     13.84518  1.43519  0.23417   7.67753  0.32198     0.01002  6367.21193   4510.19892  2.49476         2919.37015     18.47545  0.00166  58335.02253  1.85672  0.12527   680794.85942  46.19408  17.92466  58427.59932    51.51125       44.55644   64.93905  67.05141   78.0    0.07986  -22.09501  0.99761 
   -3.68517  0.00591  1.83365     13.84531  1.68479  0.30633   7.90808  0.30004     0.01071  6394.61312   4553.63388   2.3947         2979.67735     18.95698  0.00503   58334.9269  1.92897  0.04674  1072429.66731  45.93839  17.93287     58429.23    51.50744       44.54666    65.5835  67.24545   78.0      0.077  -22.09627  0.99906 
   -4.18267  0.06601  1.87929     14.10542  1.79544  0.16429   7.19339  0.31836     0.01109  6628.69676   3952.69954  2.49361         2848.86698     16.19985    1e-05   58334.4294  1.88546  0.47487   362354.50299  46.41589  17.93908     58429.23    51.49622       44.54114    65.5835  66.40695   77.5    0.08024  -22.09263  0.99079 
   -3.55399  0.00119  1.89749      13.6642    1.686  0.43477   8.13727  0.21876     0.01001  6261.24477   4366.48361  2.14146         3105.60764     18.36098  0.00128  58335.05808  1.90295   0.0097  2646236.64684  45.51671  17.96967     58429.23    51.50525       44.54312    65.5835  67.24545   78.0    0.07977  -22.06433  0.99979 
   -4.08769  0.18072  2.08243     13.85066   2.0251  0.33967   7.07329  0.30429     0.01119  6495.78148    4224.0827  2.39092         2963.66952     16.38992    1e-05  58334.52438  1.78038  1.27827  1622160.63307  45.72806  17.93655  58428.39276    51.49621       44.53517    65.5835  68.03291   78.5    0.07667    -22.084  0.97464 
   -4.37873  0.01491  1.83744     13.81921  1.76922  0.31862   7.47074  0.31816     0.01016    6423.997   4219.07371  2.68189         2858.79665     18.15215  0.00079  58334.23334  1.83908  0.11138  1275308.30592  45.88258  17.94659     58429.25    51.50635       44.54538   66.22697  67.38945   79.0    0.07906  -22.09269  0.99788 
   -3.04067  0.00102  1.84013     13.83957  1.67788  0.32014   8.22849  0.27667     0.01025  6343.12906   4189.88978   3.6102         2645.95705     16.73603    3e-05   58335.5714  1.97494  0.00838  1104430.35796  45.92077  17.92416  58428.39276    51.51041       44.55824    65.5835  66.40695   78.0    0.07552  -22.07463  0.99983 
   -3.68537  0.00755  1.86071     13.86842  1.63604  0.29554    8.0851  0.26457     0.01004  6080.10363   4074.90144  2.56368          2992.8997     17.89907  0.00044   58334.9267  1.78293  0.06103   964110.61835  45.95915  17.93475  58428.39276     51.5105       44.55418    64.9549  67.87406   77.0    0.08028  -22.05768  0.99868 
   -4.58666  0.15085  1.82642     13.75362  1.70323  0.34459   7.55287  0.29373     0.01005  6335.65578   4063.23755  2.17375         2995.50814     17.87865  0.00042  58334.02541  1.80852  1.13932   1640796.5839  45.76186  17.93344  58428.39276    51.51299       44.55963   64.81795  66.42463   78.5     0.0793  -22.07069  0.97764 
   -4.38829  0.09663  1.68245     13.79758   1.5318  0.25556   6.94248  0.32357     0.01124  6508.25689   4157.88734  1.83667         3153.07617      17.8893  0.00043  58334.22378  1.75417  0.67085  1022693.93998  45.99242  17.94123  58428.39276     51.5028        44.5519   64.67448  66.56811   78.5    0.08004  -22.07629   0.9867 
   -3.70225  0.00437  2.07097     14.01331   2.1892  0.23179   7.05129  0.30029     0.01046  6786.72987   4262.36569  2.37218         2784.01603     18.41327  0.00144  58334.90982  1.93739  0.03082   820021.67359  46.06296   17.9363  58429.39118    51.51019       44.54562   66.22697  67.38945   79.5    0.07947  -22.09486  0.99944 
   -3.98674  0.01868  2.10386     14.04833  2.02429  0.24704   7.44647  0.30805      0.0108  6347.85356   4373.65001  2.54944         2905.85361     18.06572  0.00065  58334.62533  1.78991  0.13913   665984.31392  46.10562  17.93943  58427.39221    51.51038       44.54857   66.83268  67.88991   76.5    0.08079  -22.07848  0.99719 
   -4.69607  0.03231  1.93095     13.87172  1.91761  0.26416   7.61771   0.2509     0.01085  6443.25421   3831.75702  3.55323         2594.20677     17.32225  0.00012    58333.916  1.88652   0.2461  1198630.31754  45.90138  17.93109  58428.39276    51.50681       44.55035    64.9549  67.87406   84.0    0.07744  -22.08311  0.99526 
   -3.77175  0.07719  1.98531     13.95734  1.85346  0.26918   7.47449  0.31332     0.01094  6412.57818    4292.1742  2.46725         2930.39012     16.76456    3e-05  58334.84032  1.83347  0.57698   825603.58957   46.0244  17.95738  58427.59932    51.50314       44.54573   66.56811  67.31597   76.5    0.07779  -22.07513  0.98827 
   -4.34577   0.2234  1.85939     13.77348   1.7877  0.36342   7.37189   0.3331     0.01025  6485.81837   4034.49171  2.05565         2955.24646     16.46144    2e-05   58334.2663  1.84985  1.64689  1628904.32507   45.7705  17.95164  58428.39276    51.48926       44.53231    65.5835  66.40695   78.0    0.07516  -22.08314  0.96936 
    -4.0965  0.00647  1.94024     13.87177  1.82437  0.29384   8.02271  0.25136     0.01002  6179.65977   3920.02369   2.9131         2814.46033     16.77067    3e-05  58334.51557  1.82758   0.0519  1151080.06857  45.89314  17.94573  58427.39221    51.50221       44.54921   64.67448  66.56811   80.5    0.07573  -22.07542  0.99894 
   -4.52278  0.08165  1.75288     13.84165  1.63479   0.2667    7.2496  0.31191     0.01147  6578.89229   4192.05466  2.72995         2717.56141     17.46178  0.00016  58334.08929  1.87175   0.5919   967106.24334  46.00933  17.92728  58427.59932    51.49626       44.54226   64.93905  67.05141   78.5    0.07832  -22.09089  0.98855 
    -3.9239   0.2388  1.71531     13.88625  1.57833  0.23897   7.34307  0.32888     0.01052  6454.99905   4042.74545  2.59041         2897.12907     16.39112    1e-05  58334.68817  1.82514   1.7535   728108.92743  46.13616  17.94524  58427.39221    51.51589       44.55678   64.67448  67.31597   77.0    0.07709  -22.10434  0.96679 
   -4.40384  0.00205  1.79787     13.86598  1.58779  0.25134   8.30774  0.24268     0.01041  6293.85568   4065.37896  2.05744         3157.38897     17.97138  0.00052  58334.20823   1.9631  0.01704   883402.33735  46.01396  17.94995  58428.39276    51.49431        44.5339   66.83902  67.04507   79.0    0.07662  -22.08585  0.99963 
   -3.55272  0.00132  1.65861     13.68385  1.39637  0.33362   8.51228  0.23126     0.01014  6110.01093   4300.23029  2.38981         3066.30741     17.13796    8e-05  58335.05935  1.89565   0.0112  1529706.45047  45.78975  17.92621  58429.39118    51.50177       44.53461   66.96993  68.86356   78.0    0.07755  -22.07156  0.99975 
   -4.29361  0.15546  1.69825     13.71508  1.56742  0.27698   7.79212  0.22072     0.01037  6319.38964   3996.40172  2.62704         2884.94941     17.18232    8e-05  58334.31846  1.85624  1.21135  1558967.43723  45.81119  17.95984  58428.39276    51.50181       44.55018   64.67448  66.56811   83.0     0.0787  -22.08557  0.97582 
   -3.81512  0.07787  1.98329     14.04803  1.83525  0.23007   8.64067  0.28433     0.01017  6474.58433   4363.92724  3.22725         2700.34476     18.26394  0.00102  58334.79695  2.16072  0.67283   537298.57794  46.20755  17.93122  58427.39221    51.49728       44.54453   64.67448  66.56811   76.0     0.0763  -22.07283  0.98632 
   -4.51822  0.48431  1.91206     13.95644  1.72273  0.26182   7.79869  0.30818     0.01003  6233.84803   4488.43082  2.79345         2760.50897     16.36237    1e-05  58334.09385  1.80785  3.77698   714743.02988  46.08791  17.95277  58428.39276    51.50466       44.54448    64.9549  67.03555   78.5    0.07777  -22.05845  0.92629 
   -4.40988  0.06947  1.89222     14.11495  1.86529  0.15624    7.9006  0.28907     0.01012  6675.48695   4071.02569  2.38677         2858.36953     16.42593    1e-05  58334.20219  2.10016  0.54887   365260.81602  46.42305  17.93085  58427.39221    51.50724        44.5441   66.71158    68.011   78.5    0.07707  -22.10056  0.98968 
   -4.07491  0.00354  1.74876     13.70214  1.64628  0.36181   6.98046  0.33284     0.01076  6512.81621   4075.46592  2.41468         2947.90027     18.25307  0.00099  58334.53716  1.76624  0.02472  1842874.85548  45.73439   17.9261  58428.39276    51.49907        44.5393    65.5835  67.24545   77.0    0.08135   -22.0804  0.99952 
   -4.76578   0.0424  1.66004     13.78372  1.46047  0.24492   8.05816   0.2393     0.01034  6247.68722   4100.40763  2.33367         3038.81659     17.31468  0.00011  58333.84629   1.8763  0.34168  1011820.91921    45.988  17.93549  58429.39118    51.51132       44.54655   67.47713  68.03291   81.0    0.07615  -22.08163  0.99283 
    -4.9241  0.00302   1.5592     13.77491  1.43034  0.23502   7.67659  0.30163     0.01029  6491.60802   4102.96357   2.7523         2812.85788     17.61659  0.00023  58333.68797  1.92975  0.02315   910414.89582  46.07924  17.92555  58428.39276    51.50768       44.55272   64.81795   67.1725   80.0    0.07801  -22.08346  0.99956 
   -3.52401   0.1079  1.94535     13.84554  1.82254  0.36365   7.63473  0.31579     0.01039  6287.31531   4240.62705  2.75546         2787.73859      17.4703  0.00016  58335.08806  1.80033  0.82382  1304410.74956  45.83611  17.94773  58428.39276     51.5055       44.55126   64.81795   67.1725   78.0    0.07841  -22.06625  0.98377 
   -4.07965  0.00158  1.85243     13.81526  1.77027   0.2826   7.53157  0.26044     0.01072    6392.367   4165.24965  3.23304         2673.61603     16.66033    3e-05  58334.53242  1.83585  0.01193   1320739.7952  45.86058  17.95624  58428.39276    51.51431       44.54639    65.5835  68.03291   82.0    0.07534  -22.06532  0.99976 
