 texplosion  fnickel    Pspin  log(Bfield)      Mns  thetaPB   mejecta    kappa  kappagamma     vejecta  temperature    alpha  cutoff_wavelength  log(nhhost)      A_V         MJD0   kenergy  mnickel           TSD   log(L0)  Peak_mag     Peak_MJD  log(E_rad)  log(Peak_lum)  Rise_Time    E_fold  tau_1  delta_m15     r_peak     frac 
  -14.03484  0.00182  0.83179     14.48412  1.49618  1.55826  13.21228  0.12578     0.13223  4151.65963   5662.61812  3.42388         4284.71766     18.43437  0.00151  57343.29116   1.35846  0.02409   10341.32936  48.58923  19.47862  57382.82509    50.56655       43.71761   22.79129  65.42707   56.0     0.1089  -20.51757  0.99997 
  -25.10708  0.00473  1.29897     14.49482  1.71258   1.1933  14.24989  0.20327     0.01224  6197.66397    5517.1558  1.15374         4223.21691     17.70314  0.00028  57332.21892   3.26509  0.06747   27479.95627  47.83628    19.547  57387.62417    50.61923       43.75889   29.76238   64.3372   54.5    0.10301   -20.4014  0.99963 
  -35.09205  0.00168  3.06189     14.30545  1.53385  0.88336   9.54516  0.22621     0.01192  5353.38859   5297.62365  0.88895         4253.75013     18.77428   0.0033  57322.23395    1.6318  0.01606  327097.26519  45.96797  19.56176    57387.335    50.68968       43.84031   27.73875   60.4796   54.0     0.1037   -20.1769  0.99905 
  -20.82787  0.00134  2.50346     14.80274  2.19642  0.67617   22.1902  0.12397     0.01387  6390.87463   5016.07072  1.97222         4025.74132     16.42019    1e-05  57336.49813   5.40641  0.02966   31705.14164  47.31235  19.50707  57385.22463    50.57774       43.70422   27.44571  62.73305   55.5    0.11892  -20.39983  0.99938 
  -26.67678   0.0101  1.90936     14.25616  1.34561  1.35542   12.8184  0.12884     0.29335   4537.2247   5633.83025  1.72578         4438.47899     19.95889  0.05054  57330.64922   1.57413  0.12953  140022.53051  46.68979  19.59605  57385.22463    50.80451       43.93254   31.36653  64.69346   57.0    0.10428  -20.33194  0.99657 
  -29.31905  0.00185   1.7096     14.53947  1.84817  1.02592  36.28111  0.04217     0.01122  4168.74713   6426.06567  0.98473         5236.34226     19.21096  0.00903  57328.00695   3.76113  0.06705   41822.99156  47.44838  19.61152  57387.62417    50.71707       43.83926   24.78985  68.89542   56.5    0.10578  -20.05694  0.99924 
  -19.81762  0.00895  0.95825     14.69074  1.91617  0.97563  48.03155  0.05469      0.0613  6281.88455   4685.89033  1.64301         4198.60096     19.56034  0.02019  57337.50838  11.30664  0.43003    6787.84525  48.75659  19.50033  57380.42555    50.67612       43.79282   31.65957  63.98611   56.0    0.08277  -20.35184  0.99954 
  -30.88996  0.01632  0.87162     14.60554  2.05249  1.24225  10.93431   0.1368     0.15877  3931.88174   6306.92321  0.89387         5300.16653     20.20602  0.08928  57326.43604   1.00837  0.17842    8905.79711   48.7508  19.55981  57385.22463    50.66233       43.76193   32.56392  63.49607   60.0    0.10124  -19.80296  0.99985 
  -19.48088  0.02907  1.84975     14.62428  2.04303  1.49581   8.00292  0.19703     0.07187  4480.85072    5357.6975  2.32989         4359.37688     18.81606  0.00364  57337.84512   0.95851  0.23261   36622.69243  47.48114  19.52307  57385.22463    50.66605       43.81425    25.4853  62.73305   55.0    0.10092   -20.4594  0.99774 
  -24.58889  0.02095  1.25984     14.46374  1.60312  1.43374  20.45352  0.07828     0.19534  4587.23201   5458.55677   1.4864         4701.64018     17.43996  0.00015  57332.73711   2.56742  0.42843   27921.84376  47.82724  19.61685  57385.22463    50.75178       43.85206   34.55839  68.92892   58.0    0.09235  -20.46474  0.99777 
  -33.48707  0.00194  2.09412     14.36934  1.61226  1.17805  24.51197   0.0809     0.01616  4810.12142   5311.24269  1.05755         4762.16292     19.52114  0.01844  57323.83893   3.38312  0.04745  119831.97763   46.7557  19.54059  57385.22463    50.58663       43.69689   41.16857  62.73305   58.5    0.10671  -19.97542  0.99884 
  -27.41722   0.0088  2.74955     14.42464  1.78942  1.52819  32.37702  0.04951       0.439   4851.5023   5147.05673  1.08444         4658.07438     18.73838  0.00304  57329.90878   4.54586  0.28501  177733.91819  46.39326  19.54978    57386.748    50.67023       43.79188   31.36653  60.77264   54.5      0.111  -20.26734  0.98961 
  -22.92348  0.00681  1.13683     14.53459  1.73512   1.3427   28.4944  0.06492      0.0288  4676.10116   5651.87047  1.83796         4389.96582     19.65622  0.02517  57334.40252   3.71667  0.19405   17756.52403  48.14743  19.48508  57382.82509    50.64788       43.79394   27.44571  62.31874   57.5    0.08466  -20.58262  0.99944 
  -23.27042  0.01975   3.3934     14.37401   1.6654  1.38824  12.06355  0.10565     0.10069  4503.45361   5797.06815   1.6805         4603.10466     16.52605    2e-05  57334.05558   1.45947  0.23822  318110.64628  45.92652   19.5933    57386.748    50.71875       43.82739   35.28734  60.85714   54.5    0.11965   -20.4209  0.98501 
  -27.51568  0.00716  1.03406     14.43701  1.58958  1.49822  17.36014  0.11445     0.08628  4688.29661   5386.32234  1.38894         4526.97105     16.10443    1e-05  57329.81032    2.2762  0.12432    21094.3641  48.11687  19.56755  57385.22463    50.71082       43.84136   31.36653  64.69346   57.5    0.09994  -19.96725  0.99964 
  -17.87213  0.00113  1.32257     14.65986  1.84774  0.93756  40.59771  0.05668     0.20118  5651.14603   5047.52141  2.06077         4253.11094     17.98957  0.00054  57339.45387   7.73396  0.04592   14373.59607  48.13509  19.63134  57387.62417    50.80934       43.94174   24.28212  65.89665   55.5    0.08744  -20.64716  0.99981 
  -24.83374  0.00929   1.7575     14.44663  1.70053  1.39614  13.48347  0.12254     0.04361   4682.3151    5484.2001  1.18832         4738.13613     16.07152    1e-05  57332.49226    1.7634  0.12526   62363.69631  47.21471  19.52626  57385.22463    50.72479       43.86318   27.44571  60.77264   54.0     0.1048  -20.40029  0.99827 
  -19.03843  0.00978  1.19986     14.55166  1.63009   1.1611  50.11732  0.02956     0.21095  4445.96968   5672.39824  1.99797         4515.09554     17.78852  0.00034  57338.28757   5.90946  0.49005   17178.04364  48.08782  19.51569    57386.748    50.64638       43.79873    28.1864  60.03195   58.0    0.11378  -20.48065  0.99821 
  -36.62185  0.00483  2.98027     14.49206  2.10032  1.05907    13.191  0.19762     0.01022  5820.97688   5480.39875  0.40284           4746.402     19.32763  0.01181  57320.70415   2.66622  0.06372    179679.986  46.38812   19.5246  57382.82509    50.60203       43.72233   27.80361  66.29597   54.0    0.10871  -20.05102   0.9978 
  -21.66704   0.0042  1.03254     14.70816  1.74804  0.72877   31.2509  0.05984     0.22122    4615.461   5155.24915  1.83488         4644.43061     17.01492    6e-05  57335.65896   3.97118  0.13119    6635.37204  48.66172  19.54529     57386.75    50.54728        43.6852   31.36653  63.94889   57.0    0.09079  -20.43083  0.99974 
  -16.13436  0.04051  1.49878     14.50684  1.56421  1.28225   14.5574  0.10874     0.17041   5032.4176   5253.63168  2.09581         4377.88215     16.81334    4e-05  57341.19164    2.1992  0.58971    31616.2242  47.61176  19.53488  57380.42555    50.54697       43.66561    23.5531  70.54648   57.0    0.11049  -20.41727  0.99498 
  -13.05108  0.04022  1.07081     14.54669  1.52583  1.20634  15.09555  0.12605     0.06268  5647.01228   5326.43533  2.71971         4202.68835     17.52782  0.00019  57344.27492   2.87153  0.60707     13103.055  48.27556  19.55821  57382.82509     50.7093       43.82939   27.20978   66.8898   55.5    0.11239  -20.49017  0.99852 
  -23.57938  0.08654  1.41436     14.51065  1.72549  1.46461   7.44626  0.32631     0.14916  6332.86763   4708.85348  1.48869         3989.79711      18.3351   0.0012  57333.74662   1.78142  0.64441   30516.93935  47.72009  19.48842  57385.22463    50.61585       43.77267   27.44571  60.77264   55.0    0.09328  -20.45538  0.99593 
  -32.23741  0.00242  1.25954     14.43635  1.69152  1.51483  12.10726  0.16623     0.16067  4682.16867   5665.24714   1.0255          4752.8872     16.69635    3e-05  57325.08859   1.58331  0.02927   33405.96461  47.77288  19.65504     57386.75    50.81461       43.91665    25.4853  70.57468   59.0    0.10195  -19.76339  0.99984 
  -39.00524  0.00176  2.94324     14.25421  1.51049  1.06505   8.08294  0.19767     0.01644   4351.4259   5491.54195   0.9589         4980.16291     17.75948  0.00032  57318.32076   0.91298   0.0142   376852.1306  45.93414  19.52798  57382.82509    50.66188       43.77802   39.20816  62.73305   58.5    0.10468  -20.07222   0.9992 
  -33.21213   0.0016  2.30892     14.48739  1.70211  0.84755  10.39566  0.13513     0.23041  3987.06097   5878.03422   1.0867         5033.73482     19.31668  0.01152  57324.11387   0.98579   0.0166   89296.70895  46.82218  19.58004  57387.62417    50.70119       43.81603   29.69916  65.58088   57.5    0.10409  -20.02554  0.99954 
  -29.55574  0.00738  2.17638     14.43809  1.78193  1.44573  19.93729  0.08353     0.02255  4448.36689   5594.60649  1.21826         4777.93059     18.13334  0.00076  57327.77026   2.35339  0.14712  104231.45748  46.82627  19.44432  57382.82509    50.67688       43.81066   36.02803  56.11114   57.0    0.10584  -20.08919  0.99675 
   -23.3778  0.06202  1.23762     14.53794  1.60662  0.99451   9.99153  0.19916     0.01312  5493.84994   5713.97599  0.99549         4630.33412     17.89067  0.00043   57333.9482   1.79892   0.6197   19187.79768  48.00656  19.51726  57385.22463    50.59105       43.70498   27.14178  64.99739   51.0    0.10099  -20.55888  0.99698 
  -26.10887  0.07976  2.82849     14.51604  1.92448  1.45513  13.55793   0.1509     0.01024  5914.18974   4939.90783  1.31501         4397.25476     17.36397  0.00013  57331.21713   2.82886  1.08137  132790.05433  46.52688  19.54754  57385.22463    50.72354        43.8364   24.75635  68.92892   54.0    0.10484  -20.40466  0.96416 
   -30.2327  0.00418  3.15181     14.37244  1.68037  1.07036   10.1974  0.19499     0.03301   5391.3568   5174.17298  1.75023         4186.84082     19.67578  0.02633   57327.0933   1.76812  0.04259  278908.35798  46.05167  19.54854  57385.22463    50.72827       43.88465   21.56449  62.73305   56.0    0.11051  -20.28925  0.99768 
  -32.19244  0.00213  0.94607     14.38155  1.42467  1.10405  54.27086  0.03084     0.02131  4226.36948   5591.68982  1.02126         4830.39316     19.71242  0.02865  57325.13356   5.78268  0.11562   20430.44284  48.16044  19.51255  57385.22463    50.67473       43.80376   29.40612   62.3212   59.0    0.10516   -19.7579  0.99964 
  -19.99137  0.11424  1.47874     14.58021  1.75255  1.16173   9.43912  0.25117     0.01868  6947.96077   5240.01218  0.93048         3777.82053      16.1446    1e-05  57337.33463   2.71815  1.07836   24594.80363  47.78189  19.57271    57386.748    50.68601       43.81662   23.28896   66.8898   51.5    0.12799  -20.45804  0.99295 
  -29.82473  0.07157   2.5109     14.54692  1.90604  0.92543   8.51151  0.19278     0.02318  5177.13957   5174.30679  0.66976         5072.51304     20.11345  0.07214  57327.50127   1.36086  0.60913   89899.64579  46.79556  19.56952  57385.22463    50.59059       43.70161   34.98178  66.95943   55.5    0.11301   -20.2659  0.98348 
  -20.01867  0.00145   1.5142     14.66374  1.66619  0.67292   7.43896  0.28915     0.47838  5536.09494   5482.27834  1.68332         4308.81879     18.36555  0.00129  57337.30733   1.36002  0.01075   16688.86716  47.90778  19.53605  57385.22463    50.69368       43.81953   27.73875  62.44001   54.0    0.11686  -20.46487   0.9999 
  -34.41278  0.01033  2.29745      14.5364  1.83463  0.88806  18.95924  0.11692     0.05054  5204.91777   5025.45868  1.05905         4407.36705     16.92434    5e-05  57322.91322   3.06391  0.19589   76041.11563  46.92885  19.50045  57385.22463     50.5765       43.70978   31.36653  61.09885   60.0    0.10214  -19.91862  0.99529 
  -10.36841  0.00115  0.96416     14.65739  1.61041  0.88165  21.65365  0.09449     0.44829    5222.239   5444.16281  3.26435         4215.30266     16.00153    1e-05  57346.95759   3.52267  0.02497    6733.88752  48.67922  19.55841    57386.748    50.69814       43.85634   23.52489  62.81755   54.0    0.10744  -20.23454  0.99996 
  -14.88874  0.00955  1.80834      14.6166  1.67691  0.81364  15.94959  0.15672      0.1338  6541.28605   5034.67781   2.8623         3916.12775     17.38283  0.00013  57342.43726   4.07102  0.15224   29763.15122  47.50511  19.55128  57387.62417    50.66421       43.80458    25.4853  63.91352   55.0    0.11074  -20.48414  0.99782 
  -12.26544  0.00291  1.42942     14.64749  1.86853  1.09866  13.94873  0.18412     0.10373  5999.06361   5177.58745  4.13159         3970.96979     16.69333    3e-05  57345.06056   2.99453  0.04055   17974.47716  47.97537  19.56328    57386.748    50.62555       43.74263   31.36653  65.05479   60.0    0.09212   -20.3577   0.9998 
  -30.83506  0.11411  0.86534     14.42539  1.28201  0.86329   6.64346  0.32392     0.02118  5142.68148    5133.4581  1.21677         4356.84932     17.34947  0.00012  57326.49094    1.0481  0.75808   12569.03185  48.40306  19.49763  57382.82509    50.57795       43.71642   23.52489  65.04826   60.0    0.09716  -19.82071  0.99802 
  -14.00302   0.0073  1.62799     14.56042  1.70532  1.05552   7.58547  0.26895     0.01305  5133.88489    6117.5745  3.53094         4140.78717     19.69018  0.02722  57343.32298   1.19262  0.05534   31775.68062  47.57525   19.5306  57385.22463    50.53451        43.6707   29.40612  63.94889   56.0    0.08222   -20.5075  0.99944 
  -21.29737  0.01509  2.68251     14.51157  1.79904  1.12313  10.87004  0.16729     0.02047  5067.97666   5401.59725  3.28516         4116.75605     18.67619  0.00264  57336.02863   1.66543  0.16398  113971.40337  46.61001  19.52431  57385.22463    50.65782       43.84244   21.56449  60.18358   55.5    0.10246  -20.48081  0.99442 
   -22.1073  0.00654   2.0535     14.61338   1.8829  0.97602  45.59602  0.03259     0.29993  4481.23218    5493.1758  1.52362         4682.06983     17.20449    9e-05   57335.2187   5.46197  0.29821   43738.90178  47.27781   19.5982  57385.22463    50.73026       43.83206   31.36653  66.73837   56.5    0.09528  -20.41653  0.99512 
  -27.99798  0.00165  1.54471     14.69515  1.73627  0.59972  48.59049  0.03863      0.0129  4918.96906   5647.74696  1.20299         4863.95893      17.3316  0.00012  57329.32802   7.01337  0.08027   15661.21738  47.93594  19.59771  57385.22463    50.64797       43.74378   41.16857  66.65387   56.5    0.10684  -20.15966  0.99924 
  -26.71757  0.02529  1.48303     14.42329  1.56313  1.34265  16.35109   0.0861     0.03734   4250.6714   5555.13957  1.18981           4947.984     16.65535    3e-05  57330.60843   1.76234   0.4135   45450.46276  47.46301  19.55917  57382.82509    50.82657       43.93005   31.36653  68.03604   56.5    0.11222  -20.18935  0.99592 
  -21.58902  0.00324   3.7645     14.58353  2.10498  1.04704   9.81488  0.23449     0.06233  6263.21031   5374.80726  2.84057         3760.07754     18.40045   0.0014  57335.73698   2.29671   0.0318  188542.94341  46.16527  19.57749    57386.748    50.63074       43.74084   33.04959  63.37173   54.0    0.10628  -20.40227  0.99825 
  -24.91038  0.00386  2.04517     14.63375  1.90633  0.82819  16.02771  0.08391     0.06187  4175.90923   6310.21161  1.08814         5097.33292      17.0592    6e-05  57332.41562   1.66725  0.06181   39992.21287  47.32561   19.5217    57386.748    50.61989       43.76037   35.28734  59.80435   54.0    0.11231  -20.43497  0.99897 
  -38.82298  0.00291  3.82996     14.35547  1.93597  1.45818   6.97858  0.26939     0.02579  4770.41356   5139.95646   1.4512         4448.59239     18.20657  0.00089  57318.50302   0.94734  0.02034  513065.48544  45.67918  19.57192  57387.62417    50.65967       43.81157   27.73875  64.40042   59.0    0.10169  -20.08942  0.99867 
  -31.41152  0.00282  1.50612     14.28603  1.35896    1.319   10.9249  0.15945     0.02418  4495.67693   5886.46083  1.37813         4531.09638     17.63108  0.00024  57325.91448   1.31715  0.03085   76678.53257  47.16166   19.5449  57382.82509    50.65396       43.77072   30.15378  61.98539   58.5    0.10488  -19.92696  0.99955 
   -11.0537  0.03946  1.19205     14.75027  1.79362  0.90751  17.37079  0.07844     0.10803  4608.21325   5636.58135  2.87449         4348.07327     19.50422  0.01774   57346.2723   2.20045  0.68545     7474.7669  48.49639  19.60011    57386.748    50.70353       43.82036    25.4853  68.61428   56.0    0.13447   -20.4986  0.99856 
  -25.69753  0.02556  1.17826     14.50658  1.72814  1.54414   18.2875  0.10276     0.03278  5321.67646   5251.05937  0.94389         4963.09536     18.63971  0.00242  57331.62847   3.08943  0.46737   21613.13021  48.02922  19.64305  57390.02371    50.65796       43.78173   32.10558  66.27614   54.0    0.11414  -20.29022  0.99839 
  -13.41636  0.00802  2.38395     14.66863  1.83284  0.83206  14.57821   0.0968     0.12014  4580.53999   5685.08673  2.56908          4360.1306     17.79096  0.00034  57343.90964   1.82459  0.11685    44491.4576   47.1291  19.53083  57385.22463    50.70298       43.84648    25.4853  64.69346   53.0    0.12331  -20.43934  0.99715 
  -27.99511  0.03337   2.3343     14.41095  1.74791  1.41413   9.60859  0.25867     0.01503  5865.90886   4999.12765  1.34931         3922.89767     18.96968  0.00518  57329.33089   1.97223   0.3206  133272.22803  46.65031  19.50195  57380.42555    50.61996       43.73985   27.44571  63.72517   52.0    0.09735  -20.21304  0.99143 
  -22.27254  0.00164  1.34197      14.5534  1.86246  1.31002  43.28239  0.05888     0.06027  5674.83777   4988.24402  1.66252         4327.38635     17.03829    6e-05  57335.05346   8.31467  0.07087   24355.23985  47.89686  19.52695  57385.22463    50.59193       43.74042    25.4853  62.73305   55.5    0.10307  -20.38506  0.99967 
   -19.2987  0.00105  0.84445     14.53611  1.73153  1.42708   36.1597  0.06915     0.01054  5762.92331   5507.68936  1.46997         4289.82408     17.28015  0.00011   57338.0273    7.1637   0.0379    9708.98617  48.66696  19.59685  57385.22463    50.59584       43.71384   26.22436  71.79604   55.5    0.12443  -20.30298  0.99997 
  -10.90379   0.0112  0.98102     14.61348   1.5443  0.90289   21.2557  0.11137     0.01049  6089.91217   5278.05146  2.99788          4068.8273     16.33863    1e-05  57346.42221   4.70245  0.23814    8183.57459  48.56128   19.5208  57385.22463    50.73425       43.89604    25.4853  58.81224   55.5    0.11678   -20.8224  0.99957 
  -24.07683  0.00171   1.0645     14.47198   1.6695  1.46715   7.44065  0.28424     0.22558  5480.10347    5782.6354  0.88944         4675.84118     18.68885  0.00271  57333.24917   1.33296  0.01272   19986.66236   48.1364  19.51622  57385.22463    50.64011       43.77477   27.44571  60.77264   52.5    0.12887  -20.45535  0.99996 
  -32.52386   0.0017  0.83069       14.429  1.70583  1.45528   8.47108  0.25977     0.01839  4858.89298    5634.8203  0.85563         4652.77686     20.30645  0.11251  57324.80214     1.193  0.01441   15157.63341  48.48127  19.51521  57382.82509    50.58961       43.74852   23.52489  62.73305   57.5    0.09919  -19.77238  0.99998 
  -25.49448   0.0219  1.55238     14.48596  1.80559  1.44572   6.87869  0.33163     0.02258  5749.78103    5792.9395  0.98732          4418.0271     19.31308  0.01142  57331.83152   1.35655  0.15067   43102.64277  47.50897  19.53265  57385.22463    50.61928       43.74216    28.1864  66.27451   52.5    0.10888  -20.36448  0.99869 
  -26.57919  0.00292  2.16053     14.53728  1.97948  1.28833  32.33955  0.05057     0.03205  4574.40303   5547.39252  1.19423         4750.21672     17.52697  0.00019  57330.74681   4.03673  0.09438   72265.94287  47.03734  19.57218  57385.22463    50.55271        43.6584   33.32693  64.69346   55.5    0.11132  -20.26347  0.99832 
  -28.93698  0.00118  3.61366     14.34757  1.80989  1.54159  10.04054  0.25421     0.01246  5923.03007   5224.03477  3.00678         3859.41967     17.98187  0.00053  57328.38902   2.10122  0.01182  442808.85633  45.76439  19.51423    57386.748    50.63373       43.76612   34.98178  57.15739   53.0    0.10142  -20.33382  0.99924 
  -35.26411  0.01399   1.5521     14.52568  1.74096  0.92156  15.84894  0.11143     0.16356  4251.76367   5591.69421  1.04187         4905.81411     17.49742  0.00017  57322.06189   1.70909  0.22177   34600.34319  47.58871   19.5209  57385.22463    50.61015       43.74009   27.80361  64.33556   62.0    0.09782  -19.76993   0.9978 
   -8.07732  0.00184  0.77447     14.62416    1.679  1.12164  15.50917  0.18978      0.0598  6445.44092   4981.25457  4.57664         3921.30261     18.10381  0.00071  57349.24868   3.84345  0.02854    5279.04743  48.99333  19.53053  57385.22463    50.65448       43.78112    36.0264  61.21242   55.5    0.10726  -20.42234  0.99998 
  -27.97875  0.06782  1.15066     14.48592  1.61975  1.27878  11.69198  0.13773     0.01453  4764.53528   5388.97771  1.01511         4911.92918     18.97427  0.00524  57329.34725   1.58327  0.79298   21248.29794  48.02908  19.50548  57385.22463     50.7058       43.82957   31.65957   60.4796   58.5    0.10433  -20.05299  0.99705 
  -13.69421  0.00567  2.09162     14.54812  1.81478  1.39466  17.78426  0.10963     0.11677   5196.5809   5628.02159  3.18627         4158.87024     17.37097  0.00013  57343.63179   2.86483  0.10089    59069.9715  47.11534  19.54406  57385.22463    50.70512       43.84303   29.40612  60.77264   55.0    0.10654  -20.38696  0.99822 
  -21.31221  0.00495  1.11197     14.50045  1.62642  1.23979  41.31041  0.04934      0.2714    5068.945   5596.70234  1.69187         4350.38149     18.38821  0.00136  57336.01379   6.33172  0.20461   18635.11427  48.11756  19.57696  57385.22463    50.66333       43.79609   23.52489  66.65387   57.0    0.11969  -20.33839  0.99934 
  -17.61436  0.02107  1.45786     14.46893  1.58668  1.55003  10.93132  0.16683     0.45519  4968.91428    5764.1661  2.01768         4324.83755     16.05033    1e-05  57339.71164   1.60999  0.23036   36131.27863  47.58402  19.52499  57382.82509    50.50012       43.66028   27.44571  62.73305   57.0    0.11852  -20.37588  0.99812 
   -13.6241   0.0125  0.87894     14.30588  1.06337  0.99653  29.12674  0.08443     0.02914  6223.39009   5069.03468  3.51699         3976.63046     20.07521  0.06606   57343.7019   6.72935  0.36423   18649.36392  48.13695  19.61752     57386.75    50.63217       43.74617   31.36653   67.0152   54.5    0.12644  -20.49774  0.99859 
  -20.09657  0.00681  2.36981     14.48935  1.69153  1.11476  25.91815  0.07045     0.17837  5004.19466   5215.72436  2.49995         4134.01578     16.78565    3e-05  57337.22943   3.87168  0.17655   92644.53777  46.78088  19.57678  57385.22463    50.71497       43.86474    25.4853  64.69346   58.0     0.1011  -20.39584  0.99498 
  -33.85603  0.01716  2.66229     14.37357   1.7482   1.3275  18.08547  0.10774     0.01863  5393.85481   5076.63301  0.51023         4951.27905     18.28513  0.00107  57323.46997   3.13874  0.31041  205956.75323  46.34715  19.54923  57385.22463    50.70093       43.81486   29.40612  66.65387   57.0    0.10678  -20.09187  0.98891 
  -39.95518  0.02835  4.06414     14.22735  1.74616    1.569  10.44615  0.17339     0.01137  5309.57182   5028.27096  0.51898         4752.09794     18.54497  0.00195  57317.37082   1.75672  0.29613  940013.51988  45.31986  19.53664  57382.82509    50.60642       43.70664   34.98178   63.8799   53.0    0.11159  -20.21399  0.97503 
  -18.10639  0.00129  2.52187     14.66702  2.18462  1.13535  25.71706  0.06307     0.03285  4700.71382   5788.01382   2.0347         4487.26954     16.12999    1e-05  57339.21961   3.38982  0.03313   59784.57336  47.02819  19.54656    57387.375    50.66258       43.79428    25.4853  65.26401   55.0    0.11683  -20.42904  0.99931 
  -25.67233   0.0077  1.30403     14.60053  1.88231  1.07156  22.11483  0.07869     0.21106  4642.63915   5617.47829  1.16421         4891.17693     19.23144  0.00947  57331.65367   2.84342  0.17021   18707.93502  48.04094  19.58126  57385.22463    50.70687       43.80971   27.44571  69.79474   56.0    0.11029  -20.26934  0.99929 
  -31.56614  0.00232  0.79331     14.41607  1.58397  1.48772  43.88966  0.04712     0.29895  4793.87592   5193.19687  0.71717         4911.30239     18.71665  0.00289  57325.75986   6.01676  0.10165   13623.98923   48.5354  19.54971    57386.748    50.66501       43.80604   35.28734  60.36079   58.0    0.10334  -19.70603  0.99988 
  -20.67718  0.01083  0.83821     14.61858  1.88447  1.48102  37.60345  0.04383     0.05179  4567.45774   5613.64376  1.40429         4811.06075     16.94613    5e-05  57336.64882   4.67955  0.40721    7121.05031  48.84479  19.57037  57385.22463    50.70849       43.82436   31.36653  62.81755   56.5    0.09464  -20.36374  0.99975 
  -27.32617  0.01464  2.25484     14.40049  1.64252  1.29348  28.16838  0.06495     0.10805  5265.23455   5038.06236   1.2083          4644.4281     16.52952    2e-05  57329.99983   4.65827  0.41246  122622.67429  46.68955  19.50411  57385.22463    50.69603        43.8076   31.36653  63.91188   55.5     0.1072  -20.31883   0.9888 
   -31.4319  0.01592  2.10704     14.48873  1.58274   0.7757  11.28975  0.15208     0.15258  4651.15527   5338.91007  0.95237         4939.90543     19.18029  0.00841   57325.8941   1.45691  0.17974   68723.42982   46.9838  19.52506    57386.748    50.67779       43.82215   23.52489  62.81755   56.0     0.1065   -20.0708  0.99545 
  -23.64731   0.0151  1.19614     14.40416  1.54981    1.362  13.90367  0.09461     0.04103  3906.24392   6258.95036  1.60891          4741.0456     20.38644  0.13526  57333.67869   1.26554  0.20997   32013.80205  47.79823  19.53381    57386.748    50.62251       43.75507    25.4853  61.34319   56.0    0.09763  -20.54137  0.99886 
  -15.88853  0.00618  2.62583     14.39757  1.59003  1.52935  16.99122  0.11823     0.01227  5529.55645   5590.65751  3.20566          4152.7411     18.27573  0.00105  57341.43747   3.09908  0.10509  163161.69466   46.4191  19.52824  57385.22463    50.59573       43.72457   25.24063  63.33905   56.0    0.11642  -20.43263  0.99584 
  -12.58855  0.00531  0.92049     14.54933  1.54411  1.11408  19.34513  0.13316     0.16949  5752.79702   5066.83493   4.8495         3977.83063       16.382    1e-05  57344.73745   3.81906  0.10272    9679.84347  48.54362  19.58643  57385.22463    50.67235       43.77378   27.44571  68.61428   58.0    0.09774  -20.44824  0.99985 
   -28.7702  0.00409  1.22348     14.64839  1.66353  0.64127   9.92102  0.20251      0.3311  4670.31964   5307.12118  1.62742         4307.43435     20.07424  0.06591   57328.5558   1.29085  0.04062   11674.85055  48.24743  19.56915  57382.82509    50.70488       43.82657   28.67716  65.42241   57.5    0.09839  -19.99186  0.99979 
  -21.11512  0.00267  2.21125     14.54977  1.94046  1.37695   9.50523  0.16706     0.03594  4575.79909    5537.0276   1.8772         4638.48799      17.4239  0.00015  57336.21088    1.1872  0.02538   70058.30267  47.02201  19.54318  57382.82509      50.702       43.81693   37.50811  64.01879   56.0    0.11943  -20.45415  0.99952 
  -36.82308  0.00439  0.83979     14.47602  1.82202  1.33947  62.45899  0.04737     0.03163  6268.33835   4808.69323  0.10108          3856.6367      20.2618  0.10151  57320.50292  14.63952  0.27434   13325.11464  48.55638  19.54976  57382.82509    50.71953       43.85056    31.1306  61.00857   64.0    0.10657  -19.63465  0.99968 
  -35.71116  0.00473  3.97758     14.37009  1.95214  1.51093  10.90211   0.1531     0.01318  4725.98943   5426.29406  1.60251         4247.11236     17.71843  0.00029  57321.61484   1.45252  0.05158  521654.01909  45.64274   19.5596  57385.22463    50.67902       43.80419   29.40612  64.27915   58.0    0.10393  -20.16387  0.99642 
  -29.28587  0.00178  1.79071     14.34347  1.54637  1.30581   9.71128   0.2405     0.31841  5756.15866   5007.74181  0.63348         5048.31003     17.94603  0.00049  57328.04013   1.91942  0.01725   94677.58322  46.97586  19.57405  57387.62417    50.66438       43.81148   25.77834  64.40042   53.5    0.10846   -20.1401  0.99968 
  -30.29268  0.00432  3.69392     14.39544   1.4373  0.64296  12.97696  0.07235     0.36832  3758.27858   5903.68861  1.78599         4643.31194     18.86805   0.0041  57327.03332    1.0934  0.05612  294750.00604  45.82196  19.54634     57386.75    50.65154       43.76603   33.32693  65.01966   55.5    0.11941  -20.36698  0.99468 
  -13.54444  0.00921  1.62783     14.67418  1.67608  0.78333  46.71818  0.04715     0.25945  6051.98458   4858.07943  3.64978         4012.45833     19.22252  0.00927  57343.78156  10.20725   0.4304    18491.0358  47.80296  19.54267  57382.82509    50.65703       43.76801   37.24775  64.69346   56.5    0.11167  -20.49796  0.99585 
  -29.10993   0.0125  0.75597     14.31274  1.32284  1.50982  21.71858  0.10653     0.45577   5327.0862   5341.84095  0.90967         4669.68751     16.77029    3e-05  57328.21607   3.67653  0.27138   16628.43424  48.41249  19.56306  57382.82509    50.74061       43.87963    26.2172  65.05392   60.0    0.10548  -19.87209  0.99958 
  -24.05822  0.01423  0.90306      14.5886  1.86185  1.25385  23.88479   0.0615     0.04573  4189.04331   6476.23505  1.25008         5063.60358     20.09901  0.06978  57333.26778   2.50022  0.33982    9375.38721  48.65537  19.63867    57390.412    50.64992         43.786   26.22599  63.95277   54.0    0.13755  -20.53943  0.99966 
   -26.7026  0.00559  2.41171      14.6942  1.93947   0.6721  11.58143  0.14077     0.19797  4489.61884   5578.42118   1.4344         4675.11866     16.77153    3e-05   57330.6234   1.39254   0.0647    42830.5068  47.16013  19.57638  57387.62417    50.74413       43.88547   31.36653  60.77264   56.0     0.1019   -20.3044  0.99843 
  -24.47056  0.00429   0.7457     14.60844  1.79632  1.06445  33.76771  0.06994     0.06067  5463.46981   5228.13515  1.11843         4444.66121     18.39286  0.00137  57332.85544   6.01265  0.14493    5629.14711  49.02766  19.54713    57386.748     50.6329       43.77239    25.4853  63.72517   54.5    0.13647  -20.63671  0.99992 
  -23.79574  0.00172  2.29963     14.31666  1.44673  1.16241   8.85013  0.29798     0.02097  5945.57976   5349.12791  2.98211         3947.26903     19.12204  0.00736  57333.53026   1.86623  0.01524   165269.4273  46.48772  19.59361  57382.82509    50.69578       43.78585   31.36653  69.18482   56.0    0.10072  -20.44461  0.99946 
  -26.69813  0.03384  2.01065     14.42133  1.50958  1.05639  16.22445  0.08569     0.12742  4421.22764   5282.26993  1.32487         4657.06249     16.12806    1e-05  57330.62787   1.89183  0.54906    81411.2533  46.93035  19.49002  57382.82509    50.64764       43.78227   23.81794  65.58088   58.5    0.10633  -20.27147    0.987 
  -18.71025  0.00372  1.76353     14.54061    1.734  1.14217  46.60388  0.04276     0.03672  5071.87382   5680.43063  2.72894         4262.81048     19.34289  0.01224  57338.61575   7.15132  0.17325   41534.92869  47.39671  19.55261  57385.22463    50.53427       43.68897   21.59269  64.66525   58.0     0.1035  -20.43435  0.99784 
  -21.48612  0.02112  2.36832     14.54866  1.95597  1.29472  11.59531  0.14326     0.02127  5021.65359   5240.05554  1.66584         4384.51501     19.34638  0.01233  57335.83988   1.74423  0.24486   81420.65077  46.90059  19.59473  57387.62417    50.70606       43.81657   37.24775  65.26401   53.0    0.11234  -20.46283  0.99457 
  -28.67055   0.0105  2.04302     14.63622  1.96936  0.83946  20.81687  0.07878     0.13197   4761.2726   5451.63099  0.92591         4934.49434     19.13131  0.00752  57328.65545   2.81507  0.21852   40761.39141  47.33237   19.5409     57386.75    50.67674       43.82426   25.77834  62.44001   55.0     0.1108  -20.16263  0.99654 
  -26.96023  0.01985  2.93926     14.54214  1.82386  0.90134  17.91981  0.10228     0.16275  5192.36466   4975.81944  1.59543          4309.6179     16.03147    1e-05  57330.36577   2.88198  0.35577  120502.07856  46.51237   19.6222    57386.748    50.63425       43.76181   29.40612  68.61428   58.0    0.10808  -20.32509  0.98557 
  -20.50431  0.01995  1.79021      14.5516  1.56341  0.77155   8.20732  0.25124     0.02206  5353.46736   5306.65144   1.6253         4565.54328     19.47493  0.01658  57336.82169   1.40313  0.16374   36685.77942  47.39261  19.58741  57387.62417    50.67276       43.78742   41.16857  62.73305   56.0    0.10239  -20.46439  0.99725 
  -26.77004  0.00225  2.11822      14.4503  1.80021  1.36057  14.91505  0.11558     0.03133  4974.58469   5931.27835  0.90282         4896.70609     19.38781  0.01357  57330.55596   2.20174  0.03349    94291.1402  46.89776  19.61197     57386.75    50.59749       43.71709   31.39473   67.8415   52.5    0.11445  -20.29165  0.99931 
  -11.51101  0.02266  2.02117     14.55132   1.7539  1.45017  20.71644  0.10366     0.05639   6461.3833   5010.30028  3.53482         4019.77861     16.69551    3e-05  57345.81499   5.15933  0.46947   52526.38107  47.18127  19.54647  57385.22463    50.67713       43.79821   30.15378  63.16422   53.0    0.12043  -20.49962  0.99229 
  -41.40186  0.01804  1.60739     14.34431  1.36891  0.75133  10.40029   0.1691     0.01384  4513.74255   5777.36698  0.46702         5259.57052     20.07137  0.06548  57315.92414     1.264  0.18757   67268.99126  47.16516  19.56559    57386.748     50.7173       43.86334   27.20978  61.00857   59.5     0.1015  -19.87099  0.99657 
  -28.42669  0.01577  0.79842     14.38402  1.46561   1.5578   15.9183  0.14947     0.05471  5580.04984   5175.91661  0.63341         4586.66115     17.44343  0.00015  57328.89931   2.95665  0.25107   14799.90528  48.46014  19.56387    57386.748    50.66451       43.77445   24.24233  68.25817   57.0    0.10575  -19.87836  0.99965 
  -31.91182  0.00704  2.42083     14.30572  1.52923  1.47601  25.32536  0.05822     0.01786  4109.84142   5351.67624  1.72582          4520.5577     16.11495    1e-05  57325.41418   2.55172  0.17838  203601.83911  46.37661   19.6033  57385.22463    50.79408       43.94607   23.52489  62.73305   59.0    0.10569  -20.08936  0.99357 
  -23.25753  0.01876  1.42211     14.70888  1.80564  0.71881  12.10923  0.12487     0.05113  4253.60579   5910.81143  1.57974         4616.36773     16.99891    6e-05  57334.06847   1.30695  0.22715   12958.39866  48.10706  19.51445  57382.82509    50.61344       43.75787    25.4853  61.95311   58.0    0.11071   -20.3794  0.99865 
  -31.23769  0.01789  0.79846      14.4244  1.50082  0.99342  12.27366  0.18761     0.20067  5676.33824   5358.03867  0.33448         5299.17417     20.34754  0.12367  57326.08831   2.35905  0.21962   12584.96517  48.54081  19.49985  57382.82509    50.68243       43.81742   23.52489  64.69346   57.0    0.11541  -19.91095  0.99965 
  -40.68383  0.00544  2.06203     14.32056  1.69383  1.54049  20.04323  0.11752     0.01091  5286.47585   5137.75223   0.3387         5336.07982       19.533  0.01896  57316.64217   3.34139   0.1091  152813.34194  46.68496  19.57733  57382.82509    50.69211       43.80176   33.32693  65.87229   59.0     0.1013  -19.84282  0.99758 
  -28.39225  0.00989  4.55274     14.35018  1.86105  1.48865  10.73329  0.16985     0.01424  5245.73648   5187.58952  3.25842         3977.61681     16.02079    1e-05  57328.93375   1.76187   0.1061  714088.35949  45.36831  19.58441     57386.75    50.67899       43.79943   32.08396  61.60131   56.5    0.10449  -20.39111  0.98966 
  -25.97193   0.0089  2.80824     14.60029  1.88105  0.82467  31.32116  0.05082      0.2276   4795.8816   5398.33351  1.34104         4564.48574     16.67179    3e-05  57331.35407   4.29736  0.27878     86797.214  46.70787  19.57426  57382.82509    50.64494       43.77949    25.4853  65.87229   55.5    0.11455  -20.36263   0.9902 
  -24.31893  0.00121  1.63824     14.41936   1.6183  1.46899  24.34524  0.06518     0.01195  4226.37924   6041.33726  1.79807         4673.17316     19.07236  0.00656  57333.00707   2.59405  0.02945   58466.61608  47.28224   19.5216    57386.748    50.63379        43.7706   33.04959  57.12918   56.0     0.1105   -20.4324  0.99963 
  -33.19639  0.00736  3.15443     14.50968  1.87969  0.85439  17.31484  0.09223     0.30974  4641.08629   5224.47238  0.85467         4971.59634     19.72659   0.0296  57324.12961   2.22477  0.12742  166106.59166   46.3247  19.55998  57382.82509    50.67865       43.80322   27.20978  66.47549   56.0    0.10445  -20.15023  0.99418 
  -35.59883  0.00469  1.87995     14.31518  1.53775  1.24496  12.87814  0.16567     0.01059  5190.23555   5620.66252  0.63522         4797.75685     17.50015  0.00018  57321.72717   2.06945   0.0604   118204.0739  46.83481  19.56334  57385.22463    50.60521       43.74076   26.22436  65.91481   56.0    0.10712  -19.92093  0.99873 
  -19.85788  0.00141  2.60865     14.20259  1.24786  1.38971  18.35683  0.08484      0.0315  4732.84427    5595.2736  2.90777         4283.17809     18.02776  0.00059  57337.46812   2.45284  0.02581  310188.35554  46.04055  19.50023  57385.22463    50.64474       43.78359   24.24233  61.60376   56.0    0.11417  -20.44274   0.9985 
  -20.64344  0.00622  0.88906     14.86306  2.02246  0.60845   7.32877   0.2592     0.27336  4914.81679   6261.36944  1.57815          4398.9033     20.24519  0.09771  57336.68256   1.05602  0.04556    2788.97726  49.23142  19.53732  57382.82509    50.59002       43.69136   29.10055  68.91984   55.5    0.10971   -20.4679  0.99997 
  -21.53838  0.00331  1.01412     14.40267  1.48327  1.49802  27.55324  0.07574     0.04512  5256.39256     5660.894  1.25957          4628.0853     19.11964  0.00732  57335.78762   4.54125  0.09112   22176.10151    48.082   19.5546    57386.748    50.59244       43.71921   27.14178  64.99739   54.0    0.12814  -20.48779  0.99972 
  -22.95091  0.00262  2.16329     14.52348  1.64364  0.84847  12.59026  0.17658     0.10478  5599.04132   5175.35766  1.70281          4359.5298     16.90052    4e-05  57334.37509   2.35445  0.03295   64105.81374  47.00753  19.56825  57382.82509     50.6958        43.8085   26.75025  70.48856   55.0    0.11317  -20.43657  0.99918 
  -21.00892  0.00409  1.53668     14.55012  1.62196  0.88356  17.78735  0.13647     0.03847  5802.77693   5171.23242  2.11314         4232.66088     17.04285    6e-05  57336.31708   3.57281  0.07275   28234.51974  47.65494  19.54285    57386.748    50.68192       43.82105   27.73875  62.44001   55.5    0.08574    -20.486  0.99927 
  -15.56974   0.0057  2.43152     14.40209  1.34493  0.86441  16.59416  0.13694     0.19278  5965.60061   5203.95383  4.96905         3853.99965     17.86437  0.00041  57341.75626   3.52282  0.09452  115901.36368   46.5617  19.56901  57385.22463    50.58774        43.6998   41.16857  62.73305   56.0    0.10448  -20.41983  0.99584 
  -23.19384  0.01642  3.67514     14.35533  1.63891  1.19398   9.82543  0.14255     0.11716  4977.56497   5177.16219  2.03693         4223.34314     19.23004  0.00944  57334.13216   1.45215  0.16134  400182.74189  45.75059  19.54992  57382.82509    50.73419       43.84159   29.40612  66.65387   54.0    0.11749  -20.45621   0.9877 
  -19.35871  0.00364  2.06275     14.49789  1.78578  1.47278  28.57203   0.0694     0.39213  5346.71632   5552.15216  2.30171         4266.15569     18.17884  0.00084  57337.96729   4.87239  0.10411   71243.80467  47.03903  19.58055  57385.22463    50.52815       43.66029   21.56449  69.93136   55.0    0.10259  -20.42396  0.99809 
  -31.26375  0.00378  3.60275     14.33339  1.75378   1.5007  16.13557  0.08985     0.01298  4466.98987   5254.02953  1.54771         4454.30241     16.49352    2e-05  57326.06225   1.92062  0.06106  455286.58661  45.74127  19.53323  57385.22463     50.7152       43.85665    25.4853  64.69346   56.0    0.11261  -20.24275  0.99593 
  -31.11582  0.01706  2.09491     14.18213  1.17548  1.03983   14.5074  0.09752     0.07466  4362.78999   5666.07494   1.1987         4842.06621     17.11171    7e-05  57326.21018    1.6472  0.24745   207063.4094  46.38063  19.56408    57386.748    50.55551       43.68639   27.44571  64.69346   58.0    0.11147   -20.1913  0.99004 
  -29.08125  0.02054   2.1848     14.37697  1.64482  1.36543   8.02649  0.17636     0.08448  4198.26619   6165.60595  1.16197         4935.13024     19.57191  0.02073  57328.24475    0.8439  0.16486  128472.49837  46.69733  19.56501    57386.748    50.64925       43.77551    25.4853  65.68557   57.5    0.10447  -20.18254  0.99577 
  -23.16434  0.00656  0.87698     14.58456  1.85394  1.40837  23.92531  0.09307     0.13962  5352.98583    5716.0984  1.29246          4475.3431     16.36944    1e-05  57334.16166   4.08956  0.15702    8969.46167  48.69819  19.59286     57386.75    50.60358        43.7375    25.4853  62.73305   55.0    0.11082  -20.36442  0.99986 
  -10.57316  0.00106  1.56468     14.59263  1.62877  0.99004  11.96992  0.15151     0.01199  4727.75042   5707.83536  4.74545         4088.96089     17.37663  0.00013  57346.75284   1.59598  0.01268   24169.35012  47.70859  19.56154  57385.22463    50.60396       43.72295   25.51351   67.8415   59.0    0.08653  -20.42494  0.99989 
  -26.07461  0.03148  1.70333     14.49202  1.85291  1.45521  11.15649  0.28041     0.01234   6475.4488   5256.96326  1.40866         3957.48083     17.09155    7e-05  57331.25139   2.79058   0.3512   51788.18821  47.35987  19.56746  57385.22463     50.6055       43.72357   31.39473  63.06618   52.5    0.09769  -20.27534   0.9962 
  -30.37164  0.00673  0.84444     14.47301  1.36243  0.77567  16.28167  0.12682     0.01122  5099.46435   5803.59588  0.67589          5106.8316     16.67223    3e-05  57326.95436   2.52566  0.10961   10215.30922  48.54077  19.59285    57387.335    50.71803        43.8324   33.32693  64.27915   57.0    0.11281  -19.82364  0.99975 
  -31.06233  0.00509  1.84379     14.45895  1.63162  0.94597  19.85509  0.09857     0.03774  4836.24843   5282.22514  1.08454         4749.39238      19.2541  0.00997  57326.26367   2.77023  0.10101   62223.83052  47.15609  19.57387    57387.335    50.69823       43.80915   43.12897  62.73305   58.5    0.10048   -20.0259  0.99821 
  -23.83309  0.01367  2.69331     14.42923    1.459  0.81255  10.43438  0.19013     0.10061  5269.89554   5143.06424  3.04349         4049.41724     16.55854    2e-05  57333.49291   1.72861  0.14268  136138.77351  46.43835   19.5157    57386.748    50.60369       43.75565   27.80361  60.98529   57.5    0.11268  -20.43749  0.99311 
  -22.43302  0.00688  1.23804     14.46138  1.63596  1.31382   8.49648  0.25112     0.21756   5206.3724   5681.62305  1.37388         4508.78326       17.567   0.0002  57334.89298   1.37384  0.05846   27816.03743  47.85285  19.54635  57385.22463    50.69146       43.83347   25.24937  62.96898   56.0    0.11215  -20.51946   0.9997 
   -31.2037  0.00287  1.28196     14.52529   1.9301   1.5248  28.62744  0.08621     0.22912  5302.56885    4919.3174   0.9783         4504.08504     16.32892    1e-05   57326.1223   4.80156  0.08226   26216.33036   47.9201  19.57554    57386.748    50.74742       43.87528   24.25679  67.88238   58.5    0.10138  -19.79262  0.99966 
  -13.39235  0.00424  0.92807     14.50659  1.56555  1.43325  25.05128  0.07905     0.02063  5265.73601   5342.33336  3.07938         4149.55526     19.93957  0.04834  57343.93365   4.14358   0.1063   12146.94054  48.44389  19.56811    57387.375    50.66898        43.8178   27.73875  64.40042   55.0    0.10389  -21.00154  0.99984 
  -30.82079  0.01621  2.92141     14.30949  1.58325  1.20492   6.77263  0.23877     0.01722  4752.29928   5628.69709  1.09409         4615.12124     18.18869  0.00086  57326.50521   0.91241  0.10976  301692.28811  46.05765  19.56543  57382.82509    50.54455       43.67121    25.4853  66.65387   54.0    0.10807  -20.22462  0.99442 
  -22.38711  0.03029  2.06421     14.43479  1.59148  1.23732   9.02241  0.15038     0.16417  4065.40373   5677.63533  1.96345         4533.54473     17.33537  0.00012  57334.93889   0.88952  0.27332   85023.50319   46.9116  19.57807  57385.22463     50.7788       43.91478    26.2172  67.88238   57.0    0.11415  -20.41476  0.99375 
  -18.63181  0.00163  0.75529     14.55613  1.75071  1.25584  12.64291  0.26602     0.01102  6126.01337   5007.19485  2.51981         3997.17783     18.72565  0.00295  57338.69419   2.83028  0.02063    7161.41781  48.90084  19.56644    57386.748    50.55217       43.70319   25.17974  64.99903   55.5    0.10416  -20.38637  0.99999 
  -14.17979  0.02053  0.98282     14.59879  1.73182  1.29004   9.17212  0.22158      0.2281  5186.58511   5359.84993  3.37062         4193.45128     19.38523  0.01349  57343.14621   1.47184  0.18828    9855.78991  48.52871  19.50514  57385.22463    50.55452       43.71361   27.14014  63.03862   57.0    0.12087  -20.40106  0.99975 
   -14.7451  0.00956  2.32961     14.71416  1.99146    0.867  12.47062  0.15263     0.01374  4881.41289   5420.22848  3.90844         4160.71114     16.80254    4e-05   57342.5809   1.77258  0.11922   37431.86426  47.26021  19.46569  57382.82509    50.59298       43.72748   31.12186  62.97772   56.0    0.11278  -20.39968  0.99766 
   -20.7725  0.00412  0.90826     14.62173  1.85186   1.2039  18.23258  0.07747     0.01499  4123.48126   6671.19955  1.48017         4801.40263     18.97396  0.00523   57336.5535   1.84928  0.07507    8098.02197  48.71165  19.53108    57386.748    50.65667       43.79654   26.23297  61.57108   53.5    0.13115  -20.30923  0.99993 
  -34.90451  0.01611  1.92215     14.47898  1.79407  1.10336  22.29824   0.0944     0.03766  5241.48051   5113.92654  0.74356         4496.89194     19.32043  0.01162  57322.42149   3.65431  0.35922   67807.13458  47.12384  19.46921  57382.82509    50.70042       43.84008   27.44571  62.73305   61.5    0.10562  -19.87786  0.99411 
  -35.33808   0.0307  3.41035     14.35039  1.67212  0.99504   6.48081  0.32955     0.02017  5182.36082   4935.44327  1.69524         4051.84735     19.43014  0.01496  57321.98792   1.03827  0.19897  359669.52158  45.87061  19.54226  57385.22463    50.69823       43.84239    25.4853  60.77264   55.0    0.09977  -20.13892  0.98732 
   -41.9064  0.04553  1.60092     14.38191  1.67767  1.08633   7.12032  0.28191      0.0652  4813.67148   5104.33659   0.5989         4809.10526     20.23847  0.09621   57315.4196   0.98419  0.32421   68776.20568  47.24738  19.62126    57386.748    50.58336       43.69882   35.28734  62.73305   63.5    0.10013  -19.82739  0.99592 
  -24.57852   0.0022  2.76227     14.42598  1.67684  1.08378  12.67211  0.16186     0.19721  5461.45434   5243.37036  1.79085         4214.27705     18.71566  0.00289  57332.74748   2.25472  0.02787   167059.2548  46.38793  19.54714    57387.375    50.69351       43.85785   27.44571  58.81224   55.5    0.11345  -20.42081  0.99885 
  -26.60365  0.00258  3.46862     14.33869  1.65338  1.20396   6.85474  0.21784     0.01895  4582.98528   5379.40583  1.79182         4435.60231      16.7296    3e-05  57330.72235   0.85885  0.01769  388266.06809  45.81777  19.53009  57382.82509    50.67255       43.76611   39.92559  65.93643   56.0    0.10805  -20.39993   0.9988 
  -24.93285  0.01526  1.42561      14.4193  1.62773  1.45962   8.31481  0.26408     0.01484  5472.08768   5938.84033  0.99256         4739.34841     19.58333  0.02128  57332.39315    1.4852  0.12688   44545.23184  47.52362   19.5369  57380.42555    50.67699        43.8143   29.17019  62.96898   52.5    0.11296  -20.49049  0.99893 
  -26.08807  0.01298  2.57432     14.51946  1.76841  1.04883  32.33532   0.0483     0.07654  4725.66838   5433.67041  1.59584         4561.71643     18.38221  0.00134  57331.23793   4.30755  0.41974   99497.08566  46.69729  19.49078  57385.22463    50.60022       43.74253   23.24755   60.0817   57.5    0.11151  -20.33877  0.98668 
  -29.42743  0.00189  1.07703         14.5  1.75389  1.23633  15.14371  0.16774     0.21336  5605.58561   5371.34587  0.78641         4496.77977     18.32261  0.00117  57327.89857   2.83858  0.02856    18891.9735  48.17212  19.53312  57385.22463      50.702       43.84238   25.24937  62.96898   58.5    0.10626  -19.85286  0.99992 
  -25.37421  0.00318  1.92481     14.51903  2.02924  1.46817   12.9243  0.26063     0.01559  7176.31351   5003.05045  3.28089         2542.91506     18.49798  0.00175  57331.95179   3.97043  0.04106   63952.58119  47.20155  19.49624    57387.375     50.5777       43.74182   27.44571  57.71649   51.0     0.0945  -20.39058  0.99946 
  -28.55782  0.00107  1.40628     14.55371  1.78742  0.99817  32.13783  0.04902     0.03893  4120.88516     5776.644  1.25885         4868.72273     19.19262  0.00866  57328.76818   3.25555  0.03447   25630.66894  47.81617  19.62229  57387.62417    50.64564       43.76228   34.06599  66.24101   56.0    0.10203  -20.00514  0.99977 
   -22.1779  0.00846  1.34636      14.4838  1.16108  0.60644  36.62613  0.04337     0.06366  4307.14096   5485.80339  2.55934         4370.31545      17.8279  0.00037   57335.1481   4.05318  0.30991   21057.16381  47.75199  19.57174  57385.22463    50.64021       43.75222   26.23297  68.22794   59.5    0.11493   -20.4215  0.99581 
  -15.55019  0.00197  1.20706      14.5436  1.53209  0.96451  38.63247  0.04785     0.11502  4914.10513     5388.744   2.3141         4402.44717      18.6758  0.00263  57341.77581   5.56504  0.07618   16957.48823  48.06131  19.57876  57387.62417    50.63795       43.77882   23.52489  66.65387   55.5    0.13009  -20.46482  0.99965 
  -16.35375  0.00265  1.51644     14.61462  1.79816  0.96841  31.26419  0.09463     0.47408   6460.8756   5008.96771  3.91727         3909.78514     17.18591    9e-05  57340.97225   7.78497  0.08281   22649.25207  47.80697  19.56913  57387.62417    50.68337       43.83591   23.52489  64.69346   57.0    0.08101  -20.40354   0.9994 
  -19.27092  0.00353  1.51248     14.89084  2.17817  0.64071  38.35999  0.04628     0.03839  4813.09181   5696.16679   1.9419         4464.36895      19.8527  0.03958  57338.05508   5.30095  0.13529     7649.0242  48.36395  19.52964  57385.22463      50.639       43.78768   24.24233  63.19444   55.0    0.08177  -20.41314  0.99941 
