                MJD               R_low               R_med              R_high               T_low               T_med              T_high                   L_low                   L_med                  L_high 
          57039.921                 0.0                 0.0                 0.0                 nan                 nan                 nan   7.889022503995836e+31  3.4680646793148616e+32  3.3046086534656296e+33 
  57042.65468671679                 0.0                 0.0                 0.0                 nan                 nan                 nan   7.889022503995836e+31  3.4680646793148616e+32  3.3046086534656296e+33 
  57045.38837343358                 0.0                 0.0                 0.0                 nan                 nan                 nan   7.889022503995836e+31  3.4680646793148616e+32  3.3046086534656296e+33 
  57048.12206015038                 0.0                 0.0                 0.0                 nan                 nan                 nan   7.889022503995836e+31  3.4680646793148616e+32  3.3046086534656296e+33 
  57050.85574686717                 0.0                 0.0                 0.0                 nan                 nan                 nan   7.889022503995836e+31  3.4680646793148616e+32  3.3046086534656296e+33 
  57053.58943358396                 0.0                 0.0                 0.0                 nan                 nan                 nan   7.889022503995836e+31  3.4680646793148616e+32  3.3046086534656296e+33 
  57056.32312030075                 0.0                 0.0                 0.0                 nan                 nan                 nan   7.889022503995836e+31  3.4680646793148616e+32  3.3046086534656296e+33 
  57059.05680701754                 0.0                 0.0                 0.0                 nan                 nan                 nan   7.889022503995836e+31  3.4680646793148616e+32  3.3046086534656296e+33 
  57061.79049373434                 0.0                 0.0                 0.0                 nan                 nan                 nan   7.889022503995836e+31  3.4680646793148616e+32  3.3046086534656296e+33 
  57064.52418045113                 0.0                 0.0                 0.0                 nan                 nan                 nan   7.889022503995836e+31  3.4680646793148616e+32  3.3046086534656296e+33 
  57067.25786716792                 0.0                 0.0                 0.0                 nan                 nan                 nan   7.889022503995836e+31  3.4680646793148616e+32  3.3046086534656296e+33 
  57069.99155388471                 0.0                 0.0                 0.0                 nan                 nan                 nan   7.889022503995836e+31  3.4680646793148616e+32  3.3046086534656296e+33 
   57072.7252406015                 0.0                 0.0                 0.0                 nan                 nan                 nan   7.889022503995836e+31  3.4680646793148616e+32  3.3046086534656296e+33 
   57075.4589273183                 0.0                 0.0                 0.0                 nan                 nan                 nan   7.889022503995836e+31  3.4680646793148616e+32  3.3046086534656296e+33 
  57078.19261403509                 0.0                 0.0                 0.0                 nan                 nan                 nan   7.889022503995836e+31  3.4680646793148616e+32  3.3046086534656296e+33 
  57080.92630075188                 0.0                 0.0                 0.0                 nan                 nan                 nan   7.889022503995836e+31  3.4680646793148616e+32  3.3046086534656296e+33 
  57083.65998746867                 0.0                 0.0                 0.0                 nan                 nan                 nan   7.889022503995836e+31  3.4680646793148616e+32  3.3046086534656296e+33 
  57086.39367418546                 0.0                 0.0                 0.0                 nan                 nan                 nan   7.889022503995836e+31  3.4680646793148616e+32  3.3046086534656296e+33 
  57089.12736090226                 0.0                 0.0                 0.0                 nan                 nan                 nan   7.889022503995836e+31  3.4680646793148616e+32  3.3046086534656296e+33 
  57091.86104761905                 0.0                 0.0                 0.0                 nan                 nan                 nan   7.889022503995836e+31  3.4680646793148616e+32  3.3046086534656296e+33 
  57094.59473433584                 0.0                 0.0                 0.0                 nan                 nan                 nan   7.889022503995836e+31  3.4680646793148616e+32  3.3046086534656296e+33 
  57097.32842105263                 0.0                 0.0                 0.0                 nan                 nan                 nan   7.889022503995836e+31  3.4680646793148616e+32  3.3046086534656296e+33 
  57100.06210776942                 0.0                 0.0                 0.0                 nan                 nan                 nan   7.889022503995836e+31  3.4680646793148616e+32  3.3046086534656296e+33 
 57102.795794486214                 0.0                 0.0                 0.0                 nan                 nan                 nan   7.889022503995836e+31  3.4680646793148616e+32  3.3046086534656296e+33 
  57105.52948120301                 0.0                 0.0                 0.0                 nan                 nan                 nan   7.889022503995836e+31  3.4680646793148616e+32  3.3046086534656296e+33 
   57108.2631679198                 0.0                 0.0                 0.0                 nan                 nan                 nan   7.889022503995836e+31  3.4680646793148616e+32  3.3046086534656296e+33 
  57110.99685463659                 0.0                 0.0                 0.0                 nan                 nan                 nan   7.889022503995836e+31  3.4680646793148616e+32  3.3046086534656296e+33 
  57113.73054135338                 0.0                 0.0                 0.0                 nan                 nan                 nan   7.889022503995836e+31  3.4680646793148616e+32  3.3046086534656296e+33 
 57116.464228070174                 0.0                 0.0                 0.0                 nan                 nan                 nan   7.889022503995836e+31  3.4680646793148616e+32  3.3046086534656296e+33 
  57119.19791478697                 0.0                 0.0                 0.0                 nan                 nan                 nan   7.889022503995836e+31  3.4680646793148616e+32  3.3046086534656296e+33 
  57121.93160150376                 0.0                 0.0                 0.0                 nan                 nan                 nan   7.889022503995836e+31  3.4680646793148616e+32  3.3046086534656296e+33 
  57124.66528822055                 0.0                 0.0                 0.0                 nan                 nan                 nan   7.889022503995836e+31  3.4680646793148616e+32  3.3046086534656296e+33 
  57127.39897493734                 0.0                 0.0                 0.0                 nan                 nan                 nan   7.889022503995836e+31  3.4680646793148616e+32  3.3046086534656296e+33 
 57130.132661654134                 0.0                 0.0                 0.0                 nan                 nan                 nan   7.889022503995836e+31  3.4680646793148616e+32  3.3046086534656296e+33 
  57132.86634837093                 0.0                 0.0                 0.0                 nan                 nan                 nan   7.889022503995836e+31  3.4680646793148616e+32  3.3046086534656296e+33 
  57135.60003508772                 0.0                 0.0                 0.0                 nan                 nan                 nan   7.889022503995836e+31  3.4680646793148616e+32  3.3046086534656296e+33 
  57138.33372180451                 0.0                 0.0                 0.0                 nan                 nan                 nan   7.889022503995836e+31  3.4680646793148616e+32  3.3046086534656296e+33 
   57141.0674085213                 0.0                 0.0                 0.0                 nan                 nan                 nan   7.889022503995836e+31  3.4680646793148616e+32  3.3046086534656296e+33 
 57143.801095238094                 0.0                 0.0                 0.0                 nan                 nan                 nan   7.889022503995836e+31  3.4680646793148616e+32  3.3046086534656296e+33 
  57146.53478195489                 0.0                 0.0                 0.0                 nan                 nan                 nan   7.889022503995836e+31  3.4680646793148616e+32  3.3046086534656296e+33 
  57149.26846867168                 0.0                 0.0                 0.0                 nan                 nan                 nan   7.889022503995836e+31  3.4680646793148616e+32  3.3046086534656296e+33 
  57152.00215538847                 0.0                 0.0                 0.0                 nan                 nan                 nan   7.889022503995836e+31  3.4680646793148616e+32  3.3046086534656296e+33 
  57154.73584210526                 0.0                 0.0                 0.0                 nan                 nan                 nan   7.889022503995836e+31  3.4680646793148616e+32  3.3046086534656296e+33 
 57157.469528822054                 0.0                 0.0                 0.0                 nan                 nan                 nan   7.889022503995836e+31  3.4680646793148616e+32  3.3046086534656296e+33 
  57160.20321553885                 0.0                 0.0                 0.0                 nan                 nan                 nan   7.889022503995836e+31  3.4680646793148616e+32  3.3046086534656296e+33 
  57162.93690225564                 0.0                 0.0                 0.0                 nan                 nan                 nan   7.889022503995836e+31  3.4680646793148616e+32  3.3046086534656296e+33 
  57165.67058897243                 0.0                 0.0                 0.0                 nan                 nan                 nan   7.889022503995836e+31  3.4680646793148616e+32  3.3046086534656296e+33 
  57168.40427568922                 0.0                 0.0                 0.0                 nan                 nan                 nan   7.889022503995836e+31  3.4680646793148616e+32  3.3046086534656296e+33 
 57171.137962406014                 0.0                 0.0                 0.0                 nan                 nan                 nan   7.889022503995836e+31  3.4680646793148616e+32  3.3046086534656296e+33 
  57173.87164912281                 0.0                 0.0                 0.0                 nan                 nan                 nan   7.889022503995836e+31  3.4680646793148616e+32  3.3046086534656296e+33 
   57176.6053358396                 0.0                 0.0                 0.0                 nan                 nan                 nan   7.889022503995836e+31  3.4680646793148616e+32  3.3046086534656296e+33 
  57179.33902255639                 0.0                 0.0                 0.0                 nan                 nan                 nan   7.889022503995836e+31  3.4680646793148616e+32  3.3046086534656296e+33 
  57182.07270927318                 0.0                 0.0                 0.0                 nan                 nan                 nan   7.889022503995836e+31  3.4680646793148616e+32  3.3046086534656296e+33 
 57184.806395989974                 0.0                 0.0                 0.0                 nan                 nan                 nan   7.889022503995836e+31  3.4680646793148616e+32  3.3046086534656296e+33 
  57187.54008270677                 0.0                 0.0                 0.0                 nan                 nan                 nan   7.889022503995836e+31  3.4680646793148616e+32  3.3046086534656296e+33 
  57190.27376942356                 0.0                 0.0                 0.0                 nan                 nan                 nan   7.889022503995836e+31  3.4680646793148616e+32  3.3046086534656296e+33 
  57193.00745614035                 0.0                 0.0                 0.0                 nan                 nan                 nan   7.889022503995836e+31  3.4680646793148616e+32  3.3046086534656296e+33 
  57195.74114285714                 0.0                 0.0                 0.0                 nan                 nan                 nan   7.889022503995836e+31  3.4680646793148616e+32  3.3046086534656296e+33 
 57198.474829573934                 0.0                 0.0                 0.0                 nan                 nan                 nan   7.889022503995836e+31  3.4680646793148616e+32  3.3046086534656296e+33 
  57201.20851629073                 0.0                 0.0                 0.0                 nan                 nan                 nan   7.889022503995836e+31  3.4680646793148616e+32  3.3046086534656296e+33 
  57203.94220300752                 0.0                 0.0                 0.0                 nan                 nan                 nan   7.889022503995836e+31  3.4680646793148616e+32  3.3046086534656296e+33 
  57206.67588972431                 0.0                 0.0                 0.0                 nan                 nan                 nan   7.889022503995836e+31  3.4680646793148616e+32  3.3046086534656296e+33 
   57209.4095764411                 0.0                 0.0                 0.0                 nan                 nan                 nan   7.889022503995836e+31  3.4680646793148616e+32  3.3046086534656296e+33 
 57212.143263157894                 0.0                 0.0                 0.0                 nan                 nan                 nan   7.889022503995836e+31  3.4680646793148616e+32  3.3046086534656296e+33 
  57214.87694987469                 0.0                 0.0                 0.0                 nan                 nan                 nan   7.889022503995836e+31  3.4680646793148616e+32  3.3046086534656296e+33 
  57217.61063659148                 0.0                 0.0                 0.0                 nan                 nan                 nan   7.889022503995836e+31  3.4680646793148616e+32  3.3046086534656296e+33 
  57220.34432330827                 0.0                 0.0                 0.0                 nan                 nan                 nan   7.889022503995836e+31  3.4680646793148616e+32  3.3046086534656296e+33 
  57223.07801002506                 0.0                 0.0                 0.0                 nan                 nan                 nan   7.889022503995836e+31  3.4680646793148616e+32  3.3046086534656296e+33 
 57225.811696741854                 0.0                 0.0                 0.0                 nan                 nan                 nan   7.889022503995836e+31  3.4680646793148616e+32  3.3046086534656296e+33 
 57228.545383458644                 0.0                 0.0                 0.0                 nan                 nan                 nan   7.889022503995836e+31  3.4680646793148616e+32  3.3046086534656296e+33 
  57231.27907017544                 0.0                 0.0                 0.0                 nan                 nan                 nan   7.889022503995836e+31  3.4680646793148616e+32  3.3046086534656296e+33 
  57234.01275689223                 0.0                 0.0                 0.0                 nan                 nan                 nan   7.889022503995836e+31  3.4680646793148616e+32  3.3046086534656296e+33 
  57236.74644360902                 0.0                 0.0                 0.0                 nan                 nan                 nan   7.889022503995836e+31  3.4680646793148616e+32  3.3046086534656296e+33 
 57239.480130325814                 0.0                 0.0                 0.0                 nan                 nan                 nan   7.889022503995836e+31  3.4680646793148616e+32  3.3046086534656296e+33 
 57242.213817042604                 0.0                 0.0                 0.0                 nan                 nan                 nan   7.889022503995836e+31  3.4680646793148616e+32  3.3046086534656296e+33 
   57244.9475037594                 0.0                 0.0                 0.0                 nan                 nan                 nan   7.889022503995836e+31  3.4680646793148616e+32  3.3046086534656296e+33 
  57247.68119047619                 0.0                 0.0                 0.0                 nan                 nan                 nan   7.889022503995836e+31  3.4680646793148616e+32  3.3046086534656296e+33 
  57250.41487719298                 0.0                 0.0                 0.0                 nan                 nan                 nan   7.889022503995836e+31  3.4680646793148616e+32  3.3046086534656296e+33 
 57253.148563909774                 0.0                 0.0                 0.0                 nan                 nan                 nan   7.889022503995836e+31  3.4680646793148616e+32  3.3046086534656296e+33 
 57255.882250626564                 0.0                 0.0                 0.0                 nan                 nan                 nan   7.889022503995836e+31  3.4680646793148616e+32  3.3046086534656296e+33 
  57258.61593734336                 0.0                 0.0                 0.0                 nan                 nan                 nan   7.889022503995836e+31  3.4680646793148616e+32  3.3046086534656296e+33 
  57261.34962406015                 0.0                 0.0                 0.0                 nan                 nan                 nan   7.889022503995836e+31  3.4680646793148616e+32  3.3046086534656296e+33 
  57264.08331077694                 0.0                 0.0                 0.0                 nan                 nan                 nan   7.889022503995836e+31  3.4680646793148616e+32  3.3046086534656296e+33 
 57266.816997493734                 0.0                 0.0                 0.0                 nan                 nan                 nan   7.889022503995836e+31  3.4680646793148616e+32  3.3046086534656296e+33 
 57269.550684210524                 0.0                 0.0                 0.0                 nan                 nan                 nan   7.889022503995836e+31  3.4680646793148616e+32  3.3046086534656296e+33 
  57272.28437092732                 0.0                 0.0                 0.0                 nan                 nan                 nan   7.889022503995836e+31  3.4680646793148616e+32  3.3046086534656296e+33 
  57275.01805764411                 0.0                 0.0                 0.0                 nan                 nan                 nan   7.889022503995836e+31  3.4680646793148616e+32  3.3046086534656296e+33 
   57277.7517443609                 0.0                 0.0                 0.0                 nan                 nan                 nan   7.889022503995836e+31  3.4680646793148616e+32  3.3046086534656296e+33 
 57280.485431077694                 0.0                 0.0                 0.0                 nan                 nan                 nan   7.889022503995836e+31  3.4680646793148616e+32  3.3046086534656296e+33 
 57283.219117794484                 0.0                 0.0                 0.0                 nan                 nan                 nan   7.889022503995836e+31  3.4680646793148616e+32  3.3046086534656296e+33 
  57285.95280451128                 0.0                 0.0                 0.0                 nan                 nan                 nan   7.889022503995836e+31  3.4680646793148616e+32  3.3046086534656296e+33 
  57288.68649122807                 0.0                 0.0                 0.0                 nan                 nan                 nan   7.889022503995836e+31  3.4680646793148616e+32  3.3046086534656296e+33 
  57291.42017794486                 0.0                 0.0                 0.0                 nan                 nan                 nan   7.889022503995836e+31  3.4680646793148616e+32  3.3046086534656296e+33 
 57294.153864661654                 0.0                 0.0                 0.0                 nan                 nan                 nan   7.889022503995836e+31  3.4680646793148616e+32  3.3046086534656296e+33 
 57296.887551378444                 0.0                 0.0                 0.0                 nan                 nan                 nan   7.889022503995836e+31  3.4680646793148616e+32  3.3046086534656296e+33 
  57299.62123809524                 0.0                 0.0                 0.0                 nan                 nan                 nan   7.889022503995836e+31  3.4680646793148616e+32  3.3046086534656296e+33 
  57302.35492481203                 0.0                 0.0                 0.0                 nan                 nan                 nan   7.889022503995836e+31  3.4680646793148616e+32  3.3046086534656296e+33 
  57305.08861152882                 0.0                 0.0                 0.0                 nan                 nan                 nan   7.889022503995836e+31  3.4680646793148616e+32  3.3046086534656296e+33 
  57307.82229824561                 0.0                 0.0                 0.0                 nan                 nan                 nan   7.889022503995836e+31  3.4680646793148616e+32  3.3046086534656296e+33 
 57310.555984962404                 0.0                 0.0                 0.0                 nan                 nan                 nan   7.889022503995836e+31  3.4680646793148616e+32  3.3046086534656296e+33 
   57313.2896716792                 0.0                 0.0                 0.0                 nan                 nan                 nan   7.889022503995836e+31  3.4680646793148616e+32  3.3046086534656296e+33 
  57316.02335839599                 0.0                 0.0                 0.0                 nan                 nan                 nan   7.889022503995836e+31  3.4680646793148616e+32  3.3046086534656296e+33 
  57318.75704511278                 0.0                 0.0                 0.0                 nan                 nan                 nan   7.889022503995836e+31  3.4680646793148616e+32  3.3046086534656296e+33 
  57321.49073182957                 0.0                 0.0                 0.0                 nan                 nan                 nan   7.889022503995836e+31  3.4680646793148616e+32  3.3046086534656296e+33 
 57324.224418546364                 0.0                 0.0                 0.0                 nan                 nan                 nan   7.889022503995836e+31  3.4680646793148616e+32  3.3046086534656296e+33 
  57326.95810526316                 0.0                 0.0                 0.0                 nan                 nan                 nan   7.889022503995836e+31  3.4680646793148616e+32  3.3046086534656296e+33 
  57329.69179197995                 0.0                 0.0                 0.0                 nan                 nan                 nan   7.889022503995836e+31  3.4680646793148616e+32  3.3046086534656296e+33 
  57332.42547869674                 0.0                 0.0                 0.0                 nan                 nan                 nan   7.889022503995836e+31  3.4680646793148616e+32  3.3046086534656296e+33 
  57335.15916541353                 0.0                 0.0                 0.0                 nan                 nan                 nan   7.889022503995836e+31  3.4680646793148616e+32  3.3046086534656296e+33 
 57337.892852130324                 0.0                 0.0                 0.0                 nan                 nan                 nan   7.889022503995836e+31  3.4680646793148616e+32  3.3046086534656296e+33 
  57340.62653884712                 0.0                 0.0                 0.0                 nan                 nan                 nan   7.889022503995836e+31  3.4680646793148616e+32  3.3046086534656296e+33 
  57343.36022556391                 0.0                 0.0                 0.0                 nan                 nan                 nan   7.889022503995836e+31  3.4680646793148616e+32  3.3046086534656296e+33 
   57346.0939122807                 0.0                 0.0                 0.0                 nan                 nan                 nan   7.889022503995836e+31  3.4680646793148616e+32  3.3046086534656296e+33 
  57348.82759899749                 0.0                 0.0                 0.0                 nan                 nan                 nan   7.889022503995836e+31  3.4680646793148616e+32  3.3046086534656296e+33 
 57351.561285714284                 0.0                 0.0                 0.0                 nan                 nan                 nan   7.889022503995836e+31  3.4680646793148616e+32  3.3046086534656296e+33 
 57354.294972431075                 0.0                 0.0                 0.0                 nan                 nan                 nan   7.889022503995836e+31  3.4680646793148616e+32  3.3046086534656296e+33 
  57357.02865914787                 0.0                 0.0                 0.0                 nan                 nan                 nan   7.889022503995836e+31  3.4680646793148616e+32  3.3046086534656296e+33 
  57359.76234586466                 0.0                 0.0                 0.0                 nan                 nan                 nan   7.889022503995836e+31  3.4680646793148616e+32  3.3046086534656296e+33 
  57362.49603258145                 0.0                 0.0                 0.0                 nan                 nan                 nan   7.889022503995836e+31  3.4680646793148616e+32  3.3046086534656296e+33 
 57365.229719298244                 0.0                 0.0                 0.0                 nan                 nan                 nan   7.889022503995836e+31  3.4680646793148616e+32  3.3046086534656296e+33 
 57367.963406015035                 0.0                 0.0                 0.0                 nan                 nan                 nan   7.889022503995836e+31  3.4680646793148616e+32  3.3046086534656296e+33 
  57370.69709273183                 0.0                 0.0                 0.0                 nan                 nan                 nan   7.889022503995836e+31  3.4680646793148616e+32  3.3046086534656296e+33 
  57373.43077944862                 0.0                 0.0                 0.0                 nan                 nan                 nan   7.889022503995836e+31  3.4680646793148616e+32  3.3046086534656296e+33 
  57376.16446616541                 0.0                 0.0                 0.0                 nan                 nan                 nan   7.889022503995836e+31  3.4680646793148616e+32  3.3046086534656296e+33 
 57378.898152882204                 0.0                 0.0                 0.0                 nan                 nan                 nan   7.889022503995836e+31  3.4680646793148616e+32  3.3046086534656296e+33 
 57381.631839598995                 0.0                 0.0                 0.0                 nan                 nan                 nan   7.889022503995836e+31  3.4680646793148616e+32  3.3046086534656296e+33 
  57384.36552631579                 0.0                 0.0                 0.0                 nan                 nan                 nan   7.889022503995836e+31  3.4680646793148616e+32  3.3046086534656296e+33 
  57387.09921303258                 0.0                 0.0                 0.0                 nan                 nan                 nan   7.889022503995836e+31  3.4680646793148616e+32  3.3046086534656296e+33 
  57389.83289974937                 0.0                 0.0                 0.0                 nan                 nan                 nan   7.889022503995836e+31  3.4680646793148616e+32  3.3046086534656296e+33 
 57392.566586466164                 0.0                 0.0                 0.0                 nan                 nan                 nan   7.889022503995836e+31  3.4680646793148616e+32  3.3046086534656296e+33 
 57395.300273182955                 0.0                 0.0                 0.0                 nan                 nan                 nan   7.889022503995836e+31  3.4680646793148616e+32  3.3046086534656296e+33 
  57398.03395989975                 0.0                 0.0                 0.0                 nan                 nan                 nan   7.889022503995836e+31  3.4680646793148616e+32  3.3046086534656296e+33 
  57400.76764661654                 0.0                 0.0                 0.0                 nan                 nan                 nan   7.889022503995836e+31  3.4680646793148616e+32  3.3046086534656296e+33 
  57403.50133333333                 0.0                 0.0                 0.0                 nan                 nan                 nan   7.889022503995836e+31  3.4680646793148616e+32  3.3046086534656296e+33 
 57406.235020050124                 0.0                 0.0                 0.0                 nan                 nan                 nan   7.889022503995836e+31  3.4680646793148616e+32  3.3046086534656296e+33 
 57408.968706766915                 0.0                 0.0                 0.0                 nan                 nan                 nan   7.889022503995836e+31  3.4680646793148616e+32  3.3046086534656296e+33 
  57411.70239348371                 0.0                 0.0                 0.0                 nan                 nan                 nan   7.889022503995836e+31  3.4680646793148616e+32  3.3046086534656296e+33 
   57414.4360802005                 0.0                 0.0                 0.0                 nan                 nan                 nan   7.889022503995836e+31  3.4680646793148616e+32  3.3046086534656296e+33 
  57417.16976691729                 0.0                 0.0                 0.0                 nan                 nan                 nan   7.889022503995836e+31  3.4680646793148616e+32  3.3046086534656296e+33 
 57419.903453634084                 0.0                 0.0                 0.0                 nan                 nan                 nan   7.889022503995836e+31  3.4680646793148616e+32  3.3046086534656296e+33 
 57422.637140350875                 0.0                 0.0                 0.0                 nan                 nan                 nan   7.889022503995836e+31  3.4680646793148616e+32  3.3046086534656296e+33 
  57425.37082706767                 0.0                 0.0                 0.0                 nan                 nan                 nan   7.889022503995836e+31  3.4680646793148616e+32  3.3046086534656296e+33 
  57428.10451378446                 0.0                 0.0                 0.0                 nan                 nan                 nan   7.889022503995836e+31  3.4680646793148616e+32  3.3046086534656296e+33 
  57430.83820050125                 0.0                 0.0                 0.0                 nan                 nan                 nan   7.889022503995836e+31  3.4680646793148616e+32  3.3046086534656296e+33 
 57433.571887218044                 0.0                 0.0                 0.0                 nan                 nan                 nan   7.889022503995836e+31  3.4680646793148616e+32  3.3046086534656296e+33 
 57436.305573934835                 0.0                 0.0                 0.0                 nan                 nan                 nan   7.889022503995836e+31  3.4680646793148616e+32  3.3046086534656296e+33 
  57439.03926065163                 0.0                 0.0                 0.0                 nan                 nan                 nan   7.889022503995836e+31  3.4680646793148616e+32  3.3046086534656296e+33 
  57441.77294736842                 0.0                 0.0                 0.0                 nan                 nan                 nan   7.889022503995836e+31  3.4680646793148616e+32  3.3046086534656296e+33 
  57444.50663408521                 0.0                 0.0                 0.0                 nan                 nan                 nan   7.889022503995836e+31  3.4680646793148616e+32  3.3046086534656296e+33 
 57447.240320802004                 0.0                 0.0                 0.0                 nan                 nan                 nan   7.889022503995836e+31  3.4680646793148616e+32  3.3046086534656296e+33 
 57449.974007518795                 0.0                 0.0                 0.0                 nan                 nan                 nan   7.889022503995836e+31  3.4680646793148616e+32  3.3046086534656296e+33 
  57452.70769423559                 0.0                 0.0                 0.0                 nan                 nan                 nan   7.889022503995836e+31  3.4680646793148616e+32  3.3046086534656296e+33 
  57455.44138095238                 0.0                 0.0                 0.0                 nan                 nan                 nan   7.889022503995836e+31  3.4680646793148616e+32  3.3046086534656296e+33 
  57458.17506766917                 0.0                 0.0                 0.0                 nan                 nan                 nan   7.889022503995836e+31  3.4680646793148616e+32  3.3046086534656296e+33 
 57460.908754385964                 0.0                 0.0                 0.0                 nan                 nan                 nan   7.889022503995836e+31  3.4680646793148616e+32  3.3046086534656296e+33 
 57463.642441102755                 0.0                 0.0                 0.0                 nan                 nan                 nan   7.889022503995836e+31  3.4680646793148616e+32  3.3046086534656296e+33 
 57466.376127819545                 0.0                 0.0                 0.0                 nan                 nan                 nan   7.889022503995836e+31  3.4680646793148616e+32  3.3046086534656296e+33 
  57469.10981453634                 0.0                 0.0                 0.0                 nan                 nan                 nan   7.889022503995836e+31  3.4680646793148616e+32  3.3046086534656296e+33 
  57471.84350125313                 0.0                 0.0                 0.0                 nan                 nan                 nan   7.889022503995836e+31  3.4680646793148616e+32  3.3046086534656296e+33 
 57474.577187969924                 0.0                 0.0                 0.0                 nan                 nan                 nan   7.889022503995836e+31  3.4680646793148616e+32  3.3046086534656296e+33 
 57477.310874686715                 0.0                 0.0                 0.0                 nan                 nan                 nan   7.889022503995836e+31  3.4680646793148616e+32  3.3046086534656296e+33 
 57480.044561403505                 0.0                 0.0                 0.0                 nan                 nan                 nan   7.889022503995836e+31  3.4680646793148616e+32  3.3046086534656296e+33 
   57482.7782481203                 0.0                 0.0                 0.0                 nan                 nan                 nan   7.889022503995836e+31  3.4680646793148616e+32  3.3046086534656296e+33 
  57485.51193483709                 0.0                 0.0                 0.0                 nan                 nan                 nan   7.889022503995836e+31  3.4680646793148616e+32  3.3046086534656296e+33 
 57488.245621553884                 0.0                 0.0                 0.0                 nan                 nan                 nan   7.889022503995836e+31  3.4680646793148616e+32  3.3046086534656296e+33 
 57490.979308270675                 0.0                 0.0                 0.0                 nan                 nan                 nan   7.889022503995836e+31  3.4680646793148616e+32  3.3046086534656296e+33 
 57493.712994987465                 0.0                 0.0                 0.0                 nan                 nan                 nan   7.889022503995836e+31  3.4680646793148616e+32  3.3685164126573397e+33 
  57496.44668170426                 0.0                 0.0                 0.0                 nan                 nan                 nan   7.889022503995836e+31  3.4680646793148616e+32  3.3685164126573397e+33 
  57499.18036842105                 0.0                 0.0                 0.0                 nan                 nan                 nan   7.889022503995836e+31  3.4680646793148616e+32  3.4778713741776876e+33 
 57501.914055137844                 0.0                 0.0                 0.0                 nan                 nan                 nan   7.889022503995836e+31  3.4680646793148616e+32  3.4778713741776876e+33 
 57504.647741854635                 0.0                 0.0                 0.0                 nan                 nan                 nan   7.889022503995836e+31   3.639722173127667e+32   3.533488466421951e+33 
 57507.381428571425                 0.0                 0.0                 0.0                 nan                 nan                 nan   7.889022503995836e+31   4.052963692031521e+32   5.701617479295556e+33 
  57510.11511528822                 0.0                 0.0  45294088752935.055   94570.17968947407                 nan                 nan   7.889022503995836e+31  4.8457230572797335e+32  1.1073465514098118e+44 
  57512.84880200501                 0.0                 0.0  149979059214965.53   63445.19640214977                 nan                 nan    8.55578486281331e+31   8.528112991328391e+32  3.3594780033482646e+44 
 57515.582488721804                 0.0                 0.0  246628910895762.62  52427.759910483044                 nan                 nan    8.55578486281331e+31  1.1906343440555854e+34   4.580569008712406e+44 
 57518.316175438595                 0.0  101658807089782.06   350386208154601.8   45139.27956166674   66556.25508379037                 nan  1.5762789451208993e+32  1.5882756592453556e+44   5.291650018053188e+44 
 57521.049862155385    21054616100680.2  216322447195928.34  448438835785471.94   39898.21534560823  53194.556544762454  104413.14068452039   6.752810566074066e+42  2.8116379463346367e+44    5.63467870340132e+44 
  57523.78354887218  128155093382021.08   317160601621879.6   565516761556833.0  36051.744547342234   45803.09429521737   61751.60668749077  1.2264641144417586e+44  3.4896222023412493e+44   5.768224975923629e+44 
  57526.51723558897   237239063513408.7  437818607195902.75   684421744916992.5   33049.17311760956  40710.131862968265  52254.854434835666   2.167186707265223e+44   3.942699163666242e+44   5.772258372872832e+44 
 57529.250922305764  348800410651131.56  543112117431579.06   801142379708089.6   30391.33358974541   36732.48232451228    45531.3955066726  2.5647040030012822e+44   4.119648527243114e+44   5.716905642967621e+44 
 57531.984609022555  463857364459968.06   654871242113164.5   929121499418670.2  28027.098989781935   33354.00980943023   40471.36902981215   2.689491923936208e+44   4.091970518264094e+44   5.538731485164605e+44 
 57534.718295739345   580239127280573.5   761332511080269.8  1033198394571482.1   25951.13760952295  30537.944703842775   36440.14943234477   2.608928915864083e+44   3.837910481925085e+44  5.2070640356021175e+44 
  57537.45198245614   685904988034683.4   873629873398093.0  1140371078823673.8   24029.07688025332   27979.43206713544   32833.32327154522   2.494761727808452e+44  3.5031693305771014e+44   4.754661091012781e+44 
          57539.921   775978882413551.0   975418497616389.5  1241100068138946.0  22373.362031094777  25968.134753091803  29932.932877664643   2.327589643891404e+44  3.1752295896721162e+44   4.163025674181381e+44 
          57539.964   777565723152821.4   977191231411681.4  1242800527382950.8  22345.178108512646  25933.979417859544  29888.223796490278  2.3242076646583875e+44  3.1691396324784797e+44   4.152430450089797e+44 
  57540.18566917293   785746041159078.1   986329846161762.9  1251566559807246.8  22200.467761237516  25758.058036430793   29655.99054593509   2.308226300127149e+44  3.1375995400700275e+44   4.097976032902912e+44 
 57542.919355889724   893400391826097.8  1100157341136728.1  1371236613540585.5  20570.626568190768    23660.7081898548   26820.05599065567  2.1107596014992074e+44  2.7291748953148125e+44  3.4824036946424456e+44 
 57545.653042606515   995783600747015.4  1209362878504078.2  1491395030594114.5  19069.326649397844  21702.229679927786   24330.60649369709  1.8571368670119887e+44  2.3369179433256144e+44   2.877948485272729e+44 
          57546.978  1045671322119616.5  1271962003167889.5  1547948951236331.8  18382.745738929818   20831.11736546561  23242.282534634818  1.7406639063039087e+44  2.1596101548553287e+44  2.6192706854482334e+44 
          57547.021  1047246097409490.2  1274095295409404.8  1549784345038008.0  18361.473877570566  20804.754397282486   23204.88070105682  1.7367507045877199e+44  2.1540252919620245e+44  2.6118986324931257e+44 
          57547.058  1048639153391595.9  1275930918965982.0  1551363637378920.5   18343.20204421559  20782.149396812594  23172.783936392763  1.7333800937349356e+44   2.149221383291904e+44   2.605575208504518e+44 
           57547.06  1048715057657700.6  1276030141860961.5  1551449004532508.5   18342.21435130925   20780.92747963751   23171.05051497316  1.7331977681153267e+44  2.1489618951546015e+44   2.605233820584811e+44 
          57547.903  1080708705814383.1  1311757166310997.5  1587339604899279.2   17925.57059156221  20293.461209187248  22450.637026906625  1.6561150427498802e+44   2.040616443665154e+44  2.4527726167240934e+44 
          57547.905  1080784610080487.9  1311840691670791.0  1587424388748985.2  17924.637989290783   20292.33004295701    22449.2926042455  1.6559333126010278e+44  2.0403553660637667e+44    2.45235530279059e+44 
          57547.908  1080898466479783.1  1311965979710633.2  1587551564523698.0  17923.239074678695  20290.633861912393   22447.27596095762  1.6556606899932325e+44  2.0399637338689356e+44   2.451729324827729e+44 
 57548.386729323305  1099067265450127.8  1332324585838694.0  1607594802012259.5  17700.968555723226  20018.829240496125  22088.586594681852  1.6138465546491797e+44   1.978591327221672e+44   2.353731980980183e+44 
          57550.961  1199046943250275.8  1435941230450478.5  1711258282117228.2  16488.186157089014   18500.95297159438  20282.359057967627   1.387886745630364e+44  1.6705389100831723e+44   1.930783234117831e+44 
   57551.1204160401  1204634202929618.0  1441887592375061.0  1717677817425194.5  16412.772459477572  18406.747342503724   20180.48455782091  1.3756435076453394e+44  1.6533427485990055e+44   1.907416454134645e+44 
          57551.974  1235336682032851.2  1474551967030499.8  1755478289300473.8  16023.805501239432  17932.371707158134  19674.038147979216  1.3122320991105305e+44  1.5591986111668749e+44  1.7721234256394537e+44 
          57551.977  1235451828148917.0  1474670629133359.5  1755608480025041.8  16022.480090380612  17930.695119936354  19672.016395482973  1.3120108719165252e+44  1.5588873112824398e+44  1.7716736537580435e+44 
           57551.98  1235566974265261.8  1474789291236507.0  1755738670749925.0   16021.15473247669   17929.01854542402  19669.997298203314  1.3117896174875988e+44     1.5585760135048e+44   1.771223899264043e+44 
  57553.85410275689  1307498858859039.5  1546803785633307.5  1833346846130056.5  15224.762745151247  16901.842110181475   18528.09022262368  1.1711967366684652e+44  1.3622966840036098e+44  1.5368762385722109e+44 
          57555.085  1351655150092404.2  1598541479313297.0  1882151126303236.2  14716.098502166367  16240.647332458033   17682.38348277049  1.0873641034058636e+44    1.24648325984771e+44   1.396609930151907e+44 
          57555.089  1351826412526821.0  1598720627435500.5  1882309189538929.5  14714.391891817902  16238.659021330688  17679.528730330934  1.0871178378148275e+44  1.2461166046517091e+44    1.39620499608691e+44 
          57556.042  1389806676017978.0  1637356081343612.5  1922414258490083.8  14348.025636432474   15768.01065954976   17127.16453628397   1.029598386256699e+44  1.1635775331237181e+44  1.2930334139500391e+44 
          57556.046  1389949523252468.8  1637513695213718.0  1922584301182681.0   14346.54273204912  15766.101816433933   17124.78930441479  1.0293126536937414e+44  1.1632542940444138e+44   1.292621983093479e+44 
           57556.05  1390092370486959.2  1637671309083823.5  1922754343875278.0  14345.059885234343  15764.193076335148   17122.41430668304  1.0290269547070915e+44   1.162931240884196e+44  1.2922107115572846e+44 
          57556.052  1390163794104204.5  1637750116018876.0  1922839365221576.8  14344.318483432777  15763.218140877296   17121.22689561842  1.0288842152844182e+44   1.162769747294776e+44  1.2920051190197633e+44 
 57556.587789473684  1409297805246424.0  1658862079141735.5  1946793018743252.0  14147.219646532167  15485.298673112988  16807.610634502184   9.897304180017364e+43   1.117915968163928e+44  1.2379737154721999e+44 
 57559.321476190475  1508358900970469.2  1757894500692149.8  2062299907627423.2   13157.22666926366  14327.025120507802  15420.557885848622   8.357895454940146e+43   9.163504234196666e+43  1.0022860409831124e+44 
 57562.055162907265  1609901011191216.8  1864852640448436.5  2177942125919396.0  12239.757552796382  13254.755942845655  14223.799662073967    7.05515690911245e+43    7.56838092084786e+43   8.192361604402235e+43 
          57563.045  1646963408892222.8  1900753844994715.5  2220325520908139.5  11939.688932416064  12898.755221224128  13828.691958583155   6.644857919719804e+43   7.076135923659321e+43  7.6318515118843065e+43 
          57563.049  1647113180599024.5  1900898924239844.5  2220473720004595.8  11938.461980315962  12897.316480098081   13827.15552042012    6.64325638256369e+43   7.074313773895385e+43   7.629821640151048e+43 
          57563.051  1647188066452425.5  1900971463862409.0  2220547819552824.0  11937.848540729094  12896.597172940175  13826.387356436611   6.642455692604471e+43    7.07340281379416e+43   7.628806864290631e+43 
  57564.78884962406  1708048808151791.2  1964903008357214.0  2284934755555538.5  11420.761297645837   12293.05951009008  13165.502152743009   5.960980445542427e+43    6.31273523248903e+43   6.787683403325181e+43 
  57567.52253634085  1804847094504968.5  2076645569239820.5  2406095538236870.0  10685.472707303205  11449.879944483086  12224.266058253488   5.007353432413606e+43   5.324003425432996e+43   5.667404604594467e+43 
 57570.256223057644  1908263799616507.2  2188383941514337.2  2515949387683240.0   10023.10111414785  10703.138166313132  11436.254055622905   4.279917853594617e+43   4.511096037609104e+43   4.760910580129073e+43 
 57572.989909774435  2012066211536846.0  2294001490590585.0  2636230280852248.5   9420.995619501355  10071.697054991328   10741.77273929032  3.7313483560365736e+43   3.888074435893456e+43  4.0772500469936765e+43 
          57573.779  2038395629972993.8  2323344570686664.0  2670705743875258.5   9261.207377822397   9906.240809901205  10560.174845676656  3.5929860144251314e+43  3.7281112690986577e+43  3.9019317585206204e+43 
          57574.002  2046854422409955.5  2330991559846290.0  2681442247313435.0   9217.515106043391   9860.579497293817  10509.937412515272   3.557167508411956e+43  3.6858519232254893e+43  3.8578163472886863e+43 
          57574.007  2047053085472708.5  2331163017002247.0  2681682976089952.0   9216.548806978428   9859.560425529175  10508.818153703116   3.556380498271216e+43   3.684944856961848e+43   3.856814549096413e+43 
          57574.011  2047212015923026.5  2331300182727112.0  2681875559111305.0   9215.775880309733     9858.7452768876  10507.922899276615  3.5557509986424933e+43  3.6842193821911054e+43  3.8560132943739363e+43 
          57574.014  2047331213760910.0  2331403057020886.0  2682019996377495.5   9215.196263466985   9858.133978895896  10507.251520041551  3.5552789817052094e+43  3.6836753800618327e+43  3.8554124605940686e+43 
          57574.018  2047490144210938.8  2331540222745502.0  2682212579398498.5   9214.423642776204   9857.318999477602   10506.35642984556   3.554649760851697e+43  3.6829501825262166e+43  3.8546114988824275e+43 
 57575.723596491225  2111977267579349.5  2394812806264364.0  2765638803603370.5   8903.727595573384    9524.68804783767  10139.017481263538  3.2655674109416665e+43   3.385733720489388e+43   3.536767393675063e+43 
          57575.954  2120544643990120.8  2404919534090900.5  2777593156957878.5    8863.95772477398   9480.547033349667  10092.099891501399   3.229893967734771e+43  3.3468850349586806e+43    3.49817800947601e+43 
          57575.957  2120656196671786.2  2405051130105579.5  2777748810230284.5   8863.442971310998   9479.966212215131   10091.49028252453   3.229443038428275e+43   3.346372799719647e+43    3.49767201713979e+43 
          57575.958  2120693380898827.5  2405094995443593.0  2777800694654168.0   8863.271396072576   9479.772616834738   10091.28709060445   3.229292741619237e+43  3.3462020728887845e+43  3.4975033719410207e+43 
          57575.959  2120730565126139.8  2405138860781926.0  2777852579078429.0   8863.099825455307   9479.579027285177  10091.083904155514   3.229142451297735e+43  3.3460313551809833e+43   3.497334736194195e+43 
           57575.96  2120767749353181.2  2405182726119940.0  2777904463502313.0   8862.928259464177   9479.385443566976  10090.880723184078    3.22899216745569e+43   3.345860646608642e+43   3.497166109905768e+43 
          57578.008  2196521001358672.8  2486831115377554.0  2881399812424323.5   8526.566351808118   9105.729581397462   9688.675202969425   2.952044623793315e+43   3.043124898407774e+43  3.1721585437815177e+43 
          57578.013  2196701647862300.0  2487029979612360.0  2881625439040263.0   8525.775166060354   9104.880246392953   9687.722385334606  2.9514422108410573e+43   3.042481849444561e+43   3.171382993133278e+43 
  57578.45728320802  2212753289500704.5  2504700387661772.0  2901673862399774.0   8456.589952110637   9028.301830093465    9603.89642536363  2.8931714421382407e+43   2.984177577435817e+43  3.1070434557699634e+43 
          57579.781  2259361560668523.5  2556039291582310.0  2955226290724903.5    8256.40032129555   8806.898806888134   9366.687512985882   2.732801641364766e+43   2.822284095395295e+43   2.931042772816898e+43 
          57579.783  2259428386517518.5  2556118415686288.0  2955303841761583.0   8256.108157374378   8806.589715141756   9366.342578820948   2.732576008163236e+43  2.8220452043247015e+43  2.9307805006475276e+43 
          57579.785  2259495212366512.5  2556197539790266.0  2955381392798263.0   8255.816008693368   8806.280640473215   9365.997660919636  2.7323503929307024e+43  2.8218063346940623e+43  2.9305182552629307e+43 
          57580.988  2300762853830032.5  2603790688323179.0  3006187421318380.5   8084.710501745547    8620.76829637401   9161.016077395183  2.5989618417165296e+43  2.6867594651852935e+43   2.791966847240286e+43 
          57580.993  2300938186947840.5  2603988498583268.0  3006406457117736.0   8084.016673862087   8620.008728669616    9160.17325357588  2.5984097596223893e+43   2.686238175760738e+43  2.7913755309234726e+43 
          57580.998  2301113520065393.5  2604186308843069.5  3006625492916772.5   8083.322975086189   8619.249280620808   9159.330735321542  2.5978581329859994e+43  2.6857171587454375e+43   2.790784381538554e+43 
          57581.001  2301218719935874.0  2604304994998892.5  3006756914396130.5    8082.90682947817   8618.793669221153    9158.82543169622     2.5975272273547e+43  2.6854047343698446e+43   2.790429771958981e+43 
          57581.009  2301499252924162.5  2604621491414805.0  3007107371674843.5   8081.797268969231   8617.578915978309   9157.478189391517  2.5966457958627726e+43   2.684571806162412e+43    2.78948444043589e+43 
  57581.19096992481  2307880323771249.0  2611820595039329.0  3016255321309392.0   8056.640887428506   8590.057618622868   9126.942313848795   2.576762952896294e+43   2.666299612911448e+43   2.768137653069059e+43 
 57583.924656641604  2403741486714965.5  2719970851028777.0  3152557386090921.5   7701.704661451564    8202.80610517916   8696.372224751229  2.3106912602924224e+43   2.402552437959254e+43  2.4966644846353335e+43 
 57586.658343358395  2502426089621552.5  2833946810965412.0  3265079166989866.0   7383.527359323845   7850.892620539172    8321.13107122843  2.0993894868822854e+43  2.1836441380780792e+43   2.278639723448691e+43 
          57586.977  2514076785038306.5  2847406316692331.0  3277741838023416.0   7348.433740868191   7812.487901325887   8279.903920220106   2.077665457511732e+43  2.1597852535868728e+43   2.255614761471141e+43 
 57589.392030075185  2596139529694940.5  2944198763055993.0  3355994643651677.0   7096.387168235102    7536.63944977678   7986.096962404358  1.9216486083259782e+43  1.9928654192021883e+43   2.090015964431675e+43 
           57589.74  2607407720263029.5  2958992744736186.0  3370584160925656.5   7060.648197707114   7498.835084744868  7946.3991526135615  1.9002665446980827e+43  1.9705789693346206e+43  2.0678955909105358e+43 
 57592.125716791976  2684663567784790.5  3062042377147414.5  3476897868396142.0   6828.398587009381   7254.194150164226  7688.6790317907235  1.7666361794438872e+43  1.8377926915056385e+43  1.9243543486972253e+43 
          57592.777  2705753848232973.5  3081393648950227.5  3506392894957224.5   6767.694347941131   7191.698845029929   7622.327070713651  1.7354162457330608e+43   1.804171575130744e+43  1.8895266422664232e+43 
          57592.783  2705948144172367.5  3081653661123768.0  3506664620309915.0   6767.141455211838   7191.064393864553   7621.723512747753  1.7351164770307442e+43  1.8038639878127805e+43   1.889219379660868e+43 
          57592.789  2706142440111526.0  3081913673296992.0  3506936345662276.5   6766.588615764688   7190.429994995837   7621.120043254995   1.734816752519466e+43  1.8035564301374932e+43  1.8889123423262973e+43 
  57594.85940350877  2773187605874875.5  3143078116288296.0  3557759593875721.5   6616.924433549107   7004.880937528852  7419.1717176325365  1.6407511151094034e+43  1.7072398284095465e+43  1.7875966303891766e+43 
          57596.846  2829784121099567.0  3205350478639520.0  3636528266409571.0   6449.462110043596   6873.358573941618   7238.364291316611  1.5559314050360476e+43  1.6194676807888253e+43  1.6984862988089077e+43 
          57596.851  2829957521546937.5  3205350153901280.0  3636754835832213.0  6449.0543762058505   6873.137946360203    7237.90757248177  1.5557223103065628e+43  1.6192516596290143e+43  1.6982651799470492e+43 
          57596.855  2830096241904733.5  3205349897894000.5  3636936091370195.0   6448.728211658488   6872.961457885347   7237.542248598538   1.555555051927853e+43  1.6190788591880723e+43  1.6980883041598632e+43 
          57596.859  2830234962262277.5  3205349684774275.0  3637117346907847.5   6448.402067185185   6872.784981458589   7237.176987172951  1.5553878090953377e+43   1.618906073306419e+43  1.6979114454927893e+43 
 57597.593090225564  2855022967639433.5  3225852364419639.0  3667622288770519.0   6400.515826253995   6808.996725651554   7172.653160668032  1.5256832650374836e+43  1.5891297474591895e+43  1.6659877104963538e+43 
          57598.775  2871660363794469.0  3257221308362740.5  3695186301194272.5   6344.810485626451   6729.640156015582   7081.889459424345  1.4811526311758562e+43  1.5412327391316505e+43    1.61607862183694e+43 
          57598.781  2871875080513803.5  3257455526720162.0  3695437259135610.0   6344.489476833292   6729.640156015582   7081.374342379862  1.4809065272981698e+43   1.540997005692581e+43  1.6158424768442276e+43 
          57598.787  2872089797232877.5  3257689745077300.0  3695688217076643.5   6344.168566977522   6729.640156015582   7080.859319883072  1.4806604490119635e+43  1.5407613949036968e+43  1.6156063564882483e+43 
 57600.326776942355  2907066633599579.5  3302817966438629.0  3731105383543404.5   6267.417074251048   6640.084289948687   7019.095019155171    1.41980544580944e+43  1.4825799633325987e+43  1.5569925351487582e+43 
           57600.92  2892069391994690.0  3300527551435307.5  3742369069840937.0   6236.649168390757   6604.536069117736   6986.868358195687   1.397619353249196e+43  1.4614717562197159e+43   1.534507353481213e+43 
          57601.855  2872186086795461.0  3313122349673966.0  3783049592433815.0   6172.624232898572   6546.056446962506   6943.451869753358  1.3663096619020989e+43   1.427318922448462e+43   1.499238013183222e+43 
          57601.865  2872279984803198.5  3313501036422568.5  3783484678236717.0   6171.948035886643   6545.276201191553  6942.6015912959765  1.3660040911239025e+43  1.4269549815249585e+43   1.498864537767519e+43 
          57601.869  2872317550419220.0  3313652511122120.0  3783658712558004.0   6171.677611534039   6544.964131195291   6942.261510033926  1.3658818793475867e+43  1.4268095499120063e+43  1.4987151622204138e+43 
          57601.872  2872345724681330.5  3313766117146921.0  3783789238299128.0   6171.474803217014   6544.730089330407   6942.006460512649  1.3657902267968128e+43  1.4267004918033588e+43   1.498603136332199e+43 
 57603.060463659145  2832660425437169.5  3352526764014849.5  3835497604862004.5   6088.539329058936    6462.03666206731   6903.315531737143  1.3250912377058215e+43  1.3859450632240073e+43  1.4593982997273765e+43 
 57605.794150375936  2865385671297938.0  3397949768811669.0  3937863838277577.0   5921.925666967635    6307.99675186681   6790.017757609081  1.2403681581658625e+43  1.3032238786074162e+43  1.3707831473821873e+43 
  57608.52783709273  2829918612645087.5  3403912693386154.0  3991758938332833.0   5795.268764262199   6173.905008515777   6761.327741551312    1.16407179285182e+43  1.2259247751008976e+43  1.2936619116613104e+43 
 57611.261523809524  2762310416338234.5  3452368890654071.5  4065739470858182.5   5666.306702080614  6047.4173663614265   6755.776717038255  1.0945351441890105e+43  1.1551912989790603e+43   1.223431082924225e+43 
 57613.995210526315  2694888626355993.5  3454556573573415.0  4125813932958389.0   5547.168042827185   6006.146068804921   6742.198169042585  1.0309150550889827e+43  1.0922322660328402e+43  1.1574874330240798e+43 
 57616.728897243105  2616610130424878.0  3461899213706590.0  4151689983948602.5   5455.967173341324   5894.490962679484   6742.198169042585   9.737896883268886e+42  1.0311964330739478e+43  1.1006682203732745e+43 
          57618.741  2562087719959651.5  3434797209844627.0  4139222639087128.0  5365.4892868061015      5828.099607781   6742.198169042585   9.322436367245092e+42   9.921480629812322e+42  1.0616303061409289e+43 
 57619.462583959896  2543302270812061.5  3420533196323348.0  4155909413127494.0   5331.069129654987      5828.099607781   6742.198169042585   9.181220933923919e+42   9.794878632539637e+42  1.0478426321461121e+43 
  57622.19627067669  2474775511507720.5  3362385753957796.0  4215753495933749.5   5239.985642306789   5818.368548832282   6742.198169042585   8.705545029177614e+42   9.314171973952253e+42    9.98213741886696e+42 
 57624.929957393484  2409590904291669.5  3310156819415597.0  4298174119509054.5   5156.473334729973   5818.368548832282   6742.198169042585   8.264246064587161e+42   8.824889946771048e+42   9.522869259354084e+42 
 57627.663644110275  2350146355738804.0  3236063226672770.0  4357821729085955.5   5053.654518228224   5802.784729429504   6742.198169042585   7.845059825913025e+42    8.36921384916263e+42   9.092977274125984e+42 
 57630.397330827065  2291844838521088.0  3171634315107532.0  4395074938899665.5  4991.8483407409385   5775.973041513169   6742.198169042585   7.442330252680455e+42   7.976888188784412e+42   8.703805141722309e+42 
          57630.659  2286294744092986.0  3171294551465504.0  4393273365101020.0   4979.758552428435   5775.973041513169   6742.198169042585   7.407261260724658e+42   7.942702406866568e+42   8.671466740827314e+42 
          57630.662  2286231390686456.0  3171290902052625.0  4393244105010361.5   4979.620418314364   5775.973041513169   6742.198169042585   7.406860905099714e+42   7.942312420290925e+42   8.671097094975343e+42 
 57633.131017543856  2235584124334186.5  3110834055292448.5  4460185408340984.5   4889.700212030481   5775.973041513169   6742.198169042585   7.067759002166287e+42   7.614731459649369e+42   8.352104002763082e+42 
  57635.86470426065  2180273684739784.0  3043082536131843.0  4476501961908806.5    4869.60119042861   5775.973041513169   6742.198169042585   6.726258357405664e+42   7.285848854303593e+42   8.039856287959966e+42 
 57638.598390977444  2120563669849327.8  2978483615392930.0  4538299811152263.0   4833.095919782251   5775.973041513169   6742.198169042585   6.405045323081352e+42    6.98105932336593e+42     7.7577912365235e+42 
 57641.332077694235  2063276919959408.8  2914452992457792.0  4500050772150252.5   4735.854313209683   5775.973041513169   6742.198169042585    6.11341749338794e+42   6.691423958455956e+42   7.455047181511927e+42 
 57644.065764411025  2012650828278920.2  2850041927920023.0  4550185916371097.0  4673.7625831552705   5775.973041513169   6742.198169042585   5.841966257676827e+42   6.417825782165512e+42   7.170525418433118e+42 
 57646.799451127816  1966986054152969.2  2788419831826343.0  4597194154873127.0   4632.662893558669   5775.973041513169   6742.198169042585  5.5693665172593784e+42    6.16461718203083e+42   6.917420605777388e+42 
  57649.53313784461  1928665906293702.2  2730894253347947.0  4694022397330437.0   4556.026445383022   5775.973041513169   6742.198169042585    5.32354975825883e+42   5.923294436486887e+42   6.686425182495298e+42 
 57652.266824561404  1891891513317855.5  2672412158643622.0  4747257532335422.0   4472.968422027589   5775.973041513169   6742.198169042585   5.078471638081318e+42   5.670921036534052e+42   6.454273284854152e+42 
 57655.000511278195  1856561768595196.2  2619056261510191.0  4789890711942997.0   4428.110769275076   5775.973041513169   6742.198169042585  4.8475219272100986e+42   5.447531919120345e+42   6.218064119100082e+42 
 57657.734197994985  1822585558087893.8  2567156722664246.0  4863926670467694.0   4386.429131465367   5775.973041513169   6742.198169042585  4.6472859376542807e+42   5.240053018332307e+42   5.995161821877772e+42 
 57660.467884711776  1790316992732357.2  2517310620255321.0  4851962589121061.0  4316.6263997401375   5775.973041513169   6742.198169042585   4.455116575271856e+42   5.044878248509742e+42   5.783208016822022e+42 
  57663.20157142857  1755571890726420.2  2469354848977303.0  4799864011066363.0   4248.944234140197   5775.973041513169   6742.198169042585   4.268977810094902e+42   4.859214877360581e+42   5.590406266151217e+42 
 57665.935258145364  1715393795801750.2  2423286515356211.0  4777855542311771.0   4212.967851222712   5775.973041513169   6742.198169042585   4.104725838896178e+42  4.6911084260607575e+42  5.4124057969162926e+42 
 57668.668944862155  1674035296187740.2  2378916880394460.0  4808837642983181.0   4211.762033721633   5775.973041513169   6742.198169042585  3.9328206284715773e+42   4.536110910989248e+42    5.24132894420654e+42 
 57671.402631578945  1633924373946898.5  2336162464970729.0  4743758749287095.0   4211.762033721633   5775.973041513169   6742.198169042585    3.76870258066731e+42   4.388778395106611e+42   5.078366187984569e+42 
 57674.136318295736  1595044515065557.8  2294883903247865.0  4671968894416194.0   4211.762033721633   5775.973041513169   6742.198169042585  3.6150908090191516e+42   4.248632365358402e+42  4.9240346754363506e+42 
  57676.87000501253  1557377855304983.0  2255156647643515.0  4594711215934091.0   4211.762033721633   5775.973041513169   6742.198169042585   3.466221008874924e+42   4.112464101837055e+42   4.782569040584442e+42 
 57679.603691729324  1523896585793248.2  2216751015001192.0  4518685076817863.0   4211.762033721633   5775.973041513169   6742.198169042585  3.3226498139903847e+42    3.96781188034091e+42  4.6471768482798664e+42 
 57682.337378446115  1493165180539597.8  2179644736099460.5  4445179338983711.5   4211.762033721633   5775.973041513169   6742.198169042585   3.187857019039469e+42   3.841217181732566e+42   4.516043252463482e+42 
 57685.071065162905  1465886521174119.2  2139204641213016.0  4366880531602709.5   4211.762033721633   5775.973041513169   6742.198169042585   3.067493739015716e+42  3.7048867054311214e+42   4.389721719477676e+42 
 57687.804751879696  1436945680347106.5  2101081044573870.2  4286221715112100.0   4211.762033721633   5775.973041513169   6742.198169042585  2.9476282355174286e+42   3.587633376264309e+42    4.26862045270278e+42 
  57690.53843859649  1409056144028984.2  2070150206091059.0  4207795584235704.5   4211.762033721633   5775.973041513169   6742.198169042585    2.82620253301832e+42  3.4786372384689984e+42  4.1524305785516613e+42 
 57693.272125313284  1382648507943095.2  2039517078441092.5  4131510301360800.5   4211.762033721633   5775.973041513169   6742.198169042585   2.711079189381887e+42   3.369161184294642e+42   4.040870473169145e+42 
 57696.005812030075  1359181646597912.2  2003949207119217.0  4057280658335794.0   4211.762033721633   5775.973041513169   6742.198169042585   2.601309027856268e+42   3.264025260190169e+42   3.933624129896523e+42 
 57698.739498746865  1336377682467100.0  1969360416778122.0  3991638088560599.5   4211.762033721633   5775.973041513169   6742.198169042585   2.496529095679911e+42   3.163671933481491e+42  3.8305867632083716e+42 
 57701.473185463656  1310191488969321.5  1935714220833568.2  3938448999277403.0   4211.762033721633   5775.973041513169   6742.198169042585  2.3966868308629608e+42   3.067564357053182e+42  3.7313097172701034e+42 
  57704.20687218045  1284349511440573.0  1902974731392203.5  3886550696894554.5   4211.762033721633   5775.973041513169   6742.198169042585  2.3014114273731874e+42  2.9710327592182826e+42  3.6359196971251096e+42 
 57706.940558897244  1264373509505743.0  1867405572623828.5  3836009625686792.5   4211.762033721633   5775.973041513169   6742.198169042585  2.2104434688562078e+42  2.8823905039241696e+42  3.5439447262859606e+42 
 57709.674245614035  1246241991560199.5  1831985599219173.2  3786666228588222.5   4211.762033721633   5775.973041513169   6742.198169042585   2.123589330436248e+42   2.797986615690562e+42   3.455268370263663e+42 
 57712.407932330825  1224219337755949.8  1797423039574975.5  3738500174302900.5   4211.762033721633   5775.973041513169   6742.198169042585  2.0406476906225947e+42  2.7174200194525302e+42     3.3697334413462e+42 
 57715.141619047616  1204095254793204.8  1763694028587607.8  3691465747162620.0   4211.762033721633   5775.973041513169   6742.198169042585  1.9614246756935878e+42   2.642122824726479e+42  3.2865647503137484e+42 
 57717.875305764406  1184770554695484.5  1733115666678357.5  3645017616655768.0   4211.762033721633   5775.973041513169   6742.198169042585   1.885737091204268e+42   2.569419469528738e+42    3.20356241619426e+42 
 57720.608992481204  1165912920426222.5  1710570969749741.0  3597839335750361.0   4211.762033721633   5775.973041513169   6742.198169042585  1.8142015697761164e+42  2.4991775099951386e+42  3.1227512385134704e+42 
 57723.342679197995  1147504268281105.8  1688998503845532.5  3551816067598007.0   4211.762033721633   5775.973041513169   6742.198169042585   1.746039447566727e+42  2.4290132463574607e+42  3.0393217613539434e+42 
 57726.076365914785  1129527574038057.0  1667057678091063.5  3506900937593027.0   4211.762033721633   5775.973041513169   6742.198169042585  1.6808242225273035e+42   2.358047276270927e+42  2.9566013448291387e+42 
 57728.810052631576  1112246691043049.8  1637880755165152.5  3463049863579324.5   4211.762033721633   5775.973041513169   6742.198169042585  1.6184149089473466e+42  2.2889314182050976e+42   2.874592939772457e+42 
 57731.543739348366  1093347263184941.1  1610243754090965.0  3420221000980411.0   4211.762033721633   5775.973041513169   6742.198169042585   1.558677875781069e+42  2.2221563750156122e+42   2.793838328895893e+42 
 57734.277426065164  1074929949466273.9  1583919377885853.8  3378374595334130.5   4211.762033721633   5775.973041513169   6742.198169042585  1.5014870480456465e+42  2.1576226747858882e+42  2.7232988814137363e+42 
 57737.011112781955  1056972256191400.2  1562280923075858.5  3333718244613368.0   4211.762033721633   5775.973041513169   6742.198169042585  1.4467218280773232e+42   2.095195531806913e+42  2.6539116462037223e+42 
 57739.744799498745  1038155087067694.5  1542569686324211.5  3289799736400661.0   4211.762033721633   5775.973041513169   6742.198169042585  1.3942122161676812e+42   2.034903869218979e+42  2.5863959034560473e+42 
 57742.478486215536  1018416559436516.6  1523276198399756.0  3246824716517515.5   4211.762033721633   5775.973041513169   6742.198169042585   1.344006964314548e+42   1.983484217732951e+42   2.527816945349116e+42 
 57745.212172932326  1004186400142157.4  1504427104977580.5  3204798577554964.5   4211.762033721633   5775.973041513169   6742.198169042585  1.2958633224392942e+42   1.929394172909765e+42  2.4630460981405354e+42 
 57747.945859649124   990527763578469.1  1485965156710841.5  3163696280673027.5   4211.762033721633   5775.973041513169   6742.198169042585  1.2495489238185155e+42  1.8773875997307466e+42  2.3983241021563903e+42 
 57750.679546365915   976408644546740.8  1467887397416024.0  3123435924740366.0   4211.762033721633   5775.973041513169   6742.198169042585  1.2047886547960073e+42  1.8315111406648986e+42  2.3465769436182604e+42 
 57753.413233082705   958029830109970.8  1450180414470361.8  3082745755244696.0   4211.762033721633   5775.973041513169   6742.198169042585  1.1619012340722506e+42  1.7899026906156697e+42  2.2963317469124353e+42 
 57756.146919799496   940106906161943.4  1432830823810757.2  3042127665301153.0   4211.762033721633   5775.973041513169   6742.198169042585  1.1207991920495944e+42   1.749691699467637e+42  2.2475325939627473e+42 
 57758.880606516286   922957648151504.8  1416101382757846.0  3002280965574828.0   4211.762033721633   5775.973041513169   6742.198169042585  1.0813993752436548e+42   1.710815374392122e+42  2.2001241629449437e+42 
 57761.614293233084   907173146839741.1  1399062306803932.5  2963182809409485.0   4211.762033721633   5775.973041513169   6742.198169042585  1.0436228595162466e+42  1.6732144148056742e+42  2.1540531639039708e+42 
 57764.347979949875   891745261850626.8  1377674495209629.5  2924811465982881.0   4211.762033721633   5775.973041513169   6742.198169042585  1.0072268989845965e+42  1.6368327215487272e+42  2.1071893713984447e+42 
 57767.081666666665   876663940855016.0  1360018273924418.0  2887146253630469.0   4211.762033721633   5775.973041513169   6742.198169042585   9.721530774235763e+41   1.601617224378769e+42  2.0538484159149857e+42 
 57769.815353383456   861919573731643.5  1344227180748940.5  2855629714800417.0   4211.762033721633   5775.973041513169   6742.198169042585   9.385096029735701e+41  1.5675179464641302e+42  2.0113892067882784e+42 
 57772.549040100246   848537059302972.5  1328587937877210.0  2825023070808943.0   4211.762033721633   5775.973041513169   6742.198169042585   9.062311115080475e+41  1.5344871414249917e+42  1.9692160368412286e+42 
 57775.282726817044   836477195580931.9  1312065172965727.0  2794909872455864.0   4211.762033721633   5775.973041513169   6742.198169042585   8.752555016726258e+41  1.5018217450837996e+42  1.9256625376679997e+42 
 57778.016413533835   825934014066159.4  1297627985982786.5  2765273693671224.0   4211.762033721633   5775.973041513169   6742.198169042585   8.455237452586951e+41   1.462081429892271e+42    1.88155808846031e+42 
 57780.750100250625   815457924068818.5  1282392731066958.0  2736098909459411.0   4211.762033721633   5775.973041513169   6742.198169042585   8.169796849744992e+41  1.4273806392598585e+42  1.8419522624628514e+42 
 57783.483786967416   803301769863121.8  1263090622503670.8  2707370302904080.5   4211.762033721633   5775.973041513169   6742.198169042585   7.895699262685167e+41   1.393552061597727e+42  1.7971545935487702e+42 
 57786.217473684206   791507193463507.5  1245707992194388.8  2679073591331975.0   4211.762033721633   5775.973041513169   6742.198169042585   7.632437147526741e+41  1.3617797657838932e+42   1.751562140922246e+42 
 57788.951160401004   779955531041115.5  1232238114144096.2  2651190379410606.5   4211.762033721633   5775.973041513169   6742.198169042585   7.379498812768973e+41  1.3297409147726974e+42  1.7123718845748106e+42 
 57791.684847117795   768624000402734.2  1219014473486504.0  2623721386732451.0   4211.762033721633   5775.973041513169   6742.198169042585    7.13650631126354e+41   1.300210942449562e+42   1.670811154966913e+42 
 57794.418533834585   757519167341509.8  1203630990329322.0  2596630680613935.5   4211.762033721633   5775.973041513169   6742.198169042585  6.9028445850159015e+41   1.271516632095345e+42   1.637390305825626e+42 
 57797.152220551376   746627945950006.8  1188194352658978.0  2569942926121334.5   4211.762033721633   5775.973041513169   6742.198169042585  6.6784237466615374e+41  1.2435889122541418e+42  1.6054070537904343e+42 
 57799.885907268166   735947899749562.2  1173023004806978.0  2543614470176181.5   4211.762033721633   5775.973041513169   6742.198169042585   6.462543378505675e+41  1.2164150648786306e+42  1.5742426869141535e+42 
 57802.619593984964   725474212081683.1  1158111003918499.5  2517645267029609.0   4211.762033721633   5775.973041513169   6742.198169042585  6.2549282623006914e+41  1.1899722090778319e+42  1.5438786718262123e+42 
 57805.353280701755   715202083460100.2  1143452512524544.8  2492025471647127.5   4211.762033721633   5775.973041513169   6742.198169042585   6.055219633031378e+41  1.1663012367020603e+42  1.5141803959942097e+42 
 57808.086967418545   705126878623935.5  1129041839189039.8  2464032265705227.5   4211.762033721633   5775.973041513169   6742.198169042585  5.8622975899987776e+41  1.1430370666713358e+42  1.4859092122740653e+42 
 57810.820654135336   695244031365710.8  1114873528617017.5  2435549756174363.0   4211.762033721633   5775.973041513169   6742.198169042585   5.672801442719049e+41   1.114081336489867e+42   1.458988570034923e+42 
 57813.554340852126   684699201744383.2  1100942307688565.5  2406572289423821.5   4211.762033721633   5775.973041513169   6742.198169042585   5.490432909704978e+41  1.0859665651041779e+42   1.432676393300046e+42 
 57816.288027568924   673951954141932.9  1087243065282509.1  2376038132177999.5   4211.762033721633   5775.973041513169   6742.198169042585   5.314889773332229e+41  1.0586653768692058e+42  1.4059619325977735e+42 
 57819.021714285715   663440307793096.8  1073770856085286.2  2345915734413762.5   4211.762033721633   5775.973041513169   6742.198169042585   5.145883925118689e+41  1.0304141230153367e+42  1.3790781207208254e+42 
 57821.755401002505   653157904005922.2  1059453983149680.5  2316199977733153.0   4211.762033721633   5775.973041513169   6742.198169042585   4.983140657133174e+41  1.0068694748396959e+42  1.3524430243875007e+42 
 57824.489087719296   643098579405664.2  1044770502078562.0  2286885795288485.0   4211.762033721633   5775.973041513169   6742.198169042585   4.826398240609235e+41   9.883833218094833e+41  1.3246152997707637e+42 
 57827.222774436086   633256358786053.5  1030359190240421.8  2257968170976145.0   4211.762033721633   5775.973041513169   6742.198169042585   4.675406545029221e+41   9.703535200466815e+41  1.2986924079195412e+42 
  57829.95646115288   623193080014692.9  1016214205299154.2  2229442138730477.0   4211.762033721633   5775.973041513169   6742.198169042585   4.529927121792237e+41   9.521365361310677e+41  1.2739015228884562e+42 
 57832.690147869675   613177266709582.9  1002329775466562.0  2201302781937345.0   4211.762033721633   5775.973041513169   6742.198169042585   4.389732492862595e+41     9.3389241391272e+41  1.2463898376008774e+42 
 57835.423834586465   603387149503409.9   988700296649485.4  2177110978059234.5   4211.762033721633   5775.973041513169   6742.198169042585   4.254605556528576e+41   9.160651028239967e+41  1.2226913552666734e+42 
 57838.157521303256   593816280373473.0   976052913831018.4  2156050779908555.8   4211.762033721633   5775.973041513169   6742.198169042585   4.124339074709039e+41   8.986595913202985e+41  1.1995147604806206e+42 
 57840.891208020046   584458432999106.5   964905309518689.2  2135229887411751.2   4211.762033721633   5775.973041513169   6742.198169042585   3.998735187150231e+41   8.795354792803418e+41  1.1772147429052855e+42 
  57843.62489473684   575307593945124.5   953938300225750.6  2114644579098288.2   4211.762033721633   5775.973041513169   6742.198169042585   3.877605131488144e+41   8.621523178709214e+41  1.1555928715792944e+42 
 57846.358581453635   566357954231195.4   943147846936780.2  2094291281806091.2   4211.762033721633   5775.973041513169   6742.198169042585   3.761790571248216e+41   8.464052104442624e+41  1.1344382157191767e+42 
 57849.092268170425   557603901277086.9   932525848730860.0  2074166552188062.0   4211.762033721633   5775.973041513169   6742.198169042585   3.651182647618254e+41    8.30577537077053e+41  1.1135435807218823e+42 
 57851.825954887216   549038175062967.3   922080760847194.2  2054253129117573.5   4211.762033721633   5775.973041513169   6742.198169042585   3.544379108783084e+41   8.131604977336049e+41   1.090534102695023e+42 
 57854.559641604006  540657462681776.56   911794517826927.8  2034587605546971.8   4211.762033721633   5775.973041513169   6742.198169042585   3.441339657359308e+41   7.967603310646115e+41  1.0673057983722537e+42 
   57857.2933283208  532461885180956.94   901674994690593.9  2012796087885274.5   4211.762033721633   5775.973041513169   6742.198169042585   3.341837543690734e+41   7.807506770943594e+41  1.0440540862402036e+42 
 57860.027015037595   524437769018502.7   891711041737793.9  1991178813426767.5   4211.762033721633   5775.973041513169   6742.198169042585  3.2457297331683323e+41   7.635499162641346e+41   1.026313566506396e+42 
 57862.760701754385   516583818503426.8   881901743941251.5  1969869464676565.0   4211.762033721633   5775.973041513169   6742.198169042585   3.150337760556096e+41   7.442536482526262e+41   1.008230545432573e+42 
 57865.494388471176   508895499766242.2   872243936000751.2  1948862750533370.8   4211.762033721633   5775.973041513169   6742.198169042585  3.0565636891817253e+41    7.25496339862181e+41   9.895144517143738e+41 
 57868.228075187966   501368371662537.5   864254611314898.1  1928153345268602.5   4211.762033721633   5775.973041513169   6742.198169042585  2.9660271513865553e+41   7.072622365686054e+41   9.702754051388055e+41 
  57870.96176190476  493998142151240.56   856555839915167.2  1907736023605671.2   4211.762033721633   5775.973041513169   6742.198169042585  2.8786019976149716e+41   6.892927789214807e+41   9.513577155638731e+41 
 57873.695448621555   486780657369023.7   848945849171539.8  1886270429297752.0   4211.762033721633   5775.973041513169   6742.198169042585   2.794167543979378e+41   6.707078215273273e+41   9.337577536984994e+41 
 57876.429135338345   479711896401516.3   841422952472235.2  1864297082725929.8   4211.762033721633   5775.973041513169   6742.198169042585   2.712608306695902e+41   6.526581171953547e+41   9.170190062887184e+41 
 57879.162822055136   472787966065969.1   833766613709167.2  1842667873523613.2   4211.762033721633   5775.973041513169   6742.198169042585  2.6338137549076427e+41     6.3733538641126e+41   9.006177103841764e+41 
 57881.896508771926  466133780048029.25   824476125565060.2  1821376231515747.5   4211.762033721633   5775.973041513169   6742.198169042585  2.5576780779653733e+41   6.225032040955626e+41   8.845456546370199e+41 
  57884.63019548872   459270463160459.1   815330732315864.6  1800415757601066.5   4211.762033721633   5775.973041513169   6742.198169042585  2.4840999643168774e+41  6.0855146898372805e+41   8.706291245378978e+41 
 57887.363882205515  452222025816712.56   806327349775898.2  1779780213662994.2   4211.762033721633   5775.973041513169   6742.198169042585  2.4129824977455176e+41   5.968874717860792e+41   8.574781612066937e+41 
 57890.097568922305   445449875237310.8   797462983387729.1  1759463501565164.8   4211.762033721633   5775.973041513169   6742.198169042585  2.3442326561291905e+41   5.854810403298714e+41   8.445959327970476e+41 
 57892.831255639096  438814496209465.06   788734725046724.0  1739459612873384.8   4211.762033721633   5775.973041513169   6742.198169042585   2.278151755003137e+41   5.743256544707393e+41   8.319747785180147e+41 
 57895.564942355886   432312438485637.2   780953265383775.8  1719762695638889.8   4211.762033721633   5775.973041513169   6742.198169042585   2.215419768256811e+41   5.608275232969844e+41   8.196073099623595e+41 
  57898.29862907268  425940357664361.94   774610508588900.2  1700367024735256.2   4211.762033721633   5775.973041513169   6742.198169042585   2.154727843056638e+41   5.475862484167538e+41   8.074235711345766e+41 
 57901.032315789475   419695011340603.6   768342705423821.1  1681266998127897.5   4211.762033721633   5775.973041513169   6742.198169042585   2.096000267887918e+41  5.3399912665452966e+41   7.942744701019797e+41 
 57903.766002506265   413573257617129.4   762148464951589.2  1662457134003470.2   4211.762033721633   5775.973041513169   6742.198169042585  2.0391644733853833e+41    5.19615342956749e+41   7.776102946219409e+41 
 57906.499689223056   407572046798747.4   756026440844404.4  1643932067972993.8   4211.762033721633   5775.973041513169   6742.198169042585  1.9841508887030356e+41   5.056503607536015e+41   7.662478241493839e+41 
 57909.233375939846   401688418685980.2   748420128249132.0  1625686556762500.0   4211.762033721633   5775.973041513169   6742.198169042585   1.931317894297648e+41   4.920914923031708e+41   7.551133909043821e+41 
  57911.96706265664   395919503508402.1   742057041820039.9  1607715459279057.8   4211.762033721633   5775.973041513169   6742.198169042585   1.880887634368352e+41   4.789264119579529e+41   7.442009386732673e+41 
 57914.700749373435  390262516515714.25   736404811075226.5  1590013742267240.2   4211.762033721633   5775.973041513169   6742.198169042585   1.832034787084818e+41   4.666483893868327e+41   7.332328629409238e+41 
 57917.434436090225   384714754989898.4   730823523368246.5  1572576484341506.5   4211.762033721633   5775.973041513169   6742.198169042585  1.7847024889819895e+41    4.55817219753259e+41    7.21552574448239e+41 
 57920.168122807016   379273595378376.7   725311929980976.5  1555398868376578.8   4211.762033721633   5775.973041513169   6742.198169042585    1.73883617388247e+41    4.46895381833693e+41   7.096142561832576e+41 
 57922.901809523806   373936490543114.8   719868810665655.1  1538476179592685.2   4211.762033721633   5775.973041513169   6742.198169042585    1.69438347933137e+41   4.384066849108072e+41   6.975615661758428e+41 
   57925.6354962406  368700967120073.75   712825065977655.1  1521794025156600.0   4211.762033721633   5775.973041513169   6742.198169042585  1.6512852423078318e+41   4.301025383607923e+41   6.857350057300789e+41 
 57928.369182957395   363859878995294.0   705817466108990.8  1504880952087411.2   4211.762033721633   5775.973041513169   6742.198169042585  1.6095078572522552e+41  4.2197581941259366e+41   6.741258200672665e+41 
 57931.102869674185  359149534721018.56   699263040593671.0  1488034052927066.0   4211.762033721633   5775.973041513169   6742.198169042585  1.5690145111134403e+41   4.140291767340298e+41   6.627404901541318e+41 
 57933.836556390976   354524393899196.2   692783091736456.6  1471429502057385.0   4211.762033721633   5775.973041513169   6742.198169042585  1.5297334574271808e+41   4.062539052553874e+41   6.515632022606523e+41 
 57936.570243107766   349983706186921.8   686380267676951.0  1455063556117602.2   4211.762033721633   5775.973041513169   6742.198169042585  1.4921391696346225e+41  3.9864503066250404e+41  6.4027590991707556e+41 
  57939.30392982456   345525522721576.7   680053528905560.8  1438932257289770.5   4211.762033721633   5775.973041513169   6742.198169042585  1.4558399215890818e+41   3.911997926038096e+41  6.2839574142573466e+41 
 57942.037616541355  341147942407424.75   673801819854457.9  1422891520231655.2   4211.762033721633   5775.973041513169   6742.198169042585  1.4198380747985325e+41    3.83914326920105e+41   6.167449998499246e+41 
 57944.771303258145  336849117810874.94   667624104413894.8  1405124482886703.2   4211.762033721633   5775.973041513169   6742.198169042585  1.3849084977424451e+41   3.767848689778094e+41    6.05688120632356e+41 
 57947.504989974936  332627251241326.75   661519366430987.2  1387647034109695.2   4211.762033721633   5775.973041513169   6742.198169042585  1.3510142359745624e+41    3.69807750136044e+41   5.954114402537448e+41 
 57950.238676691726  328480595031996.56   655649348334677.6  1370453667797646.8   4211.762033721633   5775.973041513169   6742.198169042585  1.3181197754622662e+41   3.629793949387881e+41   5.858792482070038e+41 
  57952.97236340852   324407449727252.4   650797220857102.1  1353538993841886.2   4211.762033721633   5775.973041513169   6742.198169042585  1.2861909772561805e+41  3.5629631841951994e+41   5.766646764701085e+41 
  57955.70605012531   320406162278778.0   645998337870789.0  1336897735554775.0   4211.762033721633   5775.973041513169   6742.198169042585  1.2551950184417212e+41   3.497551235118162e+41  5.6893033466183744e+41 
 57958.439736842105   316475124559153.7   641251913486469.0  1320524727235145.2   4211.762033721633   5775.973041513169   6742.198169042585  1.2251003358622219e+41  3.4335249855979194e+41  5.6132901125009326e+41 
 57961.173423558896   312612771927828.4   636557178625591.2  1304414917865291.5   4211.762033721633   5775.973041513169   6742.198169042585  1.1958765724747978e+41  3.3708521492106305e+41  5.5280686324782594e+41 
 57963.907110275686  308817581848332.75   630988928751612.0  1288563360169965.2   4211.762033721633   5775.973041513169   6742.198169042585  1.1674945262042657e+41  3.3095012467253245e+41   5.437865749165743e+41 
  57966.64079699248  305102789646734.94   625404767333212.8  1272965195400386.0   4211.762033721633   5775.973041513169   6742.198169042585  1.1399261011706653e+41  3.2494415835471137e+41   5.361591827816943e+41 
  57969.37448370927   301535540364717.9   619884186837137.0  1257615680835333.5   4211.762033721633   5775.973041513169   6742.198169042585  1.1131442611777048e+41  3.1906432283024942e+41   5.287805823346361e+41 
 57972.108170426065  298028039403299.44   613917400412058.5  1242510175360918.8   4211.762033721633   5775.973041513169   6742.198169042585  1.0871229853353615e+41   3.133076992409467e+41   5.215307013224723e+41 
 57974.841857142856   294579016641442.0   607301002883809.6  1227644120170773.5   4211.762033721633   5775.973041513169   6742.198169042585  1.0618372256732337e+41  3.0767144098810888e+41  5.1440662451706154e+41 
 57977.575543859646   291187231062457.5   600782576999290.5  1213013060735983.8   4211.762033721633   5775.973041513169   6742.198169042585  1.0372628668007658e+41   3.021527717967381e+41    5.07405520176222e+41 
  57980.30923057644   287851474003176.4   594532206441756.8  1198612635283634.0   4211.762033721633   5775.973041513169   6742.198169042585  1.0133766873088906e+41   2.967489838433549e+41    5.00524637262466e+41 
  57983.04291729323  284570568244533.25   590004720473601.2  1188358020099297.2   4211.762033721633   5775.973041513169   6742.198169042585   9.901563229495606e+40  2.9046230373957854e+41   4.937613027643322e+41 
 57985.776604010025  281343366330353.44   585530607898879.5  1178311060658390.0   4211.762033721633   5775.973041513169   6742.198169042585    9.67645882039065e+40   2.842180347396772e+41  4.8711291911644844e+41 
 57988.510290726816  278231790246322.78   581109028411294.5  1168403055865653.0   4211.762033721633   5775.973041513169   6742.198169042585    9.46036201509608e+40  2.7812715576136907e+41   4.801348461409771e+41 
 57991.243977443606   275200918927137.8   576739156483426.1  1158631462799899.5   4211.762033721633   5775.973041513169   6742.198169042585   9.250144814356622e+40  2.7218559349094877e+41   4.730912498435884e+41 
   57993.9776641604   272217825193551.2   572420181199239.4  1148993790865623.8   4211.762033721633   5775.973041513169   6742.198169042585   9.045620380820895e+40  2.6638938745839553e+41   4.670279244482606e+41 
  57996.71135087719   269281544205222.6   568001796949646.1  1139487600786491.0   4211.762033721633   5775.973041513169   6742.198169042585   8.846608625905266e+40  2.6129657557792166e+41     4.6106733104066e+41 
 57999.445037593985  266391134542776.97   563129364495550.8  1129222270056667.8   4211.762033721633   5775.973041513169   6742.198169042585   8.652935937887741e+40  2.5660566550117373e+41   4.552071721165782e+41 
 58002.178724310776  263545677551237.94   558311483428272.1  1117511651648072.0   4211.762033721633   5775.973041513169   6742.198169042585   8.464434922036718e+40  2.5201360306681548e+41    4.48303243305362e+41 
 58004.912411027566   260744276704032.5   553547469068170.9  1105975817928434.8   4211.762033721633   5775.973041513169   6742.198169042585   8.280944152207843e+40   2.475180631663557e+41   4.406035240104371e+41 
  58007.64609774436  257986056986921.38  548671755915681.25  1093843882425011.1   4211.762033721633   5775.973041513169   6742.198169042585   8.102307933358474e+40  2.4311677934162265e+41   4.329622362975944e+41 
  58010.37978446115   255270164315792.7   543652972937323.4  1079895722067086.9   4211.762033721633   5775.973041513169   6742.198169042585   7.928376074486758e+40   2.388075422670765e+41   4.249593700257002e+41 
 58013.113471177945   252595765044414.4   538694119754615.4  1066166255123108.4   4211.762033721633   5775.973041513169   6742.198169042585   7.759003671386712e+40   2.345881982502921e+41   4.187516527997416e+41 
 58015.847157894736   249962045031625.7  533794421090257.25  1052651670783150.8   4211.762033721633   5775.973041513169   6742.198169042585    7.59405089879541e+40  2.3045664777391442e+41   4.128864751630693e+41 
 58018.580844611526   247367444666193.0   528952007887106.7  1039343524410805.4   4211.762033721633   5775.973041513169   6742.198169042585   7.433382811802814e+40   2.264108440786505e+41   4.071220299251767e+41 
  58021.31453132832  244813418622085.84   524169297384475.0  1026252025446468.5   4211.762033721633   5775.973041513169   6742.198169042585  7.2768572321404445e+40  2.2244841128455018e+41  4.0146067477527056e+41 
  58024.04821804511  242297105726485.34   519442633897344.0  1013360157245059.1   4211.762033721633   5775.973041513169   6742.198169042585   7.124384174259572e+40  2.1856854530133686e+41    3.95672413191179e+41 
 58026.781904761905  239818340429446.56   514771980202276.2  1004367761381922.8   4211.762033721633   5775.973041513169   6742.198169042585    6.97580648151357e+40  2.1476820875628586e+41   3.896946216429465e+41 
 58029.515591478696   237376462232480.7   510156738335791.5   995819650683773.5   4211.762033721633   5775.973041513169   6742.198169042585   6.831018804338456e+40   2.110459322566815e+41  3.8337008226170764e+41 
 58032.249278195486  234970765415978.44   505596186630202.9   987374316123030.0   4211.762033721633   5775.973041513169   6742.198169042585   6.689907912401959e+40    2.07399913202453e+41   3.774866642660024e+41 
  58034.98296491228   232600560140838.8   501089611719609.8   979030181491514.2   4211.762033721633   5775.973041513169   6742.198169042585   6.552364420578702e+40   2.035664909978466e+41   3.723266474619147e+41 
  58037.71665162907   230265172429426.1   496636308526358.9   969897560947668.8   4211.762033721633   5775.973041513169   6742.198169042585   6.418282651184706e+40  1.9974094487667038e+41   3.668348376102798e+41 
 58040.450338345865  227963943751240.34  492235580763588.25   960126222790851.5   4211.762033721633   5775.973041513169   6742.198169042585   6.287560495318726e+40  1.9600026851353418e+41  3.6141820852170155e+41 
 58043.184025062656  225696230612026.28   487886740620266.5   950487250329964.2   4211.762033721633   5775.973041513169   6742.198169042585   6.160099277393889e+40   1.923423589239098e+41   3.556129532218462e+41 
 58045.917711779446   223461404155067.3  483589108698805.25   940978546455666.8   4211.762033721633   5775.973041513169   6742.198169042585   6.035803617066028e+40  1.8856255837543926e+41   3.499134977460706e+41 
  58048.65139849624  221258849774507.03   479342013952256.1   931578072978318.6   4211.762033721633   5775.973041513169   6742.198169042585   5.914581319424834e+40  1.8468799686950012e+41   3.443178120966313e+41 
  58051.38508521303   219087966740184.7   475144793620586.1   922478704633883.5   4211.762033721633   5775.973041513169   6742.198169042585   5.796343250780233e+40  1.8090491437467355e+41  3.3882390500444456e+41 
 58054.118771929825   216948167833587.8  471313063186709.56   913493910764336.0   4211.762033721633   5775.973041513169   6742.198169042585   5.681003224991173e+40  1.7721096914139053e+41   3.334298279244803e+41 
 58056.852458646616  214838878994524.28   467614943185240.4   904622057805376.6   4211.762033721633   5775.973041513169   6742.198169042585   5.568477894445139e+40   1.736038835320505e+41    3.28183088091942e+41 
 58059.586145363406  212759538979195.03   463955593702257.9   895483295496195.5   4211.762033721633   5775.973041513169   6742.198169042585   5.458686645486223e+40   1.698853227223095e+41  3.2384157064552958e+41 
   58062.3198320802  210709599025375.78  460365462478486.75   885603026579063.4   4211.762033721633   5775.973041513169   6742.198169042585   5.351551498092168e+40  1.6630449014851336e+41  3.1947483658910683e+41 
  58065.05351879699   208688522531182.9   456916754411613.6   875862852744652.0   4211.762033721633   5775.973041513169   6742.198169042585   5.246997009608323e+40  1.6309840444220027e+41  3.1488896173273457e+41 
 58067.787205513785   206695784741555.2  453503506599670.25   866260505040289.6   4211.762033721633   5775.973041513169   6742.198169042585   5.144950182368524e+40  1.6000062901677746e+41   3.103802525615556e+41 
 58070.520892230576  204730872443613.97  450125267049274.44   856793757743988.8   4211.762033721633   5775.973041513169   6742.198169042585   5.045340375020538e+40  1.5693985645809033e+41  3.0594726660440337e+41 
 58073.254578947366  202793283671168.53   446781591100557.1   849843124680484.4   4211.762033721633   5775.973041513169   6742.198169042585   4.948099217402597e+40   1.540969722387903e+41   3.015885904788008e+41 
  58075.98826566416   200882527417811.0   443472041263275.9   844256828522080.6   4211.762033721633   5775.973041513169   6742.198169042585   4.853160528823117e+40  1.5131557421739435e+41  2.9755223828869722e+41 
  58078.72195238095  198998123657532.97   440196187057004.5   838718785725180.4   4211.762033721633   5775.973041513169   6742.198169042585   4.760460239545777e+40  1.4859416147405937e+41   2.939079694605051e+41 
  58081.45563909774  197139602402807.03   436953604856234.9   833228487340465.5   4211.762033721633   5775.973041513169   6742.198169042585   4.669936315436466e+40  1.4593127284634483e+41  2.9060172863170736e+41 
 58084.189325814536  195306503607457.03   433583131811625.4   827785432941995.1   4211.762033721633   5775.973041513169   6742.198169042585   4.581528685548728e+40  1.4332548582234217e+41  2.8734027074522113e+41 
 58086.923012531326  193498377400764.22   430007998981190.9   822389130343740.6   4211.762033721633   5775.973041513169   6742.198169042585   4.496819489749107e+40  1.4077541546515194e+41  2.8412281674793915e+41 
  58089.65669924812  191714783556253.06   426474448662652.9   817039095328001.4   4211.762033721633   5775.973041513169   6742.198169042585   4.414131971744274e+40  1.3827971336770405e+41   2.809486064868877e+41 
  58092.39038596491   189955291250713.5   422981883327330.7   811734851385354.9   4211.762033721633   5775.973041513169   6742.198169042585   4.333319828605426e+40  1.3577127188936341e+41  2.7781689814828867e+41 
   58095.1240726817   188219478830135.1  419529715174061.25   806475929465602.2   4211.762033721633   5775.973041513169   6742.198169042585   4.254332765521155e+40  1.3291626661582388e+41  2.7472696765164534e+41 
 58097.857759398496  186506933582169.03   416117365963614.0   801261867739342.8   4211.762033721633   5775.973041513169   6742.198169042585  4.1771220374392584e+40  1.3013021844513517e+41  2.7167810788453587e+41 
 58100.591446115286  184817251515057.06   412748745969398.8   795998695227951.4   4211.762033721633   5775.973041513169   6742.198169042585   4.101640395324279e+40   1.274113181521855e+41   2.686696284758838e+41 
  58103.32513283208  183150037142738.56   409658435190533.7   790394058496993.0   4211.762033721633   5775.973041513169   6742.198169042585  4.0278420344733364e+40  1.2475780650320203e+41   2.653419506870218e+41 
  58106.05881954887  181504903275987.28  406600416176434.25   784840709937831.5   4211.762033721633   5775.973041513169   6742.198169042585   3.955682544817359e+40   1.221679726683686e+41     2.6172033171075e+41 
  58108.79250626566   179881470819373.8   403574272477853.0   779338154394921.1   4211.762033721633   5775.973041513169   6742.198169042585  3.8851188631122947e+40   1.196401530069275e+41   2.578727350478586e+41 
 58111.526192982456   178279368573851.5  400579593934762.06   773885901689097.1   4211.762033721633   5775.973041513169   6742.198169042585  3.8161092269501713e+40  1.1717272970687877e+41  2.5377381473453463e+41 
 58114.259879699246  176698233044873.84  397615976563040.44   768483466932621.1   4211.762033721633   5775.973041513169   6742.198169042585  3.7486131305102697e+40  1.1476412947169394e+41  2.4974986888728573e+41 
  58116.99356641604  175137708255720.34  394683022449317.75   763130369835929.5   4211.762033721633   5775.973041513169   6742.198169042585  3.6825912819767917e+40  1.1241282226003696e+41  2.4579946467417737e+41 
  58119.72725313283   173597445566059.5   391780339648483.1   757826133589787.8   4211.762033721633   5775.973041513169   6742.198169042585  3.6180055625604334e+40  1.1018228144840738e+41   2.419211958024099e+41 
  58122.46093984962  172077103495635.78   388907542022575.8   752570286829138.8   4211.762033721633   5775.973041513169   6742.198169042585   3.554818987049439e+40   1.082292415024328e+41   2.382639934147949e+41 
 58125.194626566416  170576347560576.94  386064249209896.25   747362362654302.5   4211.762033721633   5775.973041513169   6742.198169042585  3.4929956658357775e+40   1.063888936980584e+41  2.3566877019866373e+41 
 58127.928313283206  169094850082528.84   383298332235004.5   742201898546805.4   4211.762033721633   5775.973041513169   6742.198169042585  3.4325007683502206e+40  1.0458633494339705e+41   2.331074723375427e+41 
          58130.662   167632290046122.9  380762559048068.25   737088436289844.0   4211.762033721633   5775.973041513169   6742.198169042585   3.373300487849809e+40  1.0282067928132107e+41  2.3057954448787336e+41 
