 texplosion  fnickel    Pspin  log(Bfield)      Mns  thetaPB   mejecta    kappa  kappagamma     vejecta  temperature    alpha  cutoff_wavelength  log(nhhost)      A_V         MJD0  kenergy  mnickel           TSD   log(L0)  Peak_mag     Peak_MJD  log(E_rad)  log(Peak_lum)  Rise_Time    E_fold  tau_1  delta_m15     r_peak     frac 
   -38.7761  0.01054  0.73115     14.59929  1.83991  0.66949  12.06787   0.0182     0.05854  4932.54932   6070.53621  0.23683         4983.37826     16.43179    2e-05   57501.1449  1.75146  0.12715      5781.486  49.04359  19.27426  57536.78006    51.36568        44.9677    9.31167  21.14274   47.0    0.32542  -20.19125  0.99988 
  -18.70364  0.01164  5.08636     14.52813  1.95736  1.35738   8.58498  0.01395     0.23346  6474.42528   7088.49006  1.03004         3949.14789     17.71948  0.00029  57521.21736  2.14669  0.09995  413079.81656  45.53167  19.34565  57543.74537    51.03794       44.70602    9.31167    16.761   32.5    0.61549  -20.65774  0.98881 
  -18.07527  0.02738   3.7266     14.62024  1.83936  1.35893    17.803  0.01005     0.15545  5449.96293   7273.44312  1.30088         4187.92321     18.10628  0.00071  57521.84573  3.15433  0.48746  136339.65694  46.25626    19.339  57543.74537    50.99622       44.63863    9.31167  17.77914   28.5    0.55887  -20.60627  0.96972 
  -23.01539  0.02502  2.95176     14.54046  1.51708  0.71644   8.45406  0.01733     0.04359  5189.76981    6024.4045  0.93881         4309.48006     19.25169  0.00992  57516.90561  1.35828  0.21154  101872.84569  46.50163  19.36463  57546.06714    51.13169       44.78395    9.31167  18.62334   32.0     0.5405  -20.66069  0.98851 
  -33.20737   0.0041   3.4134     14.72271   2.0764  0.65555   9.51451  0.02364     0.11883  4797.78126   6706.53689  1.42959         4028.38445      19.4691  0.01636  57506.71363  1.30645  0.03904   80553.52271   46.6137  19.41411  57543.74537    50.96513        44.5803     11.174  18.62334   37.0    0.37621  -20.52372  0.99821 
  -28.89807   0.0072  2.32433     14.58094   1.7805  0.75652   12.7595  0.01413     0.03948  4954.94909   3445.57101  0.58394         4573.99026     17.25584   0.0001  57511.02293   1.8687  0.09183   61528.83308  46.99771  19.36188   57541.4236    50.95578       44.51037   13.03634  20.48567   39.0    0.41185  -20.43267  0.99762 
  -20.97667  0.00884   2.4354     14.40765  1.60074  1.22724   7.54137  0.01797     0.01105  6083.35412   7004.38646  0.49336         4501.73087     17.85282   0.0004  57518.94433  1.66481  0.06668  134887.76334  46.57005  19.34938   57541.4236    51.19147       44.75107     11.174    22.348   32.5    0.57352  -20.61711  0.99776 
   -32.4407  0.00444  1.12999     14.53085  1.67705  0.75248    8.0336  0.02985     0.13968  6073.39163   5686.14613  0.31058          2647.6762     16.22606    1e-05   57507.4803  1.76766  0.03564   17251.04937  48.15042  19.33378   57541.4236    51.01333        44.6152     11.174  18.82412   40.0    0.39034   -20.3203  0.99983 
  -32.06622  0.01143  0.92926     14.41422  1.31355  0.73865  10.06108  0.01596     0.02046  3842.88541   5362.87482  0.84096         4629.33002     16.76489    3e-05  57507.85478  0.88631  0.11499   15634.95883  48.25692  19.36292   57541.4236    51.17149       44.79444    9.31167  19.41973   41.5    0.36375   -20.2499  0.99953 
  -18.59441  0.02867   5.2366     14.41837  1.53499  0.95079   4.07078  0.02763     0.10603  7156.03251   6268.22249  1.49782          3264.1163     16.78245    3e-05  57521.32659  1.24351  0.11669  569234.98402  45.26156  19.24996   57541.4236    50.84402       44.43019     11.174  19.18303   36.0    0.61626  -20.63304  0.98011 
  -28.29877  0.00126  1.34094      14.3921  1.68928   1.4234  15.55471  0.01049     0.20086  5590.96247   5329.39745  0.31205         4653.28931     17.49938  0.00018  57511.62223  2.90043  0.01968   46359.59821  47.57559  19.30792    57539.964    50.84124       44.34048   13.03634    22.348   38.5    0.46197  -20.41686  0.99986 
  -22.50156  0.01772  2.21464     14.59573  1.75653  0.93646   14.5706   0.0143     0.13845  5746.65459   7358.10231  0.56998         5029.30283     16.31495    1e-05  57517.41944  2.87035  0.25813   51476.41848  47.11129  19.29629   57541.4236    51.05784       44.71645    7.44933  18.62334   29.0    0.50713  -20.64319  0.99429 
  -27.51705  0.09766    0.951     14.62173  1.90062  1.32714    8.1161  0.02863     0.29658  5289.63893   4530.31182  0.58709         4583.11777     18.40234   0.0014  57512.40395  1.35465  0.79259    9112.21039  48.63175  19.34157   57541.4236    51.15239        44.7514    9.31167  21.95824   41.0    0.40028  -20.29096  0.99918 
  -21.52737  0.00137  2.88423     14.42035  1.70193  1.33846   3.78603  0.03204     0.05403  5628.04796   6946.07126  0.70907         4241.86184     19.41995  0.01461  57518.39363  0.71536  0.00519  189722.88244  46.30161  19.22662  57539.10183    50.94999       44.48635    9.31167  23.99439   33.5     0.5645  -20.64603  0.99977 
  -32.00854  0.01453  1.93102      14.3785  1.67273  1.49802  19.39005  0.01268     0.05544  6097.93275   5394.24766  0.91876         2610.32176      18.7381  0.00304  57507.91246  4.30102  0.28166  101345.74732  46.91489  19.28633   57541.4236    50.99126        44.6042    9.31167  19.63666   42.0    0.37361  -20.38621  0.99468 
  -22.13176   0.0183  1.06778     14.65715  1.84808  0.71673    7.2838   0.0217     0.40656  6732.43551   4210.83814  0.03486         4402.68304     17.84571  0.00039  57517.78924  1.96938  0.13332    9488.41277  48.50141  19.39585  57543.74537    51.15583       44.75224     11.174  20.48567   34.5    0.60926   -20.5392  0.99964 
  -39.15739    0.009  0.75696     14.49825  1.70748  0.87278  12.05307  0.02287      0.0285  4628.63795   5993.99644     0.41         4391.32766     19.23007  0.00944  57500.76361  1.54039   0.1085    9158.21325  48.78125  19.25628  57543.74537    50.81611        44.4704     11.174  14.89867   44.5    0.29001  -20.05864  0.99988 
  -24.27865  0.04332  1.76814      14.3991  1.38939  1.19727  18.33273  0.01218     0.04927  6677.84568   3811.43892    0.627         3908.62613     18.42053  0.00146  57515.64235  4.87671  0.79412   64190.73446  47.10916  19.35688  57543.74537     50.7586       44.39837     11.174  14.89867   32.0    0.51533  -20.71244  0.98495 
  -30.65656   0.0159  2.97788     14.71431  2.18507  0.76495    3.7192  0.06976     0.13649  5970.03012   6752.89159  0.68782          3690.5596     18.73706  0.00303  57509.26444  0.79073  0.05915   67060.53547  46.83403  19.31709   57541.4236    51.01039       44.61367    9.31167  19.64148   36.5    0.39422  -20.45767  0.99813 
  -24.09851  0.09639  1.93369     14.59856  1.83455  1.37662   9.49493  0.02891      0.0233  7075.26927   3492.08064  1.34818         2585.19574      18.1914  0.00086  57515.82249  2.83534  0.91518   40457.84862   47.3526  19.37942   57541.4236    51.12169        44.7082    9.31167    22.348   33.5    0.47126  -20.66524  0.98827 
  -24.52699  0.08136  0.71179     14.52633  1.73738  1.48131   7.59486  0.02379     0.04526  5068.01742   4762.04513  0.47172         4856.85149     17.93133  0.00047  57515.39401  1.16365  0.61796    7240.09945  48.94429  19.32642  57543.74537    51.16612       44.81858    9.31167  18.62334   31.5     0.5172  -20.57101   0.9997 
  -28.46092  0.11152  0.75676     14.42795   1.3877   1.4231   8.36849  0.03023     0.06349  5329.62791   3965.23367  0.76605         3929.01593     17.15628    8e-05  57511.46008  1.41797  0.93323   10283.28201  48.64109  19.31238  57543.74537     51.0722       44.78346    9.31167  14.89867   45.5    0.36333  -20.20799  0.99909 
  -27.92895  0.00637  1.22633     14.37248  1.51305  1.06175   8.43616   0.0206     0.41656  5704.72996   6478.74793  0.32598         4598.74754      18.2462  0.00098  57511.99205  1.63773  0.05378    38011.6729  47.69157  19.37283  57543.74537    51.18743        44.8217    9.31167  20.09591   38.0     0.4677  -20.47004  0.99961 
  -22.62525  0.02439  2.59042     14.54554  1.65799  0.92766  13.82965  0.01112     0.29563  5095.45704   6900.66422   0.8771         4451.18472     18.44062  0.00153  57517.29575  2.14193  0.33725   83762.19439  46.73864  19.38647  57543.74537    50.98224       44.76365    7.44933  13.03634   31.0    0.54015  -20.65095   0.9881 
    -21.354  0.00225  2.31459     14.74438  2.07735  0.68378   4.10039  0.03349     0.09541  6147.18355    6455.4623  0.38267         4368.38486     18.75535  0.00316    57518.567  0.92428  0.00922   33536.57031  47.33189  19.36489  57546.06714    50.95996       44.66376    9.31167  14.89867   33.5    0.58516  -20.61351  0.99982 
  -37.01832  0.00264  0.76257     14.53403  1.81925  0.82553    6.3131  0.04375     0.41808  5652.54698   6021.73846  0.02255         5881.58297     17.12093    7e-05  57502.90268  1.20326  0.01666    8398.48778  48.83998  19.21256  57539.10183    51.23443       44.86315    9.31167  18.62334   42.0    0.33237  -20.18687  0.99998 
  -32.52519  0.00112  1.75205     14.44549  1.82677  1.44538  13.94204  0.01468     0.06373  4390.37977   7328.46694  0.68408         4746.06054     16.14559    1e-05  57507.39581  1.60309  0.01556   66927.37938  47.21783  19.39962    57546.978    51.12319       44.85261    7.44933  14.89867   39.5    0.34527  -20.28267   0.9998 
  -17.62874  0.03819   3.6842     14.53933  2.00708  1.43201     3.486  0.02607     0.07816  7496.27556    5213.0587  0.45706         4287.58752     17.01442    6e-05  57522.29226  1.16855  0.13312  211064.32911  46.11431  19.23207  57539.10183    50.94114       44.46502   13.03634    22.348   36.0     0.6643  -20.63793  0.99255 
  -18.88426  0.00894  2.06573     14.51671  1.89661  1.50962  11.19334  0.01012     0.44248  5982.65952   5563.67198  0.48123         4193.22055     17.18485    9e-05  57521.03674  2.38988  0.10007    69585.3897  47.07416  19.27786  57543.74537    50.79767        44.5546    9.31167    11.174   32.0    0.64067  -20.59696  0.99831 
  -23.86631  0.06458  2.83051     14.48741  1.64875  1.15785   5.29726  0.03551     0.12879  5385.22431   7024.92996  1.08038         4006.55551     18.70436  0.00281  57516.05469   0.9164  0.34209  129978.73142   46.4684  19.32099  57543.74537    50.78966       44.46219     11.174  14.68272   30.5    0.48392  -20.68522  0.98529 
  -17.10033  0.43812  4.03879     14.57278  1.62648  1.48645   3.08959  0.04744      0.0104  6279.39862   7162.40463  1.34291         4128.26845     17.67622  0.00026  57522.82067  0.72672  1.35362  176201.65553  46.02158  19.42351  57543.74537    50.97723       44.63652    9.31167  16.96179   30.5    0.60748  -20.68979  0.88978 
  -27.09773  0.00237  1.99148     14.40505  1.56529  1.03894  19.85441  0.01026      0.0718  6228.76785   5822.93456  0.34319         4254.17207     16.97345    5e-05  57512.82327  4.59503  0.04698   89261.66955  46.91442  19.34486  57543.74537    50.91461       44.49594    9.31167  20.48567   35.5    0.46557  -20.53396  0.99893 
  -17.40674  0.00669  4.47337     14.83529  1.75789  0.41889   5.46863  0.02109     0.13012  6960.86658    6918.8616  1.16399         3137.85042     16.44835    2e-05  57522.51426  1.58064  0.03659   69741.72636  46.36908  19.37575  57543.74537    51.25258       44.88934    9.31167  20.48567   33.5    0.64039  -20.62427  0.99625 
  -27.11826  0.05992   0.8019     14.51021  1.77926  1.44018   7.97723  0.02412     0.03477  4850.79999   3293.82014  0.51625         4884.99003     18.92217  0.00464  57512.80274  1.11971    0.478   10136.01207  48.70498  19.18163  57532.13651    50.81603       44.23636   14.89867  29.79734   38.5    0.41179  -20.34802   0.9996 
  -31.24683  0.03711  1.01903     14.72919  1.80355  0.69149  20.89982  0.01308     0.07889  5507.00514    5666.1962  0.85269         3069.37908     18.27909  0.00106  57508.67417  3.78095  0.77558    6052.49769  48.72666  19.34552    57539.921    50.83599       44.33794     11.174  24.21034   47.0    0.34822   -20.1567  0.99858 
    -22.105  0.04425   1.6613     14.53492  1.76268  1.20612  11.30656  0.01467     0.20313  5617.81805   4790.00869  0.54144         4656.23672     19.05469   0.0063    57517.816  2.12859  0.50026   38463.31174  47.48908  19.33271   57541.4236    51.26319       44.87465    7.44933    22.348   32.0    0.57438  -20.62976  0.99488 
  -30.54082  0.00351  2.52282     14.77213  1.85334  0.45453   2.79121   0.0796      0.1688  6040.89781   5848.27638  0.68464         3284.05583     19.70988  0.02848  57509.38018  0.60761   0.0098   31281.64284  47.23774  19.29987   57541.4236    51.13244       44.72395    9.31167    22.348   39.0    0.41776  -20.50703  0.99971 
  -22.10877  0.04379  1.29412     14.53596  1.64916  1.09023  14.06509  0.01222     0.20749  5930.01858   4235.04268  0.43463         4691.57155     16.37953    1e-05  57517.81223  2.95041  0.61587   21732.23607  47.92506  19.33012    57539.964    51.17758       44.73984    9.31167  23.11311   31.5    0.58351  -20.59688  0.99679 
  -32.11174  0.01306  1.24577     14.35489  1.41316  0.94725  19.68113  0.01185     0.09785  6074.78827   5985.97187  0.27633         3765.65396     17.50504  0.00018  57507.80926  4.33251    0.257   39727.58268  47.62907  19.37382  57546.06714    50.78162       44.39064   13.03634    16.761   41.5    0.38224  -20.36335  0.99776 
   -22.4589  0.17689  2.45134     14.62684  1.79923  0.98995   3.36285  0.06685     0.02624  6234.74673   6807.98516  0.70279         4225.78811     17.36086  0.00013   57517.4621  0.77978  0.59485   55979.86524  46.99709   19.3155  57543.74537    50.98323       44.63303    9.31167    16.761   30.5      0.497  -20.64505  0.98454 
  -42.09455  0.00137  0.91652     14.24997  1.51445  1.43776  10.70771  0.02519     0.36932  4919.95638   4976.47062  1.67858          2142.0283      16.2557    1e-05  57497.82645  1.54613  0.01471   37361.38714  47.95239  19.28463   57541.4236    51.11397       44.70687     11.174  20.48567   48.5    0.28764  -20.13504  0.99995 
  -21.92429  0.05401  2.04243     14.43439  1.61931  1.46547  12.17237  0.01601     0.03284  6499.53444   3614.49773  0.88484         3317.78755     20.30386  0.11184  57517.99671  3.06737  0.65739   84850.72206  46.92923  19.32819  57543.74537    50.89071       44.46144    9.31167  21.03735   32.5    0.53243  -20.76369  0.98604 
  -18.85567  0.00556  2.90866     14.44057  1.76376  1.48333   8.10537  0.01437     0.05567  6728.82009   5130.11698  0.43928         4560.62495     18.14305  0.00077  57521.06533  2.18916  0.04507  182177.73464   46.3274  19.27769    57539.964    51.28917       44.98303    7.44933    16.761   34.0    0.62953  -20.63865   0.9981 
  -27.32014  0.00508  0.82489     14.47913  1.88302   1.2254   6.15278  0.03161     0.08301  5946.33155    4443.0863  0.06352         2970.03637     16.93579    5e-05  57512.60086  1.29777  0.03123   13097.73494  48.59371  19.42075  57543.74537    51.09462       44.76611    9.31167    16.761   39.0    0.44865  -20.35932  0.99996 
  -27.39165  0.10563  1.18121      14.8936  1.87934  0.52229   7.62686  0.03188     0.04088  5419.27078   5205.29727  0.87055         3405.82131     17.28761  0.00011  57512.52935  1.33615   0.8056    3974.52186  48.79891  19.29469  57543.74537    51.14522       44.82201    9.31167    16.761   41.5    0.39365  -20.30062  0.99799 
  -18.49794  0.04813  3.33519     14.68256  1.39929  0.54362  11.28788  0.01594     0.09477  5605.95618   5916.34033   1.4221         4220.29487     20.03322  0.05997  57521.42306  2.11611  0.54328   62352.16213  46.57366  19.29321  57543.74537    50.86716       44.42032    9.31167    22.348   29.0    0.52399   -20.7285  0.95883 
  -17.78954  0.01173  4.70362     14.65447  1.82022  0.66531   0.75731  0.10668     0.28304  5814.97541   4068.26273  0.90468         4491.02964     19.26172  0.01015  57522.13146  0.15276  0.00888  183594.38464  45.92025  19.25104  57532.13651    51.10949        44.5474   14.89867  29.40758   35.0    0.61799  -20.64624  0.99904 
  -30.88754  0.02516  0.96083     14.53355  1.75987  0.85052   6.39376  0.03221     0.03848  5691.94357   3172.63872  0.22449         4696.46462     18.38193  0.00134  57509.03346  1.23568  0.16084   12926.83481  48.43754  19.40535  57543.74537     50.6275       44.14992   14.89867  20.48567   41.0      0.391  -20.34365  0.99962 
  -18.73271    0.023  3.77131     14.43616  1.62611  1.22352   4.58025  0.03176     0.01686  6341.17755   6840.63594  0.87763         4193.50263     16.62998    2e-05  57521.18829  1.09864  0.10535  288153.89816  45.86739  19.28927  57546.06714    50.88037       44.65165    7.44933  12.19214   30.5    0.60609  -20.67234  0.99146 
   -19.0742  0.04639  2.21114     14.70307  2.05207  1.02801    8.8418  0.01403     0.06962  4213.59046   5130.26032  0.97804         4774.93029     16.02737    1e-05   57520.8468  0.93642  0.41014   36568.29671   47.3287   19.2926   57541.4236    51.09127       44.64271    9.31167  24.21034   27.5    0.55399  -20.64561  0.99359 
  -22.32562  0.00138  2.10173     14.65901  1.66826  0.57475   4.59331  0.02891     0.10486   5783.7268    5123.5616  0.39503         4939.00897     16.38675    1e-05  57517.59538  0.91658  0.00634   32901.00471  47.32874  19.38233  57543.74537    50.92252       44.54462     11.174  18.40739   34.5    0.56392  -20.59882  0.99986 
  -29.23025  0.02213  1.69107     14.42409  1.69526  1.27607   5.99741  0.03637     0.01144  5202.20593   6146.18593  0.53755         4292.95683     18.56836  0.00206  57510.69075   0.9682  0.13273   63854.74419  47.23657   19.2869  57539.10183    51.08861       44.66179    9.31167  22.54879   37.0    0.40594  -20.39238  0.99825 
  -31.59498  0.05256   1.0209     14.51211  1.79769  0.95641   5.10897  0.04643     0.29159  5821.98433   4753.31018  0.55773         2410.45508     19.90972  0.04513  57508.32602  1.03301   0.2685   16454.07362  48.28932  19.34779   57541.4236    50.97422       44.53472    9.31167    22.348   43.5    0.35733  -20.30478  0.99927 
  -30.84152  0.00765  1.20475      14.7735  2.09504  0.61221  14.04988  0.01347     0.38875  4664.81056   5981.15375  0.47141         4633.88134     19.27725  0.01052  57509.07948  1.82376  0.10744    8013.17066  48.52444   19.3464  57543.74537    51.18612       44.98308      5.587  13.03634   41.5    0.37797  -20.27111  0.99966 
  -23.15666  0.00788  1.62781     14.58538  1.68433  0.70805   9.14818  0.01542     0.01306  5976.03902   4831.70747  0.36247         4282.74951     19.20787  0.00897  57516.76434   1.9489  0.07212   27970.46602  47.62536  19.29071  57543.74537    50.90045       44.52174    9.31167  18.40739   34.5    0.57438  -20.61998  0.99912 
  -28.22611  0.01882  1.28618     14.49356  1.56983  0.80755   6.90099  0.03089     0.06233   5527.8419   6565.67991  0.30422         4674.13741     17.38913  0.00014  57511.69489  1.25791  0.12987   24840.53065  47.85093  19.33465  57543.74537    51.08351       44.68903    9.31167  20.48567   38.0    0.40675  -20.39662  0.99904 
  -19.78668  0.07172  2.78934     14.39227  1.50527  1.33312   5.26481  0.02343     0.01352  6013.86386   7104.11549  0.58549         4810.50605     17.64465  0.00025  57520.13432  1.13584  0.37761  178601.49596  46.30357  19.32382    57539.964    50.92913       44.46961   13.03634  22.13205   34.0    0.60691  -20.59573   0.9818 
  -22.07261  0.05295  3.54187      14.4428  1.52543  1.24469   9.17074  0.01904     0.30753  5379.83378   4468.76053  1.42313         4070.54897     17.39008  0.00014  57517.84839  1.58332  0.48557  231240.57433  45.98971  19.30492  57543.74537    50.94326       44.56647     11.174    16.761   30.0    0.50606  -20.71443  0.96317 
   -33.3814  0.00128  1.97745     14.57194  1.85279  0.75967   19.1819  0.01272     0.02297  5744.10929   5738.17038  1.55642         2013.91284     18.28043  0.00106   57506.5396  3.77541  0.02465    48302.6208  47.26049   19.3766   57541.4236    51.26397       44.88272    9.31167  20.48567   43.0    0.33571  -20.32159  0.99958 
   -29.4634  0.01614  1.67474     14.65437  1.98001  0.85439  25.10585  0.01125     0.02514  6562.09125   3353.63418  0.15361         4554.11219     16.02409    1e-05   57510.4576  6.44891  0.40526    25330.2672  47.71398  19.36395  57543.74537    50.81655       44.34983   13.03634  20.48567   38.0    0.39127  -20.38457  0.99635 
  -20.60297  0.05031  3.10416       14.638  2.00115  1.07877  10.32259  0.01511     0.01665  6312.78901   6021.51774  0.65625         3954.15704       16.367    1e-05  57519.31803  2.45391  0.51934   94836.82964  46.60926  19.34532  57543.74537    51.02579       44.64687    9.31167  19.64148   34.0    0.56343   -20.5999  0.98027 
  -32.12385  0.00919  1.48685     14.59996  1.80938  0.72758  12.86076  0.01967     0.22111  6110.26105   5871.22999  0.13515         4685.36169     17.21056    9e-05  57507.79715  2.86427  0.11818   23440.34718  47.81188  19.37838  57543.74537    50.77611         44.398     11.174  18.62334   39.5    0.37419  -20.33683  0.99899 
  -21.24089  0.00997  2.59736     14.45359  1.77493  1.44861   4.83383  0.02424     0.07643  5181.85153   3748.67606  0.71949           4426.843     19.02197  0.00584  57518.68011  0.77426  0.04819  137683.29052  46.55008  19.34386  57543.74537    51.19895       44.83886    7.44933  19.38844   32.0    0.58006  -20.63662  0.99843 
  -20.40983  0.00184  2.89355     14.73764  1.81068  0.56851   7.39242  0.01559     0.08111  4833.03987   5681.15163  0.79431         4456.57337     16.88802    4e-05  57519.51117  1.03004  0.01361   47124.44736  46.93058  19.38755  57546.06714    51.10964       44.83401    7.44933  14.89867   31.5    0.55738  -20.58667  0.99946 
  -23.39563  0.04844   2.9488     14.46706  1.62765  1.53728   8.22624  0.02302     0.01041  4849.60189     5779.155  1.33067         4143.77458     17.04321    6e-05  57516.52537  1.15409  0.39845  152950.28797  46.35657  19.35004   57541.4236    51.11948       44.76246    9.31167  18.23358   30.5     0.4744  -20.68527  0.98115 
   -22.2361  0.01426  3.25574      14.4398  1.71134  1.46883   5.27843  0.02417     0.32618  4406.91874   7048.03816  1.09717          4738.2342      18.7355  0.00302   57517.6849  0.61151  0.07529  222255.30604  46.13003  19.27336  57543.74537    51.07847       44.75868    7.44933  16.96179   29.5    0.52735  -20.71339  0.99582 
  -26.61717  0.08416  3.00444     14.51928  1.74982  1.07544   5.25815  0.04921     0.02625  6588.69069   5113.25044  1.30042         2828.45555     18.30794  0.00113  57513.30383  1.36163  0.44252  134209.35105  46.42853  19.33356  57546.06714    50.78017       44.37086   13.03634  18.62334   36.0    0.42994  -20.58246   0.9803 
  -31.82202  0.00201  1.19222     14.84482  2.14419  0.48631   9.53719  0.02002     0.16106  5762.38116   5805.44503  0.22503         4036.17502     16.31601    1e-05  57508.09898  1.88909  0.01919    5783.02983  48.68524   19.3325   57541.4236    51.09395       44.73435    9.31167    16.761   42.0    0.39469  -20.34835  0.99994 
  -26.39266  0.01933  1.62426     14.38046   1.4763  1.47143  24.68534   0.0113     0.02481   6372.4138   4621.60355  1.03145         2436.56807     16.78857    3e-05  57513.52834  5.97963  0.47719    62716.4353  47.21933  19.35016  57543.74537    51.08387       44.69329    7.44933  20.68645   36.5    0.40828  -20.46014  0.99324 
  -22.88034  0.01582   2.7507     14.55726  1.89335  1.13086  17.21241  0.01051     0.38997  5903.73371    3932.3194  0.61837         4209.54086     16.28944    1e-05  57517.04066  3.57868  0.27229  102190.38773  46.65778  19.35097  57543.74537      50.891       44.46871     11.174  19.18303   32.0    0.53361  -20.62713  0.99108 
  -32.53025  0.00416  2.36509     14.43082  1.79917  1.21729   9.99468  0.02708     0.03136  5921.31739   5827.34692  1.63361         2013.83329     19.08441  0.00675  57507.39075  2.09042  0.04156   128512.3568  46.66728  19.37871  57543.74537    51.00384       44.60903     11.174  18.82412   41.5    0.33879  -20.32187  0.99889 
  -24.79303  0.00155  2.92607     14.56267  1.73774  0.76845   4.28783  0.03231     0.02233  5672.58717    6959.8724  0.68895         4155.86135     16.60339    2e-05  57515.12797  0.82305  0.00664  103522.58038  46.56123  19.32022   57541.4236    51.03898       44.62519    9.31167    22.348   34.5    0.53234  -20.65902  0.99971 
  -28.85612  0.00188  1.68127     14.25064  1.35808  1.41231  20.38214  0.01019     0.07612  5155.10052   6620.24162  0.63545         4442.66335     19.96067  0.05075  57511.06488  3.23111  0.03836  112393.16654  46.89975  19.29868  57543.74537    50.89197       44.64825    7.44933  13.03634   36.5    0.39747  -20.49134  0.99925 
  -23.16736  0.01596  1.86797     14.35833  1.50545  1.56178  13.72828  0.01303     0.06737  6182.62771   6353.90059  0.41384          4505.1886     16.63937    2e-05  57516.75364  3.13033  0.21913   93663.27625   46.9322  19.34326  57543.74537    50.90252       44.55159    9.31167  18.40739   32.5    0.54887  -20.62485  0.99557 
  -20.54327  0.00314  1.88882     14.59497  1.76303  0.77188   4.91296  0.02263     0.26694  5907.88499   4931.88504   0.5307         4070.63833     18.68427  0.00269  57519.37773   1.0229  0.01544   37715.26989  47.38621  19.29009  57543.74537    51.14655        44.8842    7.44933  14.50891   33.0    0.64157  -20.66394  0.99975 
  -20.87441  0.00271  3.43522     14.65102  1.80763  0.69869   3.96009  0.03173     0.05217  5462.29684   6708.53347  0.80639         4379.08661     19.21148  0.00904  57519.04659  0.70483  0.01074   98810.08385  46.45925  19.36051  57546.06714    51.03313        44.6729    9.31167  17.77433   32.0     0.5684  -20.63639  0.99938 
  -20.50124  0.08573  2.83155     14.49151  1.66682   1.2349   4.35784  0.03692     0.32775  6046.53784   5783.18502   0.8546          4156.7969     16.78457    3e-05  57519.41976  0.95041  0.37358  129044.40225  46.47595  19.36201  57543.74537    51.15622       44.79728    7.44933  20.48567   30.0    0.56214   -20.6901  0.98428 
  -29.92649    0.009  1.26766     14.40234  1.48159  0.95243  10.32103  0.01771     0.14661  4316.28175   4428.03799  0.56417         4935.02319     18.17665  0.00083  57509.99451  1.14702  0.09285   34663.01019   47.6937   19.3454   57541.4236    51.01767       44.57489    7.44933  23.36133   40.5    0.37561  -20.29104  0.99925 
   -24.6182  0.00104  0.91683     14.44237  1.45219  0.90424  12.93452    0.013      0.0143  4868.24658   7006.79922  0.50972          4657.5796     17.10688    7e-05   57515.3028  1.82862   0.0134   14780.37077  48.33661  19.30654   57541.4236    51.20176       44.85708    7.44933  18.62334   29.5    0.48835  -20.60705  0.99996 
  -19.90344  0.00245  2.12949     14.54849  1.77915  0.96154    6.8778  0.01634     0.15103  5368.01985   3952.67802  0.57988         4992.89761     16.82065    4e-05  57520.01756  1.18224  0.01687   59923.28604  47.08491  19.31556  57543.74537    50.92631       44.53071     11.174  18.40739   30.5    0.61762  -20.66542  0.99965 
   -28.6996  0.01518  1.51088     14.65253  1.88766  0.66043   4.00505  0.05534     0.05131  6437.15055   5492.17096  0.32518         2552.07141      19.9428   0.0487   57511.2214  0.98997  0.06079   19821.52709  47.88917  19.37106  57543.74537     51.0938       44.79518    7.44933    16.761   39.0    0.41763  -20.47209  0.99949 
  -15.31192  0.00472  2.30244     14.19766  1.14848  1.36398   2.35088  0.03383     0.25872  6641.84044   6521.23407   0.6213         3846.91697     18.73567  0.00302  57524.60908  0.61864   0.0111  227505.56747   46.2476  19.36413   57541.4236    51.31307       44.89725    9.31167    22.348   34.0    0.70395  -20.57345  0.99944 
  -18.18557  0.01548  3.35946     14.58504  1.81418  0.82669   2.64183  0.05085     0.14122  7832.98334    6575.0409  0.42075         4215.30766     20.12288  0.07372  57521.73543  0.96691   0.0409  128513.95344  46.36604  19.30587    57539.921    51.06911       44.62992     11.174    22.348   33.0    0.63895  -20.71419  0.99777 
  -32.15286  0.01739  1.28391     14.56451  2.08135   1.1017  10.32977  0.01846     0.03503  5268.06341   6532.99152  0.44086         4559.84078     16.06107    1e-05  57507.76814  1.71009  0.17967   23670.82965  47.99591  19.33173  57543.74537    50.97956       44.74354    7.44933  13.03634   42.0    0.38399  -20.36582  0.99927 
  -18.83566  0.00197  1.49299     14.24914  1.30384  1.54287   4.85646  0.02673      0.0422  6378.30476   6307.89252  0.30513         4719.08535     19.67456  0.02626  57521.08534  1.17858  0.00956   85678.83268  47.10308  19.37045  57543.74537    51.10123       44.83515    7.44933  13.03634   32.5    0.64584   -20.6141  0.99985 
   -31.8382  0.05497  2.08598     14.52527  1.76274  1.10526   6.80542  0.03151     0.02987  4203.10766   6376.09771  1.11445         4496.64631     17.01899    6e-05   57508.0828  0.71717  0.37411   63398.49101  47.07433  19.30354  57543.74537    50.86984       44.43976     11.174  19.18303   40.0    0.35106  -20.30671  0.99271 
  -13.09025  0.03794  4.95388     14.54197  1.85948  1.25485   3.31919  0.01736     0.02241  5652.07595   6350.67295  1.07421         4482.99296     17.96642  0.00051  57526.83075  0.63252  0.12594   349261.1006  45.60519  19.29752  57543.74537    50.69965       44.31529     11.174  18.62334   31.0    0.74145  -20.66471  0.98562 
  -17.42008  0.02614  4.75289     14.62308  1.66344  0.63297   1.61422  0.06569        0.22  7537.46351   5004.57643  0.91846         3719.21891     18.82313   0.0037  57522.50092  0.54707  0.04219  197959.76186  45.83936  19.36231  57543.74537      51.051       44.66493     11.174  18.62334   34.0    0.65995  -20.67325  0.99469 
  -23.17767  0.01719  2.92759     14.41632  1.75087  1.45636   2.40025  0.06816      0.0621  6967.75052   6943.00805  0.44638         3084.83937     18.99907  0.00554  57516.74333  0.69513  0.04126  204852.83834  46.26764  19.35522  57543.74537    50.81724       44.48205     11.174  14.89867   35.5     0.5383   -20.5824  0.99821 
  -23.23754  0.07821  1.75483     14.48726  1.42011  0.99245   8.41568  0.02375      0.0337  5447.69916   3002.83163  0.80647         4465.43963     17.46777  0.00016  57516.68346  1.48985  0.65815   43061.26435  47.29861  19.31859  57543.74537    51.16535       44.78455    7.44933  20.48567   30.0    0.50369  -20.66787  0.98871 
  -31.08207  0.00304  0.98892     14.41351  1.60187  0.99465  14.79726   0.0151     0.06892   6151.2671    6766.0123  0.08195         3385.20088     16.55538    2e-05  57508.83893  3.33993  0.04492   21664.37433  48.14741   19.3341    57539.921     51.0743       44.62359    9.31167  24.21034   39.5    0.39277  -20.32861  0.99985 
   -36.8394  0.03902  2.72926     14.50027  1.76258  1.54186  15.84413  0.01894     0.02602  4236.87538   5114.75508  2.56644         3565.04149     19.45359  0.01579   57503.0816  1.69663  0.61823  121762.82139  46.55739  19.33201   57541.4236    50.91878        44.4914     11.174  20.48567   47.0     0.2921  -20.11737  0.97823 
  -26.19732  0.00285  1.98314     14.30732  1.39872  1.19262   9.91932  0.01661     0.16916  4909.26908    5231.4901  0.77381         4448.00559     19.83989  0.03843  57513.72368  1.42608  0.02824  124056.17648  46.72625  19.34488  57546.06714    51.05299       44.69637    9.31167  17.77433   33.5    0.47182  -20.62062  0.99924 
  -16.55014  0.02998  4.52583     14.58296  1.56391  0.67393   2.79387  0.04367     0.16201  7036.33943   5755.18972  2.01959          2672.8923     19.07605  0.00662  57523.37086  0.82514  0.08375  203006.96555  45.84415  19.31637   57541.4236    50.96378       44.51058     11.174    22.348   33.0    0.64217  -20.62979  0.98958 
  -17.85839  0.02717  5.07072     14.82513  2.06464  0.56913   5.34776  0.01787     0.08261  5623.32599   6833.32654  1.20793         4073.64494       19.192  0.00864  57522.06261  1.00876  0.14531  110291.13728  46.13101  19.30783  57539.10183    51.23663       44.77964    9.31167  26.07267   31.5     0.6642  -20.71199  0.98515 
  -28.12016  0.00178  2.05954     14.23414   1.3499  1.38784    13.458  0.01465     0.01556   5927.8382   5892.60916  0.55782         3981.88306     19.60235  0.02224  57511.80084  2.82098   0.0239  180870.25642  46.51424  19.32588  57543.74537    50.79089       44.41911     11.174  15.45837   36.5    0.45169  -20.55574  0.99925 
  -22.37984  0.02206  2.41936     14.51411  1.78757  1.05406   7.38102  0.02269     0.25591  7052.82732   6680.98228  0.58982         2761.87697      17.1163    7e-05  57517.54116  2.19013  0.16279   91047.53518  46.79444  19.37794  57546.06714    50.73651       44.29405     11.174  20.48567   34.0    0.58693   -20.6456  0.99551 
  -23.43984  0.00723  2.41373     14.58788  1.69425  0.74214   7.89419  0.01961     0.04519  5599.61383   6650.00275  0.64274         4183.40827      16.3363    1e-05  57516.48116  1.47656  0.05706   61152.75433  46.94603  19.32313  57543.74537    50.89008       44.49368     11.174  18.40739   32.0     0.5373  -20.63703  0.99828 
  -24.21487  0.07239  1.23348      14.4944  1.64452  1.04962   5.67359  0.03134     0.10249  5694.60235   5453.51638  0.36107         4868.35804     16.81208    4e-05  57515.70613  1.09752  0.41071   23840.47204  47.92531  19.10201  57534.45828    50.91125       44.42256   13.03634  23.99439   31.0    0.56363  -20.69324  0.99787 
  -25.69296  0.00398  2.58005     14.38032   1.6074   1.2438   7.96622  0.02707     0.01773  6964.96376   6506.06117  0.85707         2205.94272     19.11646  0.00726  57514.22804  2.30525  0.03174  172406.47378  46.41516  19.37084   57541.4236    51.02625       44.61253     11.174  20.68645   35.0    0.47467  -20.57861  0.99879 
  -30.65559  0.00535  3.51072     14.52604  2.15132  1.36205  11.07715  0.02064     0.05633  6215.76394   5790.47909  0.57773         3631.02737     18.70086  0.00279  57509.26541  2.55296  0.05923  218390.14369  46.17152  19.36309  57543.74537    50.99722       44.68486    9.31167    15.912   38.5    0.40744  -20.48781  0.99727 
  -36.39032  0.01034  1.49717     14.57736  1.96934  0.84042  21.48424  0.01371     0.22834  6270.48743   4335.07777  0.08865         3262.68572     19.16105  0.00805  57503.53068  5.03906  0.22223   28705.82798  47.75465  19.32395   57541.4236    51.22082       44.83245    9.31167  20.48567   42.5    0.34414  -20.31706  0.99829 
  -29.37718  0.01627  1.19701     14.29566  1.42397  1.28069   9.67548  0.02226     0.10226  6064.83307   6228.26329  0.32507         3065.26757     16.95019    5e-05  57510.54382  2.12294  0.15742   48550.35816  47.57996  19.19405  57536.78006    51.16474       44.76792    9.31167  21.21629   39.5     0.4216  -20.38253  0.99881 
  -31.10217  0.00116  1.50305     14.45709  1.88762  1.34265   5.00599  0.04623     0.13565  5593.64062   4814.74905   0.2137         4720.71968      16.9242    5e-05  57508.81883  0.93434   0.0058   48249.35482  47.50732  19.36447  57543.74537    50.71696       44.32358     11.174    16.761   39.5    0.36848  -20.32295  0.99995 
  -23.66716  0.00107  3.36082     14.48938  1.60694  0.90417   6.82361  0.02058     0.06927  4591.67065   6421.93497  1.20089          4408.1668     17.85443   0.0004  57516.25384  0.85819  0.00733  176990.59646  46.17401  19.34638   57541.4236    51.20182       44.86899    7.44933  18.62334   30.0    0.51883  -20.71006  0.99952 
    -26.388  0.04629  2.55102     14.46027  1.54824  1.56872  18.14316  0.01395     0.07989  5755.31809   4756.46626  1.48114         3496.10234     17.65556  0.00025    57513.533  3.58491  0.83988  112340.98556  46.59472  19.37739  57546.06714    50.93519       44.52729     11.174  19.18303   36.0    0.41979  -20.56955  0.96946 
  -23.81763  0.17442  1.34872     14.49678  1.68179  1.44885   4.68725  0.03391     0.01008  5259.90243   5752.47036   0.6779         4392.46271     18.71264  0.00287  57516.10337  0.77357  0.81754   28831.26822  47.77491  19.34154  57543.74537    51.05855       44.63321    7.44933  22.54879   30.5    0.57744  -20.71673  0.99531 
  -31.99599  0.00168  1.53057     14.45883  1.86495  1.24924   7.77696  0.03025     0.02486  5782.24358    5395.2254  0.41826         3098.38341     18.39308  0.00137  57507.92501  1.55106  0.01304   49037.64618  47.47927  19.33542  57543.74537    50.97356        44.6483    9.31167    15.912   40.0    0.38588  -20.32577  0.99988 
   -27.2567  0.11011  0.91777      14.5529  1.53641  1.16437   6.98695  0.02855     0.23649  3943.55358   4810.25115   1.3771         4208.29805      18.9802  0.00531   57512.6643  0.64817  0.76936    9418.84135  48.55589  19.29266  57539.10183    51.06636         44.635     11.174  20.48567   39.0    0.36168  -20.27027  0.99895 
  -25.71318  0.00102  2.56069     14.47154  1.75238  1.10924   5.68052   0.0298     0.37031  5524.59656   7538.07925  0.66874         4462.42213     18.70241   0.0028  57514.20782  1.03423  0.00582   121638.3001  46.61069  19.42422    57546.978    51.27133       44.99737    7.44933  15.62929   32.5    0.51069  -20.65923  0.99981 
  -27.05003  0.20514  2.13772     14.64287  1.85643  1.27898   4.14181   0.0604     0.05981  4947.13912   3737.59358  1.53999         3647.72853     18.27874  0.00106  57512.87097  0.60468  0.84967   40799.39926  47.26697  19.30874  57543.74537    50.96739       44.55536     11.174  18.62334   39.0    0.37911  -20.37188  0.98658 
  -32.90497  0.00497  1.03426     14.43533  1.83616  1.29733   14.5693  0.01618     0.40443  5823.48059   6683.58954  0.23243         3271.75049     19.49808  0.01749  57507.01603  2.94735  0.07237   24566.12064  48.11316  19.27808   57541.4236    50.83519       44.35889   13.03634    22.348   41.0    0.36489  -20.30293  0.99979 
   -29.7067  0.02419  1.12813     14.42132  1.66043  1.36745   9.15085  0.02183     0.02736  4574.80862   6211.70525  0.62831         4524.89606      19.1839  0.00848   57510.2143  1.14244  0.22138   28191.17266  47.93423  19.30803    57539.964     51.0374       44.61671     11.174  20.48567   40.0    0.37396  -20.30253  0.99909 
  -35.60442  0.00286  1.29481     14.52572  1.77972   0.8339  20.07036  0.01367     0.24667  5598.61784   5246.82354  0.28903         3938.71299     19.25247  0.00994  57504.31658   3.7527  0.05742   24611.65443  47.90364  19.32683   57541.4236    51.16383       44.76205    9.31167  20.48567   41.0    0.34023  -20.26278  0.99964 
  -22.85735  0.02594  2.97276     14.49043  1.82448  1.28562   4.49983   0.0361     0.24256  5903.14687   7004.72521  0.68503         4375.41329     17.83742  0.00038  57517.06365  0.93538  0.11671  156466.26002  46.38924  19.29837  57536.78006    51.10216       44.67136   13.03634  20.48567   31.5    0.55317  -20.67924  0.99515 
   -31.7056  0.00788  0.88042     14.49061  1.82634  1.09637  13.23005  0.01546     0.18225  5069.39182   6699.88847  0.26689         4676.96541     18.93073  0.00474   57508.2154  2.02815   0.1043   13726.12421   48.5035  19.39356  57543.74537    51.07452       44.64831     11.174  20.68645   42.0    0.35741  -20.21645  0.99984 
  -21.81316  0.16228   3.0329     14.54248  1.71715  1.45319   5.38261  0.04506     0.06458  6544.39403   3345.76173  1.39257         3437.89668     20.02664  0.05907  57518.10784  1.37518  0.87348  120608.86375  46.45856    19.386  57543.74537    50.92497       44.57061    9.31167    16.761   32.5    0.49479  -20.71426  0.96122 
  -25.73522  0.00211  2.30626     14.87423  2.02025  0.46614    3.5172  0.05905     0.05601  6133.41817   5483.24678  0.58096         3480.31001     19.37976  0.01332  57514.18578  0.78928  0.00743   17806.08505  47.59786   19.3813  57543.74537    51.15265       44.73975    9.31167  21.95824   32.0     0.5043  -20.60622  0.99985 
  -17.78038  0.03757  3.81451     14.58476  1.65069  0.83853   8.65758  0.01979      0.0113  6769.15607   6773.40469   2.0716         2560.03071     16.53381    2e-05  57522.14062  2.36643  0.32524  150948.70419   46.1448  19.32843  57543.74537    51.00745         44.684    9.31167  15.09945   32.0    0.55141   -20.6095  0.97421 
  -28.29231  0.01746  1.40365     14.55169  1.89539  0.95239    9.5057  0.02225     0.33229  6433.37165   4868.04084  0.21032         3169.07334     18.38375  0.00134  57511.62869  2.34687  0.16595   27330.97388  47.81537  19.36965  57543.74537    50.96057       44.62006    9.31167    16.761   39.0    0.43567  -20.44834  0.99892 
  -20.34696  0.00634  1.80144     14.45105  1.68297  1.20674   4.83221  0.02594      0.0222  5931.88737   6789.87008  0.36016         5121.29616     17.07037    7e-05  57519.57404  1.01428  0.03065   63537.27611  47.18065  19.29418  57543.74537    50.80044       44.35747     11.174    22.348   32.0     0.6357  -20.60773  0.99953 
  -27.31368  0.00475  1.88051     14.38281  1.61259   1.1515  16.96021  0.01093     0.15578  6543.84197   5511.92756  0.38592         2973.27119     18.84325  0.00387  57512.60732  4.33235   0.0805   90837.33308  46.96956  19.25717  57543.74537    50.87706       44.47917     11.174  19.18303   38.0    0.47579   -20.5333  0.99846 
  -21.62825  0.00221  1.63868     14.57619   1.4831  0.62282   6.47269  0.02252     0.07054  5591.83623   5637.35434  0.56632         4825.03765     19.51356  0.01813  57518.29275  1.20732  0.01431   26037.04267  47.59543  19.34443   57541.4236    50.86821       44.42236   13.03634  21.04537   29.0    0.59604  -20.71488  0.99978 
  -19.53808  0.00966  4.66681     14.58289  2.07089  1.41448   7.21848  0.01756     0.15821  4636.49132   6518.94446  1.24828         4387.33004     16.61772    2e-05  57520.38292  0.92566  0.06972  285906.61627  45.79074  19.29662    57539.921    51.29684       44.94793    9.31167  18.62334   29.5    0.53729  -20.63226  0.99396 
   -25.8596  0.01909  1.83816     14.44417  1.62768  1.01761   6.09044  0.02831     0.36483   5865.4371   6842.77043  0.47252         4419.66525     19.87616  0.04177   57514.0614   1.2499  0.11626   66041.16812  47.13183  19.40908  57543.74537    50.97726       44.53651     11.174    22.348   34.5     0.4938  -20.63395  0.99797 
  -25.59779  0.07266  1.13719     14.60286  1.82251  1.07155    8.6093  0.02284     0.10604  5218.82911   4667.47177   0.5461         4610.79132     17.55574   0.0002  57514.32321  1.39875  0.62552     13628.052  48.28341  19.36694  57546.06714    50.95753       44.56258     11.174  18.40739   35.0    0.46826  -20.48426  0.99838 
  -21.88192  0.04645  2.38337     14.63615  1.65815  0.82875  13.42858  0.01362     0.24852  5399.25256   3686.64207  0.87459         4436.38472     16.41117    1e-05  57518.03908   2.3352  0.62375   46721.40195  47.06457  19.39031  57539.10183    51.01235       44.55469   13.03634    22.348   31.0    0.50162  -20.63943   0.9826 
  -27.56975    0.007  2.34172     14.39452  1.68971  1.46581   3.10761  0.06213     0.08019  5717.77352   6725.59714   0.4305         4862.45603     17.27172   0.0001  57512.35125  0.60605  0.02176  139845.46599  46.61194  19.31279   57541.4236    50.97243       44.62591     11.174    16.761   36.0    0.46447   -20.5112  0.99938 
  -30.78903  0.05209  1.99429     14.50151  1.85747  1.15708   3.70215  0.05925     0.02387  5382.12049   7113.54642  0.54324         4370.24606     16.71038    3e-05  57509.13197  0.63972  0.19284   68122.97856   47.1049  19.33709   57541.4236    51.04371       44.62066     11.174  21.50381   38.0    0.38812  -20.38235  0.99678 
  -29.99097  0.00103  2.63107     14.43268  1.66267  1.09661       7.6  0.02417     0.08203  4213.67551    6280.6257  0.99089         4443.86525     18.42209  0.00147  57509.93003  0.80494  0.00784  145722.99836  46.48586  19.26778  57543.74537    50.78021       44.32206   13.03634  20.48567   37.0    0.39052  -20.41364  0.99971 
  -16.40549  0.00135  4.84906     14.87514  2.14847  0.51775   5.83867   0.0129     0.03959  7070.47983   5356.66158  0.67413          4434.7774     16.75517    3e-05  57523.51551  1.74116  0.00785   83366.04636  46.30867  19.36533  57546.06714    51.07917       44.73197    9.31167    16.761   35.0    0.66007  -20.66632   0.9993 
  -28.12958  0.01742  1.48205     14.44724  1.59502  1.02531  12.27911  0.01732     0.01367  5522.94415   5675.15729  0.49031         4163.32705      18.7376  0.00304  57511.79142  2.23427  0.21386   41478.26138  47.51206  19.39396  57543.74537    50.91327        44.5965    9.31167    16.761   37.5    0.41856  -20.43208   0.9978 
  -18.69255  0.00206  1.66587     14.49621   1.6213  0.92333  10.09702  0.01004     0.22028  7052.71108   6660.72628   0.2487         4771.51584     17.36778  0.00013  57521.22845  2.99594  0.02082    42514.9189  47.40689  19.35082  57543.74537    51.15644       44.86057    7.44933  16.37124   34.5    0.66887  -20.60948  0.99972 
  -19.84875  0.00154  4.10131     14.40632    1.643   1.4332   7.02404  0.01861     0.02352  5294.26768   5910.15125   1.0943         4155.60414     18.21291  0.00091  57520.07225  1.17443  0.01081  395050.62642  45.66198  19.36319  57546.06714    50.87583       44.46806     11.174  20.48567   31.5    0.55133  -20.60554  0.99897 
  -21.59543  0.01513  2.57727     14.65612  1.79015  0.70161   3.78736  0.03569     0.31009  5162.18898   6959.19761  0.70147         4857.97079     18.60947  0.00226  57518.32557  0.60205  0.05731   53799.04922  46.96864  19.08859  57527.49297    51.27664       44.82132    9.31167  24.21034   31.0    0.54731  -20.66312  0.99819 
  -31.05706  0.00115  1.58259     14.45512  1.77772  1.15971   8.13714  0.02571     0.04171  5042.70679   7101.97795  0.53915         4472.49846     18.45943   0.0016  57508.86394  1.23432  0.00935   50835.72868   47.4138  19.35447  57543.74537    51.00513        44.6222     11.174  18.40739   38.5    0.39275   -20.3666   0.9999 
  -21.91124  0.13994  1.99914     14.64254  1.86329  1.55272   6.37317  0.03155     0.29853   5654.7966   4073.00313  0.97385          4218.5803     18.91647  0.00458  57518.00976  1.21567  0.89186   35866.93978  47.38275  19.34299  57546.06714    51.00509       44.71932    7.44933  15.09945   30.0    0.53374  -20.67809  0.98891 
  -28.40616  0.00764  1.10509     14.40671   1.7198  1.24837   5.96315  0.02527     0.30226  5638.99045   5015.63988  0.30305         4687.86596      18.8703  0.00412  57511.51484  1.13111  0.04556   29969.02817  47.94085  19.41044  57546.06714    51.32392       44.99263    7.44933  18.62334   40.5    0.46736  -20.45661  0.99981 
  -22.53975   0.0019  1.62674      14.3246  1.45394  1.36902  11.67124   0.0116     0.05381  5106.78458   6469.35771  0.50441         4374.71867     17.39244  0.00014  57517.38125  1.81568  0.02221   80130.99876  47.10496  19.35093   57541.4236    51.02434       44.59091    9.31167  21.50381   33.5    0.54831  -20.54122  0.99965 
  -24.14935  0.02548  1.64936     14.48096  1.79249  1.21255  10.04016  0.01499     0.08623  5750.66764   5164.93295  0.45623          4393.7453     18.48354  0.00169  57515.77165  1.98063  0.25586   49429.46053  47.39368  19.32818  57546.06714    50.75081       44.29466     11.174  20.48567   33.5    0.54725  -20.66543  0.99721 
  -23.76031  0.06997  1.96087     14.68742  1.59248  0.71793    9.5462  0.02141     0.03017  4935.94477   4000.79741  1.15309         4298.57055     16.02541    1e-05  57516.16069  1.38739  0.66792   23985.41409  47.50608  19.32657  57543.74537    50.83515       44.51995    9.31167  14.89867   29.5     0.4347  -20.71472  0.98816 
  -49.02907  0.00161  1.47759      14.5115  1.72664  0.73036  20.62752   0.0199     0.09874  4849.15946   5749.04541  0.72386         3485.23676     16.12064    1e-05  57490.89193  2.89339  0.03312   33198.62958  47.64582   19.3027   57541.4236     51.2601       44.90276    7.44933  18.62334   46.0    0.26206  -20.01817  0.99967 
  -20.75816  0.01237  6.37337     14.49799  1.82813  1.04192   2.96916  0.05728     0.07549  6516.70104      6355.51  2.12552         3322.97814     18.41286  0.00144  57519.16284  0.75217  0.03672  695945.04116  45.07954  19.31727  57546.06714    50.80577       44.44753     11.174    16.761   34.0    0.53708  -20.61727  0.99276 
  -13.31117  0.00168  4.24121      14.5868   1.8115  0.92247   4.73854  0.01381     0.15679   6474.9383   5548.39732  0.78646         4637.54975     17.66847  0.00026  57526.60983  1.18507  0.00794  202877.28844  45.96467  19.30488  57546.06714    50.96347        44.6019    7.44933  18.62334   32.0    0.73498  -20.66741   0.9993 
  -32.84714  0.13537  0.87755     14.48443  1.73418  1.54751   5.04515  0.06135     0.01476  5564.99831   7074.65787  0.46065         4861.92373     19.81265  0.03609  57507.07386  0.93203  0.68296   13322.48327  48.49681  19.38814  57543.74537    51.07844        44.7675    9.31167    16.761   39.5     0.3283  -20.23391  0.99912 
  -22.06114  0.08829  2.09775     14.25098  1.23645  1.47328   4.89109  0.04106     0.02448  6784.90424   6203.99634  1.34788         2344.16051      16.1468    1e-05  57517.85986  1.34314  0.43184  159056.18863  46.51596  19.34326  57543.74537    51.05734       44.64871     11.174    21.499   34.5    0.48503  -20.60806  0.98445 
  -30.55664  0.00178  1.78083     14.46649  1.90296  1.49413  13.17629  0.02054     0.25351  6200.41333   7128.59466  1.37659         2052.35965     18.49103  0.00172  57509.36436  3.02177  0.02349   65388.83459  47.23153  19.34201    57539.964    51.24035       44.84716    9.31167  20.48567   37.0    0.36483  -20.37939  0.99971 
  -28.52983  0.05584  1.99686      14.6933  1.94023  0.81918   9.14732  0.02625     0.02481  5476.54417   5541.73216  0.79652         3738.43578     16.11531    1e-05  57511.39117  1.63657  0.51075   29496.31936  47.48623  19.32801   57541.4236    51.20925       44.82076    7.44933  21.28206   38.5    0.39831  -20.37416  0.99274 
  -27.54903  0.03079  3.65231     14.50871  1.83549  1.15828   7.04168  0.03023     0.08376  5279.60044   4602.85594  1.18199         4097.69041     18.92063  0.00463  57512.37197  1.17086  0.21678  218417.51034  46.06818  19.37695  57543.74537     51.1394       44.74932    9.31167  20.48567   34.0     0.4412  -20.61438  0.98639 
  -34.47113  0.00294  1.39084     14.52891  1.79137   0.8171  14.42463  0.01468     0.01095  5010.78381   5834.38283  0.48335         3960.65205     16.15131    1e-05  57505.44987  2.16045  0.04248   28166.61574  47.78574  19.29055  57539.10183    51.19026       44.78171    9.31167    22.348   43.5    0.34762  -20.28056  0.99968 
