 texplosion  fnickel    Pspin  log(Bfield)      Mns  thetaPB   mejecta    kappa  kappagamma     vejecta  temperature    alpha  cutoff_wavelength  log(nhhost)      A_V         MJD0  kenergy  mnickel            TSD   log(L0)  Peak_mag     Peak_MJD  log(E_rad)  log(Peak_lum)  Rise_Time    E_fold  tau_1  delta_m15     r_peak     frac 
   -8.70733  0.01361  2.82531     14.70986   1.5781  0.86764  25.96668  0.02542     0.18945  4353.30734   8686.31741  2.51216         4111.27124      18.8785   0.0042  59364.69685   2.9355  0.35348       44500.95  46.91648  19.37371  59399.31145    50.45865       43.72636   18.89794  41.99543   42.0    0.19941  -20.14965  0.98551 
  -19.78835  0.00151  6.66412     14.43404  1.92651   0.8989   6.05209  0.07628     0.01017  5282.21755   9348.05897  2.76183         2340.37135     19.09448  0.00691  59353.61583  1.00731  0.00915  1076454.72084  44.87413  19.42461  59401.43566    50.56455       43.83678   16.16173  44.73165   36.0    0.20861  -20.14354  0.99816 
   -15.6671  0.00313  1.74705     14.65081  1.80049  0.66233  15.74763  0.02228     0.01193  3527.14292   9918.53693  0.67798         4427.51624     20.60306  0.22273  59357.73708  1.16866  0.04929    25480.14199  47.63342  19.38421  59399.38521    50.62117       43.95821   22.73038  33.96345   37.0    0.22727  -20.18814  0.99937 
   -3.18101  0.03426  2.42257     14.73088  1.75908  1.47172  10.89149  0.05969      0.2132  4904.13065   9075.51144   4.1332         3434.57309     19.01175  0.00571  59370.22317  1.56257   0.3731     33104.6811  47.22569   19.3609  59399.31145    50.40821       43.67393   25.19726  40.45827   38.5    0.19543  -20.11186  0.99293 
   -9.50705  0.04697  2.99037     14.61731  1.82318  1.53558   6.99942  0.08389     0.01715  4851.48565   5992.28417   2.3455         2950.29628     16.58723    2e-05  59363.89713  0.98274  0.32878    88200.18734  46.63276  19.38074  59399.38521    50.40273       43.65772   26.95217  40.24052   41.5    0.21037  -20.13184  0.98724 
  -14.27949  0.00699  5.95102     14.48123  1.90463  1.30817   6.04531  0.08256     0.14125  4665.59609   6776.25943  3.58588         2908.45822     19.86063   0.0403  59359.12469  0.78498  0.04226   682887.58584  45.16512  19.43623  59397.59607    50.43435       43.69399    24.4783  40.35161   44.0    0.21861   -20.1681  0.99318 
  -14.10745  0.00754  2.84953      14.5139   1.1025  0.48461   17.4644  0.03626     0.06352   4994.1502   9606.40989    1.984         3033.22359     19.74876  0.03115  59359.29673  2.59839  0.13175    77973.16098  46.50973  19.41237  59399.31145    50.49698       43.76017   24.88376  42.30893   36.0    0.21172   -20.1629  0.98914 
  -11.06216  0.05678  2.36182      14.8164  1.83262  0.52342   8.53767  0.04342     0.03601  3754.94979   9287.14854  1.66951         3641.63261     20.80359  0.35344  59362.34202  0.71808  0.48473    22109.79708  47.44084   19.3922  59401.81017    50.61978       43.96324   14.75428  37.95557   40.5    0.23702   -20.4795  0.98833 
   -8.58005  0.01259  3.53331      14.9235   1.9223  0.64896  33.98827  0.01563     0.10226  4157.95365   6345.00032  2.59553         3686.43532      16.8476    4e-05  59364.82413  3.50522   0.4278    31695.46701   46.9553  19.41182  59399.38521    50.57549       43.89315   18.95382  38.64991   44.0    0.18552  -20.11554  0.97873 
  -11.19376  0.02978  4.01008      14.5487  1.64917  0.81706   4.72861  0.08739     0.03707   5322.2778   6896.03077  2.37388         2077.66372     17.37144  0.00013  59362.21041  0.79902   0.1408   196778.83473  45.98583  19.41022  59401.43566    50.59284       43.89766   20.63061  38.16299   39.5    0.26357  -20.16112  0.98739 
  -13.28174  0.00127  4.88533     14.45169  1.79573  1.23931   6.29494  0.10296     0.35718  4726.67115   8786.38527   3.2089         3440.88429      20.5814   0.2119  59360.12244  0.83894  0.00802   497123.99607  45.44883  19.36222   59400.5387    50.69181       44.05898   20.36127  32.13302   42.0    0.20159  -20.38495  0.99905 
   -9.43665  0.01501  1.90142     14.72923  1.73456  1.03225  28.29311  0.02485     0.11051  5539.67747   8747.87104  1.76944         3209.83804     16.92926    5e-05  59363.96753  5.17937  0.42455     20262.4394  47.64319  19.39492   59400.5387     50.5685       43.87129   23.09749  37.79589   35.5    0.23079  -20.19267  0.99552 
   -6.94384  0.05082  1.44983      14.7063   1.7125  1.18488   6.35361  0.11474     0.04295  5745.03381   6541.80278  2.49065          2775.9611      18.3854  0.00135  59366.46034  1.25093  0.32289    12926.30749  48.06837  19.38201  59401.43566    50.53488       43.83362   27.49536  38.49461   38.5    0.22157  -20.19597  0.99872 
  -11.40667  0.01464   4.8416     14.51953   1.8921   1.2547  20.37585  0.01803     0.33475  3497.71195   6428.83585  2.73626         3350.54097     20.46251  0.16115   59361.9975    1.487  0.29822   376418.40842  45.60014  19.36674   59400.5387    50.62072       44.01055   16.16173  32.13302   46.0     0.2055  -20.24832  0.96881 
  -11.49002  0.03509   3.3875     14.66321  1.80811  1.00833   9.02683  0.08263     0.04461  4589.23932   5402.06895  4.72839         2848.70715       16.921    5e-05  59361.91416  1.13408  0.31676     90860.6115  46.50794  19.36385  59399.38521    50.81878       44.17901   20.99772  33.59635   47.5    0.16087  -20.09417  0.98328 
  -14.69342  0.02307  4.13185     14.52574  1.74314  1.47633  13.30161  0.04699     0.03474  4576.62379    5729.8628  1.66455         3767.98075     16.62045    2e-05  59358.71076  1.66196  0.30684   245441.17559  45.88794  19.41915   59400.5387    50.68546       44.01742   18.89794  37.46673   44.5    0.20069   -20.0995  0.97376 
  -18.03981  0.00856  1.56152     14.33764  1.40433  1.36307   12.7976  0.02818     0.02192  3516.77851   9290.59449  0.45012         4963.74648     16.63016    2e-05  59355.36436  0.94416  0.10955     67156.8492  47.20213  19.41567  59399.38521    50.67128       44.00327   20.36127  36.33256   37.5    0.22502  -19.86611  0.99841 
   -9.69264  0.01664  2.80294     14.84669  1.62709  0.54018  14.52124  0.03253     0.15859  4507.99232   9281.88333  1.90865          3227.3157     18.11889  0.00073  59363.71153  1.76034  0.24159    24047.55792  47.20396  19.42318  59397.59607    50.40113       43.66143   20.68422   44.4087   35.0    0.23112  -20.08761  0.99025 
  -15.07559  0.01352  4.88829     14.49065  1.76903  1.07096   8.87791  0.06234     0.08538  5155.79562   5471.33594  3.57119         2343.54585     16.68744    3e-05  59358.32859  1.40776  0.12004    409801.9962  45.52569  19.37607  59399.31145    50.53781       43.79038    26.6921  41.06319   44.0    0.20498  -20.12081  0.98557 
   -7.68479  0.01571  1.58908     14.76049  1.87108  0.71447    22.519  0.01318     0.06338  2744.03642   9366.90286  1.74428         3935.50203      20.7775  0.33284  59365.71939  1.01148  0.35373    13219.39102  48.01743   19.3953  59401.43566    50.63403       43.99356   16.59916   36.0021   40.5    0.20026  -20.36174  0.99744 
  -12.62421  0.00386  4.04927     14.50891  1.56144  0.84778  17.72534    0.035     0.12476  5185.50602   8442.76156  4.38083         2399.23983     16.94587    5e-05  59360.77996  2.84318  0.06844   228181.69481  45.88934  19.39063  59399.31145    50.55708       43.90715   18.67626  33.81803   38.5    0.20158  -20.15992  0.99317 
   -9.00138  0.00908  5.00131     14.77792  1.89736  0.73322  15.77759  0.03109     0.05389  4757.86861   9974.52993  2.46737          3366.2457      19.2882  0.01079   59364.4028  2.13056  0.14331   122545.06962  46.06053  19.42489   59400.5387    50.53633       43.84117   25.39559  38.49461   34.0     0.2613  -20.13207  0.98396 
  -22.27205   0.0038  1.42972      14.6501  1.70428  0.64223  21.80139  0.02164     0.08631  3966.00908   7050.00302  0.37427         2079.35674     16.60067    2e-05  59351.13213  2.04559  0.08295    16205.31693  47.98023  19.35156  59401.43566       50.51       43.79138   19.91755  40.97583   44.5    0.20318  -19.71175  0.99933 
  -11.62425  0.01312  4.68077     14.51113  1.47591  0.83466   6.65078  0.06324     0.06375  3656.72811   9862.99154  2.55531         3886.92771     19.80861  0.03575  59361.77992   0.5305  0.08723   285261.08204  45.64203  19.34863  59401.43566      50.508       43.82757   25.19726  37.79589   38.5    0.22193  -20.17034  0.98737 
  -15.45206    0.001  3.31522     14.52432   1.7775  1.17121  19.46786  0.02082     0.35754  3516.77093    7338.8431  0.92173         4599.28352     16.75226    3e-05  59357.95212  1.43626  0.01956   162184.14921  46.26762  19.34705   59400.5387    50.51231       43.82523   23.09749  37.79589   41.5     0.2153   -20.0441  0.99894 
   -6.85386  0.01544  2.19596     14.65618  1.76029  1.34771  16.58583  0.02559     0.02785  2822.46783   6892.20719  2.59856         3978.24864     19.91128  0.04529  59366.55032  0.78817  0.25608    38395.90662   47.2469  19.37443  59401.43566    50.44475       43.71267   27.29703  42.10291   44.5    0.17722  -20.18041  0.99559 
  -13.59838  0.02038  3.66514     14.53282  1.71236  1.16597  16.92223  0.04071     0.02919  5113.81986   5743.88843   1.7737         2940.06569     19.18685  0.00854  59359.80579  2.63983  0.34484   183632.40823  46.11031  19.42024  59401.43566    50.61605       43.97944   18.95382  35.64024   44.0    0.19158  -20.14241  0.97623 
  -15.84511  0.00175  4.80312     14.65485  1.85288  0.61541   8.83594  0.05305     0.01057   4539.2315   8329.11061    1.126         3105.23534     16.90191    4e-05  59357.55906  1.08604  0.01546   194538.44902  45.88464  19.40734   59400.5387    50.60063       43.88119   25.19726  40.79271   40.5    0.20764  -20.12935   0.9983 
  -12.63714  0.00917  0.88923     14.58149  1.51165  0.98263  25.27299  0.01336     0.26338  3275.21561   8920.41173  0.71882         5216.35828     18.09774   0.0007  59360.76704   1.6172  0.23178     7626.44529  48.66794  19.38301  59399.31145    50.58354       43.84926   27.29703  39.89566   36.0    0.24301  -20.10013   0.9997 
  -11.30333  0.01704  4.62655     14.79574  1.60656  0.50374   8.89631  0.07896     0.34429  5146.36283   7219.68407  3.25012         3537.43315     19.19749  0.00875  59362.10085  1.40552  0.15159    81797.98451  46.23148  19.38849  59401.81017    50.76832        44.1142   18.89794  36.67887   41.5    0.21697  -20.19757  0.98134 
  -12.12199  0.00217  2.88589      14.5182  1.53333  1.00685  32.30125  0.01661     0.09975  3767.52859   7705.59815  1.57549         4092.47818     16.30139    1e-05  59361.28219  2.73501  0.06994   109046.41268  46.49631  19.38427  59401.43566     50.5556       43.84277   25.39559  39.69733   42.0    0.19304  -20.16927  0.99648 
  -14.18037  0.01534  3.12795     14.72627   1.5319  0.57344  14.53484  0.06383     0.10637  5205.40329   9457.75081  2.74148         3242.60441      18.1971  0.00087  59359.22381  2.34934  0.22301    49094.65368  46.77252  19.37201  59401.43566    50.62567       43.96079   23.15336  36.97283   40.0     0.1793  -20.10959  0.98687 
   -5.69751  0.01979  1.15872     14.77377  1.74593   1.1528  24.25856  0.02737     0.11453  5493.95948   6980.22059  2.12837         3206.19309     18.82311   0.0037  59367.70667   4.3678  0.48008     6169.56565  48.59266  19.35442   59400.5387    50.75499       44.10772   18.89794  35.69612   38.5    0.25645  -20.05235  0.99938 
  -12.44033  0.00514  5.45513      14.3699  1.52286  1.47319   6.41161  0.11205     0.14457    5580.003   9943.30156  4.86638         3164.17449     18.73319  0.00301  59360.96385  1.19087  0.03298   766097.43457  45.09361  19.36432   59400.5387    50.61374       43.97631   20.99772  34.92893   36.5    0.21489  -20.18551  0.99375 
   -9.09001  0.01095   1.1756     14.80485  1.92629  1.25992  40.15809  0.01715     0.18831  4805.01783   8258.99208  1.47054         3834.65307     16.32018    1e-05  59364.31416  5.53083  0.43978      6072.4661  48.62968  19.39354  59399.31145    50.46611       43.75193   26.57807  36.41508   38.5    0.22254  -20.05362  0.99952 
  -11.95281  0.00214  7.43199     14.47147  1.76975  1.04881  19.79904  0.01447     0.09593  3305.64761   7164.10882  3.50797         3745.28458     19.45619  0.01588  59361.45137  1.29058  0.04237  1035132.47056  44.75955  19.41244  59399.38521    50.49803       43.74869   23.09749  42.55804   44.0    0.25254  -20.12893  0.98809 
  -10.03649  0.00452  3.46755      14.8441  1.78398  0.50874  27.13165   0.0158     0.03805  4398.21784   9774.37759  1.72401          3197.7738     20.08721  0.06791  59363.36768  3.13081  0.12273    40836.68977  46.82914   19.3515   59400.5387    50.63181       43.95901   20.99772  36.62971   34.0    0.24908  -20.18158  0.99284 
  -15.12871  0.01937  1.73682     14.71047   2.0845  1.38235  12.49392  0.05401     0.10658  5199.84496   8022.22869  0.46464         3931.89715     19.24338  0.00973  59358.27547  2.01515  0.24205     22150.2648  47.76296  19.34948  59399.31145    50.56601       43.89906   22.43343   35.1703   35.5    0.23115  -19.95652  0.99847 
  -12.90855  0.00227  5.80159       14.495  1.83406  1.40842  17.03675  0.03506     0.14405  4772.29232   8265.49194  3.95684         3243.06509     19.53678  0.01912  59360.49563  2.31456  0.03862   586583.50681  45.23683  19.38277  59403.39914    50.77011       44.10388   15.62995  38.96411   41.0    0.21175  -20.18778  0.99373 
  -16.95316   0.0095  6.35255      14.6298  1.96553   0.6739   7.30712    0.072     0.02218  5150.19844   6219.78851  3.00225         2605.78059     19.08583  0.00677  59356.45101  1.15617  0.06941   405129.87975  45.34884  19.36833  59401.81017    50.68022       44.03273   20.99772  35.69612   47.0    0.20596  -20.14579  0.98785 
  -10.26909   0.0057  3.11852     14.53648  1.55775  1.13015  37.32722  0.01717     0.27679  4042.25998   7320.60406  2.40763         3791.91038     19.43689  0.01519  59363.13509  3.63832  0.21287   118919.14251  46.39819  19.35051   59400.5387    50.74711       44.13929    14.6984  31.49657   44.5    0.18568  -20.16332  0.98797 
  -17.23403  0.00177  3.64011     14.69082  1.92264  0.68163  13.17496  0.03551     0.02072  4598.49288   7911.96565   0.8628         2676.56409     19.28239  0.01064  59356.17015  1.66191  0.02325    98244.78112   46.4382  19.41244  59399.31145    50.53301       43.80888   28.31664  40.97583   39.0    0.23196  -20.02038  0.99863 
  -14.47508  0.00187  2.34176     14.73744  1.99947  0.79635  28.85613   0.0118     0.38105  3423.75176   7777.63458  0.81613         4393.66494     19.68739  0.02705   59358.9291  2.01776  0.05402    34114.01444  47.29774  19.37413  59401.43566    50.68282       43.99727   18.95382  38.64991   39.5    0.23585  -20.06205  0.99892 
  -19.09221  0.01562  0.99745     15.11728  2.10249  0.29106  19.68355  0.02053     0.01103  4010.76949    8728.0882  0.15401         4198.29027     20.41381  0.14406  59354.31197   1.8888  0.30751     1131.83171  49.54001  19.40547   59400.5387    50.55255       43.86017   22.43343  38.45995   40.0    0.21709  -19.85995  0.99957 
  -13.42229  0.00102  5.72942     14.70859  1.96398  0.70787  18.27472  0.01571     0.08609  2449.95464   7033.48532  2.34749         4092.56554     19.11783  0.00729  59359.98189  0.65433  0.01857   229083.92782  45.68577  19.43038   59400.5387     50.5646       43.87437   19.54512  40.14554   45.0    0.20563  -20.08939  0.99733 
  -19.69661  0.00327    4.096     14.43653  1.77712  1.28681   8.79579  0.07934      0.4186  5718.15841   7470.00406  0.28489         3175.44839     16.27163    1e-05  59353.70757  1.71559   0.0288   370839.32737  45.72466  19.39936  59399.31145    50.64556        43.9771   20.33366   36.2053   38.5    0.22684  -20.08319  0.99757 
  -11.82824  0.01854  3.28179       14.612  1.91507  1.25078   8.74429  0.06489     0.05412  4909.45775   9693.75104  1.68064         2884.75849      18.4008   0.0014  59361.57593  1.25724  0.16214   114344.67876  46.46059  19.38429   59400.5387    50.62139       43.93868   21.64489  35.98254   33.5    0.22061  -20.16223  0.99254 
  -12.05023   0.0254  4.27296     14.65479  1.64939   0.7256  11.14657  0.05829     0.01356  5594.19416   9458.96122   2.2265         3086.74365     17.07894    7e-05  59361.35395  2.08086  0.28316   137091.35675   46.0877  19.40752   59400.5387    50.51746       43.81599   18.23389    39.357   35.0    0.21992  -20.20665  0.97177 
   -6.00618   0.0289  2.05467     14.58783  1.62496  1.46913  15.14333   0.0466     0.09525  5814.27011   6809.46525  3.64424         2683.72597     20.19428   0.0869    59367.398  3.05379  0.43768    42508.25942  47.22573  19.40324   59400.5387    50.41677       43.69474   20.99772   44.0952   39.0    0.21765   -20.2642  0.99251 
  -14.54924  0.01049  6.66396     14.59064  1.94252  0.76028   3.81937   0.1373     0.03492   5969.0189   8651.69702  2.02456         2734.50882     17.39142  0.00014  59358.85494  0.81175  0.04008   527672.99033  45.18738  19.43277  59399.38521    50.54452       43.87172   22.75141   36.0422   36.5    0.24704  -20.21366  0.99211 
   -16.6037   0.0061  3.10647     14.44216  1.74333  1.24808    5.2746  0.08075     0.04366  4855.57684   8307.22625  0.48287         2502.62766     17.76429  0.00032  59356.80048  0.74182  0.03219   203899.87602  46.21627  19.39319   59400.5387    50.83284       44.22301   12.59863  35.69612   36.5      0.255  -20.07917  0.99841 
  -13.96199  0.00381  2.86371      14.5056   1.7645  1.50248  32.66246   0.0164     0.13491  4462.67704   7308.19034   2.0504         2447.92508     18.28013  0.00106  59359.44219  3.88032  0.12454   130949.56313   46.4845  19.39483   59400.5387    50.60092       43.97778   16.43107  33.61749   41.5    0.20276   -20.0726  0.99506 
  -22.73121  0.00125  1.95266     14.33034  1.49981  1.43484   6.34076   0.0782      0.0289  4187.26435   8815.59939  0.07792         5883.57616     16.21076    1e-05  59350.67297  0.66318  0.00791   115990.08272  46.79921  19.40037  59401.43566    50.56249       43.86072   26.21686  38.87605   37.0    0.21215  -19.80247  0.99982 
  -14.76359  0.00571  2.97899     14.45556  1.56612  1.14152  19.89594  0.02289     0.01498  4307.19395   9230.63237  0.94377         3630.68061     19.59455  0.02184  59358.64059  2.20181  0.11355   158360.84247  46.31589  19.36284  59399.38521    50.61522       44.01265   18.59537  31.79915   36.0    0.22817  -20.09696  0.99403 
  -14.67151   0.0114  3.97281     14.41824   1.6681  1.55571  12.72086  0.04876     0.30301  5592.39641   9176.17811  1.64529           2505.262     17.15092    8e-05  59358.73266  2.37323    0.145   356244.27084  45.74112  19.39363   59400.5387     50.6208       43.94279   23.09749  37.79589   34.0    0.22924  -20.18537  0.98748 
  -12.71104  0.01155  3.54019     14.76684   1.6834  0.60327  20.57364  0.01887     0.34258  2772.00482   6116.78035  2.06246         4224.93659     18.58552  0.00214  59360.69314  0.94303  0.23767    57329.44833   46.6386  19.42018  59403.57735    50.67383       43.94748   20.99772   44.0952   45.5    0.19414  -20.09884  0.98436 
  -14.80009  0.00889  3.29556     14.44906  1.73789  1.35513   8.41098  0.05158     0.02633  4413.58679   6763.06244  1.26374         2710.85414     20.00371  0.05603  59358.60409  0.97737  0.07474   221606.20661  46.12743  19.36008   59400.5387    50.73936       44.09409   20.36127  34.23279   42.5    0.21907  -20.10849  0.99583 
  -11.71046  0.00437  3.88883     14.60177  1.58746  0.80302   19.1333   0.0351     0.04295  4733.34613     7482.019  2.99399         3299.36273     19.06282  0.00642  59361.69372  2.55713   0.0836   139512.17498   46.1453  19.40345   59400.5387    50.40791       43.69681   23.09749  40.45827   42.0    0.19859  -20.16919  0.99256 
  -11.82796  0.00306  3.74227     14.76737  1.90716  0.72654  32.43889  0.01835      0.2442  3996.92312   7888.83933  2.91368         3187.17859     18.30983  0.00113  59361.57622  3.09133  0.09923    72398.57603  46.54323  19.37686   59400.5387    50.60852       43.96607   18.53084  33.61749   43.5    0.18669  -20.10043  0.99389 
   -8.83699  0.00402  2.60391     14.52619  1.63547  1.28114  16.85397  0.02566     0.46321  4016.19103   8221.48243  2.34149         2826.36639       16.651    2e-05  59364.56719  1.62165  0.06783     91268.3778  46.69092  19.38229  59401.81017    50.54736       43.86003   23.09749  37.79589   39.0    0.20463   -20.1014   0.9976 
   -9.29829  0.00172  3.82929     14.71189  1.91687  0.78857  12.20599   0.0477     0.08991  6222.66739   7850.87746  4.49316         2130.21635     20.15156  0.07876  59364.10589  2.81938  0.02094      98368.585  46.39235  19.38359   59400.5387    50.58096        43.8941   21.64489  39.24849   34.5    0.24373  -20.29279  0.99864 
  -16.86098  0.01177   3.1436     14.30638  1.35172  1.26378  11.09818  0.05519     0.01984  5417.99258   9287.35247    0.613         3099.89611     17.95276   0.0005  59356.54319  1.94337  0.13067   302544.06954  45.92409  19.40463  59401.81017    50.61148        43.9223   22.43343  36.36018   33.5    0.22853  -20.08885  0.99032 
  -16.87715  0.00491  2.03024     14.73524  1.67361  0.48997  13.94428  0.02081     0.21336   3112.5265   6209.99446  0.55822         5010.12899     16.66703    3e-05  59356.52703  0.80584  0.06847    21681.56307  47.54131   19.4071   59400.5387    50.62827       43.97333   18.89794   34.9658   45.0    0.22501  -19.95119  0.99858 
  -17.07695  0.00155  1.79777     14.80378  1.55924  0.40109  11.10464  0.05024     0.38554  4583.20669   8446.81278  0.56335         3335.79418      20.1577  0.07988  59356.32723  1.39146   0.0172    11551.39353  47.88966  19.39956   59400.5387    50.53106       43.83066   16.79817  40.79271   36.5    0.20804  -20.00959  0.99971 
  -25.14273  0.00112   1.9319     14.71692  1.77531  0.55389  20.20088  0.01792      0.0381  2375.93763   6999.07783  0.77415         5510.88848     16.19288    1e-05  59348.26145  0.68025   0.0226    22657.44804  47.59094  19.36827  59401.81017    50.64013       43.94986   22.46104  37.70201   53.5    0.15529  -19.62933  0.99962 
   -9.59997  0.00598  6.07834     14.49158   1.6617  1.48428  26.92884  0.01669     0.02135  3510.15877   6916.34655  4.71146         3823.29866     16.97021    5e-05   59363.8042  1.97924  0.16093   592613.17116  45.14906  19.37557  59399.38521    50.63213       44.00571   20.63061  31.86368   44.0    0.21725  -20.14224  0.96768 
  -19.75082  0.00797  1.86007     14.68444  1.59934   0.6464  22.66245  0.03606     0.01325  5875.76609   8033.17823  0.14247         2016.12052     16.06855    1e-05  59353.65336  4.66727  0.18064     21975.1023   47.5918  19.37938   59400.5387    50.58693       43.91691   23.29582  35.34291   36.0    0.23605  -19.86884  0.99702 
  -19.60681  0.00469  1.83081     14.42587  1.57683  1.46192  11.96867  0.04283     0.09857    3955.633   9579.09809  0.54649         3699.72037     17.93524  0.00048  59353.79737  1.11713  0.05608    69046.52784   47.1022  19.40425  59399.38521    50.71774       44.11616   10.55473  35.31108   35.5    0.19846  -19.74968  0.99904 
  -14.40873  0.01483  0.83796      14.7838   1.7158   0.5871  22.17998  0.02084     0.01473  4311.35285   7556.44967  0.78246         2581.07708      20.2904  0.10842  59358.99545  2.45932  0.32893     3027.85862  49.17573  19.39765   59400.5387    50.53166       43.81513    24.4783  38.51485   40.0    0.21667    -19.989   0.9997 
  -14.73642  0.10059  2.12616     14.47776  1.49268  1.20648   3.81075  0.20967     0.02329  5180.26718   9306.62023  1.42271         2883.18021     16.60427    2e-05  59358.66776  0.61002  0.38333    69413.78134  46.94618  19.39753   59400.5387    50.69496       44.02392    20.7987  35.89513   36.0    0.17875  -20.04511  0.99025 
  -13.19044  0.00884  5.31094     14.58604  1.87866  0.97638  11.86745  0.04153      0.1564  4683.39818    6663.4907  3.01411         2832.68138     16.11358    1e-05  59360.21374  1.55277  0.10495   331080.86076  45.57242  19.38067   59400.5387    50.56066       43.84504   24.97557   41.0144   43.0    0.22121  -20.12793  0.98639 
  -16.16925  0.00413  3.10108     14.56189  1.77548  1.19688  10.53955  0.07162     0.05186  4680.96472   9825.24681  1.08408         4086.75331     18.25722    0.001  59357.23493  1.37759  0.04352   119227.41488  46.45876   19.3818   59400.5387    50.56949       43.84633   26.95095  38.14197   35.5    0.19344  -20.00196  0.99798 
  -13.78743  0.00302  3.30517     14.49142  1.64221  1.05709  19.68633  0.02579     0.09048  5155.70061   6106.44225  2.16305          2173.3626     19.61439  0.02286  59359.61675  3.12153  0.05955   173297.56203  46.20709  19.36477  59399.31145    50.49634       43.75984   27.29703  39.89566   39.5    0.22711  -20.14985  0.99637 
  -13.48891  0.00265   4.8263     14.16983   1.1644  1.42985    8.2271  0.05199     0.31622  3548.34236   7572.75347  3.14544         3956.19758     17.33596  0.00012  59359.91527  0.61791   0.0218   1152109.4377  44.90623  19.39106   59400.5387    50.60397       43.95314   20.63061  33.63429   44.0    0.21418  -20.15766  0.99514 
    -6.5229  0.07172  0.93079     14.79256  1.48534  0.79289   9.56298  0.11872     0.01183  5852.22295   6427.80344  3.54535         3271.21558     17.62666  0.00024  59366.88128  1.95372   0.6859     3106.17229  49.01074  19.43125  59401.81017     50.4799       43.73486   16.13411   48.9588   46.5    0.17408  -20.08639  0.99943 
  -12.10177  0.02301  4.15308     14.58563   1.9542  1.55936   7.61479  0.06641     0.15722  4958.59008   6099.80144   1.4832         3088.00469     17.66093  0.00025  59361.30241  1.11687  0.17524   210986.36694  45.99882  19.37079  59399.38521    50.44685       43.69468   27.29703  40.45827   39.5    0.24109  -20.14991  0.98712 
  -16.68901  0.00771  3.79385     14.49619  1.71991  1.09777   8.78829  0.06113     0.02314   4355.3821    5776.4725    1.088          3814.7046     19.77815  0.03333  59356.71517  0.99445  0.06778   233937.81244  45.97709  19.39845  59401.43566    50.58573        43.8897   23.09749  37.79589   42.5    0.21117  -20.07038  0.99488 
  -13.63701  0.00724  2.51012     14.71091  1.76281  0.78532  11.91723  0.05797     0.13637  5746.81181   7674.65545  0.94171         2696.21297     17.53634  0.00019  59359.76717  2.34778  0.08628    39046.59816  47.12408  19.41547  59399.31145     50.4869       43.82351   19.09627  35.34291   34.0    0.24514   -20.1593  0.99756 
  -10.85782  0.01697  4.09927     14.73021  1.78617  0.73917  11.70143  0.03864     0.09054  4542.32552   7961.36179  1.50612         3863.81396      19.9372  0.04808  59362.54636   1.4402   0.1986    96545.56691  46.31062  19.41623  59401.43566    50.92124        44.2991   16.79817  35.05946   37.0    0.25616   -20.1905  0.98381 
  -15.55981  0.00355  5.27472     14.47509  1.67549  0.91086   9.22662  0.05434     0.01014  4432.64946   9210.09334  2.49873          3056.1164     19.22025  0.00923  59357.84437  1.08142  0.03272   485496.09353   45.3624  19.38295  59399.31145    50.48368       43.78332   24.85118  36.93925   39.5     0.2066  -20.10331  0.99496 
   -8.36394  0.02613  3.30032     14.68577  1.66718  0.85701  11.32944  0.07911     0.49951  6285.06956   9316.64858  2.70298         3226.37207     17.34579  0.00012  59365.04024  2.66966  0.29607    71674.26288  46.59835  19.37305   59400.5387    50.66095       44.00539   18.89794  36.76655   36.0    0.20164  -20.23999  0.98334 
  -12.59724  0.00138  5.66584     14.43316  1.74034   1.2484   4.70645  0.13533     0.03349  6059.66948   7496.91334  2.35397         2972.49331      19.0581  0.00635  59360.80693   1.0309  0.00649   705762.91566  45.15429   19.3918   59400.5387     50.5329       43.83756   18.23389  40.55972   38.5    0.24052  -20.24791  0.99891 
   -9.81033   0.0081  4.42729      14.4021  1.54538  1.51384   9.41928  0.06087      0.0231  4837.10923   7327.43722  4.43237         2918.14548     17.25379   0.0001  59363.59384  1.31467  0.07625   441494.34852  45.52068  19.43117  59401.81017    50.59544       43.88069   21.64489  40.14554   42.0    0.20824  -20.19598  0.99076 
  -12.84164    0.003  5.62814      14.6426  1.83242   0.7836  10.89744   0.0717     0.01322  5205.78211   9678.77345  3.29677         3495.26614     17.64111  0.00024  59360.56253  1.76167  0.03269   279494.26458  45.58477  19.38011  59401.81017    50.64165       43.97746   23.09749  35.91168   38.5    0.19974  -20.20863  0.99501 
  -12.00844  0.02419  3.26266      14.7099   1.7724   0.7401  10.14402  0.05379     0.01201  5018.90992   6075.97709  1.82906         2605.32676     16.43128    1e-05  59361.39573  1.52425  0.24537    66636.98346  46.66655  19.33862   59400.5387    50.80166       44.21932   12.59863  32.52733   40.5    0.22409  -20.12522  0.98741 
  -17.55901  0.00331  5.11745     14.62408  2.13682  1.00563   17.3205  0.03692     0.01927  4669.58528    5166.3272  1.91949         2940.40545     16.12648    1e-05  59355.84516  2.25291  0.05726   293441.10561  45.71298   19.3771  59399.31145    50.45753       43.72869   23.09749  39.89566   45.5    0.18523  -20.04723  0.99427 
  -16.26974  0.00216   5.4001     14.49885  1.60387  0.64362   9.64752  0.05663     0.02728  4900.00025   9777.45872  4.22186         2912.28111     20.34076  0.12176  59357.13444  1.38177  0.02085   436601.60116  45.36913  19.34723  59401.43566    50.57683       43.88481   20.99772  39.89566   40.0     0.2035  -20.27631  0.99639 
  -19.93972  0.00339  1.90944     14.43962  1.48031  0.99034  19.95069   0.0316     0.02102   4794.9524   7979.93161  0.66238         2219.13994     17.62115  0.00023  59353.46445  2.73624  0.06765    66182.08625  47.05664  19.42429   59400.5387    50.52179       43.76571    24.5332  45.32187   38.0    0.20842   -19.8532  0.99853 
   -15.3961  0.00737  4.38056     14.63284  1.51343  0.51329   4.10561  0.16378     0.04785  5114.73839   9520.24067  2.39422         2951.73661     19.10188  0.00702  59358.00808   0.6407  0.03027   146270.68135  46.00059  19.35811   59400.5387      50.574       43.91834    12.6545  37.74001   37.0    0.19083  -20.15977  0.99627 
  -16.61271  0.00616  4.15099     14.43788  1.67959  1.15101   4.19792    0.138     0.05301  5306.41602   8582.79847  0.87623          3051.8021      17.5386  0.00019  59356.79147  0.70512  0.02586   357737.13356  45.70418  19.40544  59399.38521    50.44264       43.70433   27.29703  40.45827   36.0    0.23693  -20.12432  0.99755 
  -17.60989  0.00316  2.91706     14.51551  1.90807  1.45024  31.55094  0.01675     0.08551  4672.57217     9314.009   0.6596         2976.16473     16.21738    1e-05  59355.79429  4.10914   0.0998   140369.01039  46.47228  19.40444   59400.5387    50.56799        43.8859   16.16173  39.36593   35.0    0.21254  -20.00262  0.99631 
  -12.58529  0.00269  4.08085     14.42701  1.62201  1.18497   5.82017  0.09558     0.03552  5724.92791   8662.28579  3.10053         2221.15851     19.73449  0.03015  59360.81889   1.1379  0.01564   351040.37143  45.71204  19.41482  59399.38521    50.82133       44.20383    14.6984  34.66678   35.0    0.23055  -20.22896  0.99849 
  -12.71424  0.00434  5.04631     14.38537  1.55226  1.14157  24.44055  0.02081     0.17644  4016.86019   5770.06105  4.72215         3429.88003     20.47288  0.16505  59360.68994   2.3524  0.10604   622273.05265  45.25988  19.39875  59399.31145     50.4524       43.72116   27.29703  37.79589   45.0    0.20053   -20.3296  0.98345 
   -7.64279  0.00821  3.55402     14.97549  2.00635  0.65082  31.10362  0.02226      0.0223  4145.19418   7251.08468  4.19625         3742.45982     17.47491  0.00017  59365.76139  3.18807  0.25533    26343.40473  47.04914   19.4125   59400.5387    50.59989       43.90603   23.74466  36.99384   45.0    0.18457  -20.09715  0.98825 
  -15.17448  0.00333  3.31074     14.52688  1.88665  1.56855  22.61937  0.01271     0.01477  2334.65928   8146.53633  1.38798         4454.58212      18.1068  0.00071   59358.2297  0.73545  0.07529    169664.6791  46.27509  19.36368   59400.5387    50.85075       44.25114   15.61443  32.79865   46.0    0.19051  -19.95856   0.9963 
   -7.20888  0.10345  1.54196     14.75981  1.66729  0.83474   4.36584  0.16791     0.20164  5993.04265   7286.00381  4.91759         2139.87104     16.93223    5e-05  59366.19529  0.93538  0.45167    11126.55119  48.06835  19.40263   59400.5387    50.57221       43.88363   28.73274  38.45995   38.0    0.20259   -20.1101  0.99736 
   -9.77003  0.01199  0.86599     14.80323  1.82864  1.11978  40.08243  0.01704     0.02604   3858.5596   7426.86184   1.7202         4135.74393     18.43629  0.00152  59363.63415  3.55985  0.48045     3151.47705  49.15743  19.36436   59400.5387    50.93938       44.34963    15.2108  32.01493   43.5    0.14496  -20.88172  0.99982 
  -15.56744   0.0012   4.7649     14.56139  1.84119  0.89429    5.1664  0.09814     0.09802  5103.88803   8205.89512  1.70617          2661.2947     18.82545  0.00372  59357.83674  0.80282  0.00622   292572.07626   45.7116  19.38248  59399.31145    50.44418       43.74669   16.45209  40.24174   38.0    0.22858  -20.13313  0.99932 
  -10.83816  0.00126  5.92151     14.55549  1.85987  1.55632  28.17775  0.01454     0.27196   2976.5673   6869.36931  3.75432         4056.00245     19.44864  0.01561  59362.56602  1.48924  0.03537   469012.83191  45.32228  19.40889   59400.5387    50.56449        43.9086   18.89794  37.64101   43.5    0.19898  -20.15837  0.99415 
   -11.1439  0.00209   7.7341     14.56884  1.99778  1.19664     8.638   0.0467     0.31184   3547.1779   6394.48754   4.9669         3692.61158     18.71796   0.0029  59362.26028  0.64834   0.0181   808179.67188  44.88506  19.41327  59399.31145    50.54854       43.83747   26.21686  37.67334   43.0     0.2325  -20.14717   0.9954 
  -10.32933  0.01358  5.12587     14.45407  1.52088  1.48454  19.92032  0.02024     0.04369  3241.25519   6650.95838  4.17954         3622.05037     16.15784    1e-05  59363.07485  1.24839  0.27042   458458.07438   45.3701  19.40873   59400.5387     50.5874       43.88958   23.09749  37.79589   45.0    0.20851  -20.07117  0.95657 
  -12.48428  0.00168  4.69664     14.63333  1.85335  0.92601  26.54881  0.01213     0.46345   2093.2883    8818.3501  2.99725         4079.23934     19.75128  0.03133   59360.9199  0.69395  0.04447   205438.28903  45.88055  19.38262  59397.59607    50.81478       44.18885   16.16173  32.13302   47.0    0.17425  -20.08929  0.99537 
  -13.72756  0.00503  3.13266      14.5818  1.65945  0.99633  23.48588  0.02852     0.11579  5069.95652   6902.90466  1.80465         3072.85804     18.90093  0.00442  59359.67662  3.60116  0.11808   103753.45621  46.48098  19.40342  59399.31145    50.49921       43.78913   18.23389    39.357   40.0    0.19615  -20.13352  0.99381 
  -15.70681  0.00364  3.17436     14.59924  1.95676  1.12341  21.70888  0.02758        0.11  4766.05081   9159.54297   0.9467         3655.96304     20.35698  0.12639  59357.69737  2.94159  0.07907   115929.37043  46.49288  19.37678   59400.5387    50.66031       44.05928   18.53084  29.76391   35.5    0.21321  -20.13738  0.99666 
  -13.24396  0.00698  2.99549     14.65147  1.59682  0.71727  21.09627  0.03022     0.22719  4612.12738   6627.87739   1.6537         3273.75821     17.87222  0.00041  59360.16022  2.67692  0.14729     66231.0898   46.6981  19.39333   59400.5387    50.58192       43.84505   25.19726  41.73242   42.0    0.20249  -20.14122  0.99252 
  -14.49445  0.04194  3.75677      14.6098  1.62849  0.65118   4.25606  0.11341     0.13751  5499.34834   8691.39068  1.72023         2007.55488     17.34069  0.00012  59358.90973  0.76782  0.17849   128714.53682  46.22137  19.39095   59400.5387    50.57303       43.89873   16.79817  37.79589   34.5    0.25291  -20.17373  0.98574 
  -13.61127   0.0013  4.13535     14.33486  1.43179  1.26519  21.87658  0.02246     0.09477  4286.38446    8878.4488  2.12633         3244.49061     16.94758    5e-05  59359.79291  2.39767  0.02842   486412.91912   45.5047  19.38904  59401.43566    50.56698       43.92547   14.75428  37.95557   39.5    0.21157  -20.13822  0.99661 
  -17.46938  0.00802  5.10489     14.18525  1.36883  1.54916   4.50696  0.12464      0.0275  5639.09689   7687.40044  0.97818          3576.0017     18.31282  0.00114   59355.9348  0.85493  0.03616  1411373.51855  44.83958  19.42264  59399.31145    50.63359       43.93384   22.01732  36.77628   40.0     0.2371  -20.17864  0.99292 
  -11.12074  0.00207  3.01679     14.93948  1.76678  0.42311  15.15812  0.03377     0.18106  5140.42159   8546.78743  0.93047         3507.91687     19.00904  0.00567  59362.28344   2.3893  0.03132    19730.22929  47.26181   19.4563   59400.5387    50.52782       43.78969   20.99772  43.83219   32.5    0.26261   -20.1777  0.99863 
  -19.26482  0.00579  2.70444     14.27763  1.46227  1.28527   7.07761  0.06684     0.06187  4651.59249   6893.73792  0.75003         2650.09921     20.22577  0.09343  59354.13936  0.91352    0.041   276533.49274  46.12797  19.40451  59399.38521    50.54064       43.81731   23.09749  40.79271   44.0     0.2214  -20.10831  0.99799 
  -13.09669  0.00349  6.66948     14.45025  1.81821  1.47869  11.15727  0.03484     0.02044  3793.93921    6139.1338  3.13139         3651.85617     19.66937  0.02595  59360.30749    0.958  0.03895   944373.75482  44.90516  19.42318  59399.31145    50.56869       43.93116   16.85405   34.6109   43.5    0.22463  -20.16049  0.99154 
  -10.97594  0.01249  3.74586     14.42788  1.36586   1.0566  19.44811  0.03045      0.2646  3976.46642   8563.49087  3.42734          3630.6014     20.07521  0.06606  59362.42824  1.83442  0.24293   248070.05455  45.86258  19.37267  59399.31145    50.57126       43.89142   23.09749  35.69612   44.0    0.17833  -20.19009  0.97524 
  -12.73207  0.00365  3.47588     14.67572  1.54846  0.53499    9.9505  0.04424     0.17028  3793.23244   9960.88743  1.54637         4053.16025     20.30167  0.11128  59360.67211  0.85407   0.0363    77341.00906  46.48821   19.4051  59399.38521    50.63134       44.00448   18.53084  32.93411   37.5    0.22143  -20.27635   0.9973 
  -12.20926  0.01637  4.26975     14.45966  1.55555  1.08948  12.22382  0.04818     0.03225  5820.36352   6568.77615  3.17905         2623.00941      19.5374  0.01915  59361.19491  2.47021  0.20013   317090.41467  45.69874  19.38886  59399.31145    50.48423       43.75483   25.19726  39.89566   40.0    0.24146  -20.23285  0.97801 
   -8.42713  0.00564  4.86808     14.56918  1.78223  1.39415   6.86637  0.08876     0.02978  4176.06341   9785.93724  3.85507         3623.64135     17.09512    7e-05  59364.97705  0.71431  0.03872   285190.49875  45.68996  19.42986   59400.5387    50.54399       43.83327   22.43343  40.55972   39.0    0.19043  -20.13378  0.99543 
   -9.30128  0.01535  3.10108     14.95264  1.87356  0.50245  24.26483  0.01653     0.02759  3958.76252   9973.60253  1.36078         3989.02034     19.26178  0.01015   59364.1029  2.26842  0.37255    20807.69807  47.24026  19.40982   59400.5387    50.63122       44.00732   16.43107  33.96345   35.5     0.2452  -20.15174  0.98503 
   -13.7699  0.05229  5.25266     14.47841  1.82073  1.48911   3.16406  0.23055     0.10943  6726.54347   6434.64027  3.68755         2173.71957     17.91451  0.00046  59359.63428    0.854  0.16543   515239.78429  45.37632  19.34911   59400.5387    50.62689       44.01374   18.89794    32.567   39.0    0.23923  -20.22606  0.97817 
  -12.72527  0.00363  3.36421     14.47911  1.56482  1.07563  20.28344  0.03663     0.02084  5542.10216    6131.5714   3.6578         2556.24258     19.84008  0.03844  59360.67891  3.71636  0.07354   181059.25933  46.15172  19.38359  59401.43566    50.64233       43.97986   22.46104   35.9866   41.5    0.18323  -20.22037  0.99501 
   -13.6059  0.00391  4.71093     14.43242  1.73034  1.26511   9.65957  0.04258     0.17379  3875.92604   5305.69144  1.34156         3774.23758     19.43113  0.01499  59359.79828  0.86564  0.03774   486761.78066  45.47345  19.34946   59400.5387    50.87995        44.2889   16.79817  31.59627   44.0    0.21191  -20.13405   0.9956 
    -9.6158  0.00745   3.8275     14.64335  2.06099  1.43689  36.43771  0.01249     0.21757  4346.13625   6523.15952  2.20203          2862.0175     18.88222  0.00424  59363.78838  4.10568  0.27143   144882.98076  46.25607  19.36675  59401.81017    50.80636       44.17203   17.44089  36.03616   42.5    0.21808  -20.11203  0.98467 
   -8.55073   0.0137  2.07922     14.67083  1.64317  1.08223  26.94147  0.02225     0.01625  4107.52075    5526.8918  2.00519         3861.49278     18.12079  0.00073  59364.85344  2.71149  0.36906    30035.08878   47.3711  19.41613  59399.31145    50.83739       44.15327   18.89794  40.87842   43.0     0.1965   -20.1226  0.99395 
  -17.04335  0.01502  3.57913     14.67572  1.76906  0.70579  15.14575  0.04744     0.04608  5705.96946   8730.91549  0.41056         3774.58129     16.75471    3e-05  59356.36083  2.94155  0.22751    93683.29552  46.43737  19.37824  59399.38521    50.38976       43.64391   26.95217  40.34799   34.5    0.22895   -20.0876   0.9856 
   -12.1566  0.00131  4.35906     14.42456  1.66051  1.28321   5.75838  0.07006     0.21533    4900.156    7784.0796  1.59182         2773.35106     18.28831  0.00108  59361.24757   0.8248  0.00754     414683.286  45.59258  19.35179  59401.43566    50.71314       44.05253   17.72972  38.96411   38.0    0.25999  -20.15667   0.9992 
  -13.22339  0.00191  5.35407     14.42988   1.7964  1.31779   8.35917  0.06147     0.03573  5464.12072   7255.27602  4.62594         2214.18849     18.23134  0.00095  59360.18079  1.48878    0.016   660426.53372  45.24605  19.42678   59400.5387    50.76736       44.12001   17.72972  36.86434   41.5    0.21772  -20.18394  0.99772 
   -3.15356  0.07418  0.70876     15.00819  1.81953  0.54419   7.99589  0.07135     0.02609  5340.92769   6972.26823  3.60309         2593.32289      20.6724  0.26129  59370.25061  1.36059  0.59317      817.31021  49.91542  19.40309  59401.43566    50.90952       44.32312   13.51466  33.71108   39.5    0.20453   -20.1895  0.99988 
  -11.23324  0.00298  4.64052     14.59836  1.64494  0.72041    9.5813  0.05756     0.08933  4242.24512   7452.80886  3.39898         3282.09162     20.09832  0.06967  59362.17094  1.02859   0.0286   209113.31013  45.83148  19.40287  59403.39914    50.61977       43.92952   20.36127   40.5321   43.5    0.19285  -20.20996  0.99652 
  -17.65097   0.0119  3.38347     14.56144  1.84389  1.05727  16.18013  0.02971     0.10513  4147.17849   9353.12853  0.76944          3850.8839     18.42942  0.00149   59355.7532  1.66002  0.19246   147703.21053  46.30647  19.41225  59399.31145    50.55764       43.86683   22.43343  36.36018   37.5    0.21247  -19.96926  0.98977 
  -17.11385  0.01109  4.07844     14.43495  1.64016   1.2748   3.96496  0.20987     0.11463  5801.10172   9836.69853  1.93317         2879.56272     18.65653  0.00252  59356.29033  0.79595  0.04399   341820.66007  45.72894  19.38806  59401.43566    50.57377        43.8651   20.99772  41.99543   34.0    0.20559  -20.09878  0.99586 
  -14.86735  0.00452   5.1473     14.48735  1.63538  0.80355   4.51176  0.12699     0.15355  4958.12784    9400.6902  3.36042         2768.39559     19.22471  0.00932  59358.53683  0.66162  0.02042   426471.90834  45.42941  19.40959   59400.5387    50.67515       44.04319    18.2615  34.23279   38.0    0.20735  -20.17467  0.99689 
  -15.36937  0.00239  3.83914     14.52727  1.85867  0.97079  16.55296  0.02793     0.30149  4825.96927   9610.82309  0.86189         3371.00398     20.31693  0.11525   59358.0348   2.2997  0.03956   224363.73319  46.01863  19.38421  59399.38521    50.50571       43.79439   24.11709  40.97583   34.5    0.24124  -20.25164  0.99726 
  -14.60966  0.00224  5.59313     14.42311  1.69306  1.36053  11.78829  0.05388     0.17645   5082.8264   5805.69413  2.58788         3572.37374     19.63316  0.02387  59358.79452  1.81672  0.02635   700759.91095  45.15664  19.36797  59401.81017     50.6998       44.05359   15.34112  37.15317   42.0    0.21449  -20.21639   0.9955 
   -20.3423  0.00215  2.53104     14.54699  1.89498  1.40721  29.17934  0.03071     0.13228  4971.20442   9839.43982  0.52441         3406.70427     17.17265    8e-05  59353.06188  4.30156  0.06279    90790.09171  46.78181  19.42785   59400.5387     50.7199       44.09383   18.89794  33.59635   34.0    0.19937  -19.80234  0.99831 
  -10.72635  0.23188  5.28593     14.65603    1.997  1.06017   4.20993   0.0878     0.01032  5294.54083   7644.62354  1.72528         2632.77713     16.11102    1e-05  59362.67783  0.70398  0.97618    252564.8861  45.72061  19.35879  59401.81017    50.64034       43.95674   22.73038  36.06322   40.0    0.26242  -20.17235  0.89651 
  -17.84284  0.01813   1.5079     14.62826  1.87171  1.15437  17.64227  0.04071     0.18998  5147.02985    9776.1288  0.46511         2424.87594      19.1704  0.00822  59355.56133  2.78801  0.31988     21891.9002  47.84405  19.39567   59400.5387    50.57118       43.86194   27.49536  38.49461   32.0    0.21837  -19.82684  0.99811 
  -17.29308  0.02067  3.72337     14.48131  1.78074  1.18305   6.67608  0.08787     0.02524  5508.93263   6819.56554  0.43142         2678.12757     18.16995  0.00082  59356.11109   1.2086  0.13798   249842.86918   45.9799  19.39054  59401.43566    50.51684       43.78552   22.01732  42.81258   39.5    0.23812  -20.10172  0.99051 
  -13.96009  0.02983  1.66044     14.49129  1.35651  0.90687  11.81102  0.03508     0.06655  4240.03324   6821.36244  0.48026         5558.81715     17.13661    8e-05  59359.44409  1.26664  0.35231    36150.35156  47.40271   19.4098   59400.5387    50.72058       44.08632    20.7987  33.79536   38.5    0.26431  -20.14574  0.99433 
  -18.00865  0.00427  5.67829     14.36928  1.70422  1.28192   8.29477  0.05946     0.01105  4114.16098   5839.68166  2.53726         3276.31027     19.15388  0.00792  59355.39552  0.83752  0.03541   931569.37672  45.02272  19.35521  59399.31145    50.77303       44.17659   16.79817  31.49657   48.0    0.19453  -20.07399  0.99383 
  -12.61116  0.08803  2.63566     14.59522  1.40858  0.66904   9.32868  0.06243     0.01641   5122.9514   4900.99926  1.13478         3791.34001     20.46205  0.16098  59360.79302  1.46045  0.82122    58605.45263  46.80791  19.41635  59401.81017    51.04068       44.46992    14.6984  31.59316   44.5      0.211  -20.34628  0.96243 
  -13.38365  0.00341  4.46574     14.49268  1.70483  1.15748   6.42211   0.0861     0.33023  4617.59221   7305.49806  1.90013         3300.01449     17.30138  0.00011  59360.02053  0.81684   0.0219   326530.11944  45.68682   19.3958  59399.31145    50.52835         43.817   24.11709  37.67334   41.0     0.2141  -20.14152  0.99766 
   -10.1089  0.00444  3.01258     14.58892  1.81943  1.56482  28.71956  0.02234     0.14029  4497.40017   8068.42523  3.82065         2736.06914     17.67958  0.00027  59363.29528   3.4652  0.12743   101808.14837  46.56312  19.36505  59401.81017    50.66622       43.96749   24.56082  37.66514   41.0     0.1925   -20.0988   0.9948 
   -11.3388  0.00193  3.79263     14.47728   1.6998  1.12786  22.35657   0.0161     0.06572  3248.74281   8351.95914  2.31602         3642.37644      20.5525  0.19825  59362.06538  1.40755  0.04309   252078.57218  45.93983   19.3845   59400.5387    50.62465       43.97356   18.95382  36.97283   42.5    0.21513  -20.30181  0.99668 
  -13.29826  0.00509  4.08701     14.42325  1.63293  1.29835  24.65282  0.02094       0.099   4741.5084   6583.94831  2.38297         2696.24308     16.30362    1e-05  59360.10592  3.30618  0.12557    360653.1905  45.70191  19.36187   59400.5387    50.52839       43.84948   22.43343  38.45995   43.5    0.21079   -20.1571  0.98813 
   -8.35698  0.07372  2.41961     14.50133  1.34317  1.28302   8.02726  0.07582     0.02338  4814.46359   5515.68268  2.30259         3503.39454     16.45531    2e-05  59365.04719  1.10992  0.59175    72571.92028  46.76872  19.38319  59401.43566    50.60255       43.93361   16.13411  36.36018   44.0    0.20558   -20.1506  0.97779 
   -5.51508  0.00849  3.20241     14.83288  1.71948  0.66541  18.97477  0.03517     0.01134  3970.52313   8819.67684   4.5951         3558.19679     17.51093  0.00018  59367.88909  1.78443   0.1611    35351.45487  46.94488  19.37027  59401.43566    50.53405       43.85759   26.21686  36.77628   43.0    0.17683  -20.12178   0.9921 
  -11.17204  0.00127  4.56725     14.51884  1.62472   0.8772  11.95299  0.03668     0.01035  3956.86122   7161.70509  2.60416         3455.26229     20.36618   0.1291  59362.23213  1.11636  0.01522   288552.62666  45.70009  19.36122   59400.5387    50.77749       44.17861   18.89794  31.49657   42.5    0.22643  -20.22258  0.99817 
  -13.51171  0.02379  0.97599     14.69199  1.72565  0.83483  15.26415  0.03751     0.10138  5015.73282   6642.71881  0.84686         2928.40154     20.49098  0.17207  59359.89247   2.2907  0.36311     6304.89708  48.72723  19.42915   59400.5387    50.68153       44.02254    18.2615   36.0034   38.5    0.22159  -20.28091  0.99949 
   -8.25431  0.02711  3.08905       14.718  1.87977   0.9272   5.33539   0.1097      0.4807  5710.94954   9185.28608  4.88712         2114.01625     16.25095    1e-05  59365.14986  1.03803  0.14465    61034.60543  46.77772   19.4294  59401.43566    50.83396       44.20162   18.12485   35.4002   32.5    0.22631  -20.16205  0.99415 
  -14.14987  0.00501  5.24661     14.73367  1.85642  0.56385  18.17426  0.03353     0.01213   5159.9467   9148.09526  2.95113         2730.85108     19.53574  0.01908  59359.25431  2.88652  0.09113    161774.3522  45.88885   19.3924   59400.5387    50.67073       44.03371   18.89794  35.69612   37.5     0.2066  -20.17822  0.98823 
  -13.29434  0.00249  4.60324     14.78724  1.63233  0.41062   4.59276  0.13118     0.09411  5542.28006    8352.8714  2.45937         3076.32838     20.31361  0.11438  59360.10984  0.84155  0.01143    85559.64678  46.22326  19.38569  59399.31145    50.54772       43.83211   21.64489  40.14554   37.5    0.23389  -20.31266  0.99861 
  -16.43181  0.00222  1.58409     14.61255  1.77571  0.80639   9.32329  0.03331     0.07899  3600.48712   8587.60415  0.31987         4999.91858     16.37254    1e-05  59356.97237  0.72097  0.02072    24640.08101  47.72702  19.36688   59400.5387    50.92617       44.37317   12.59863  29.61138   38.0    0.25513  -19.91276   0.9998 
