 texplosion  fnickel    Pspin  log(Bfield)      Mns  thetaPB   mejecta    kappa  kappagamma      vejecta  temperature    alpha  cutoff_wavelength  log(nhhost)      A_V         MJD0   kenergy  mnickel            TSD   log(L0)  Peak_mag     Peak_MJD  log(E_rad)  log(Peak_lum)  Rise_Time    E_fold  tau_1  delta_m15     r_peak     frac 
  -14.78588   0.0204  1.26768     14.18305  1.70504  1.37401  13.43965   0.0702     0.39706   8757.57136   3852.03512  0.46543         5936.80836     20.48308  0.16897  58710.54412   6.14869  0.27413    109511.2779   47.2551  19.33208  58758.11695    51.32741       44.70169   16.88819  33.77637   37.5    0.23925  -21.78201  0.99779 
  -14.07211  0.01239  1.99744     14.24111  1.66716  1.06732  24.27577  0.01498     0.32299   5068.99348   3810.27701  1.02064         5705.67999     16.15436    1e-05  58711.25789   3.72086  0.30085   203482.51635  46.58135  19.34058  58750.53528    51.10633       44.50483   20.64112  31.49112   39.0    0.27646   -21.5251  0.99344 
  -17.15679  0.02075  1.67429      14.2542  1.70651  1.32991  13.70684  0.09188     0.01191   8555.84747   3164.86989  0.65079         5517.38018     17.90111  0.00044  58708.17321   5.98537  0.28435   137777.69572  46.91412  19.31713  58755.58972    51.16007       44.51836   15.77019  36.77084   37.5    0.21949  -21.43455  0.99591 
  -19.94456  0.00124  1.28337     14.31736  1.72349  1.17792   8.06788  0.19763     0.07266   9443.31597   6342.66031  0.64176         5177.33017     17.68044  0.00027  58705.38544   4.29176     0.01    61125.12763  47.50233  19.40047  58756.35881    51.21093       44.57992   16.88819   37.5293   40.0    0.20657  -21.19539  0.99993 
  -14.81008  0.12287   1.8594      14.2279   1.6512  1.45666   9.15274  0.09927     0.22108   9411.89681   5486.46129  0.67257         5518.65428      19.8399  0.03843  58710.51992   4.83652   1.1246   185594.95814  46.67933  19.37065  58750.53528     51.2101       44.64279   16.88819  28.14698   37.0    0.27155  -21.66656  0.97904 
  -15.09792   0.0031  1.35655     14.26088  1.57924  1.07099    5.7011  0.23885     0.06162   9827.41237   3899.46639  0.58517         4556.03783     17.21361    9e-05  58710.23208   3.28446  0.01767    81166.34432  47.29305  19.37332   58752.4219    51.02876       44.39312   18.76465  33.77637   36.5    0.23125  -21.55581  0.99982 
  -12.86849  0.26343  0.94289     14.43966  1.44981  0.72492   9.38535  0.16111     0.15276    11873.816   4360.64462  0.84321         2620.71149      17.5858  0.00021  58712.46151    7.8933  2.47236    15803.06265  48.28249  19.39976   58753.0625    51.40008       44.80187   20.64112  31.49112   39.5    0.23528  -21.53692  0.99067 
  -20.91734  0.04788  1.53655     14.39359  1.81735  0.87687   7.59405  0.28613     0.24086  12981.18766   4943.66348  0.13727         3007.22174     18.82412  0.00371  58704.41266    7.6336  0.36358    65037.50777  47.34203  19.32929  58756.35881    51.13892       44.49654   17.64665  36.77084   38.0    0.22553  -21.28961  0.99609 
  -12.48833  0.00215   1.5813     14.27835  1.82345  1.36134  13.47287  0.03136     0.30322   5055.55589   5754.58035  1.03809         5494.84236     19.12656  0.00744  58712.84167   2.05412  0.02891   117500.14447  47.06167  19.42306  58755.58972    51.19467       44.53031   20.64112   37.5293   37.0    0.27137  -21.55571  0.99967 
  -15.41738  0.00109  2.54128     14.23581  1.83131  1.47851   5.45803  0.12305     0.07505   7132.17776   6612.37474  0.92349         5561.45337     16.94005    5e-05  58709.91262   1.65618  0.00593   370737.96787  46.15243  19.38233   58753.0625    51.17205       44.51897   16.96693  39.32703   38.5    0.24925  -21.57055  0.99981 
   -6.50478  0.32685  1.18299      14.3871  1.68197  1.42242    9.4957  0.15966     0.03296  13322.99582   4335.33181  1.48567         3355.38357      20.2449  0.09764  58718.82522  10.05444  3.10365    36761.90742  47.78331  19.45732  58756.35881    51.04093       44.38218   20.64112   37.5293   36.5    0.25964  -21.70243  0.98435 
  -14.51906  0.00338  0.72503     14.69553  1.86022  0.56674  29.29212  0.05044     0.09003   8976.69607   3014.09922  0.79834          4590.4959     18.29677   0.0011  58710.81094  14.08027  0.09892     3690.03086  49.25067  19.37205  58755.58972    51.22476       44.64031   15.77019  33.01791   38.0    0.21017  -21.47751  0.99992 
    -19.445  0.00286  2.96712     14.21346  1.78143  0.87015   6.14693  0.11166     0.02618   9215.28488   5468.90068  0.28922         5734.58294      17.9164  0.00046    58705.885   3.11389  0.01759   544929.51871   45.8386  19.32184     58750.28    51.12525       44.50232   16.88819  35.65284   38.5    0.27401   -21.4811  0.99921 
  -19.67038  0.00999  3.43781     13.99342  1.74469  1.17722   3.50059  0.19991     0.03877  10835.65991   4906.65627  0.26165         5646.83702      16.7656    3e-05  58705.65962   2.45177  0.03496  1973548.84374  45.14275  19.39848  58755.58972    51.19679       44.52834   16.96693  39.32703   37.0    0.29725  -21.62517  0.99781 
  -20.05319  0.00924   0.9148     14.54503  2.07233  0.85104  24.24639  0.08435     0.13118  11784.27793   5300.08393  0.11347         3208.96111     19.69463   0.0275  58705.27681  20.08538  0.22405    13087.69509  48.54579  19.31666     58750.28    51.11448       44.43119   18.76465  41.28223   38.0    0.21343  -21.11322   0.9996 
  -15.92463  0.01703  1.13304     14.51041  2.00316   0.9632    8.7403  0.08476     0.01601   4996.91292   4508.86773  1.34562         5873.79213     18.09263  0.00069  58709.40537   1.30184  0.14885    22761.30693  48.10487  19.38652   58753.0625    51.14677       44.55647   18.76465  30.02344   40.5    0.19934  -21.50072  0.99947 
  -16.36448  0.00237  2.20763     14.36154  1.60753  0.69503   8.88934  0.07981     0.23189   7363.78328   6684.05691  0.84446         4923.51579     16.77519    3e-05  58708.96552    2.8754  0.02104   137640.41743   46.6484  19.38196   58753.0625    51.24746        44.6847   17.24109  28.99161   38.5    0.25912  -21.42353   0.9994 
   -10.9982  0.07008   2.2976     14.27105  1.59956  0.69646   2.80776  0.12594     0.11528   9881.54779    3412.4757  0.12104          5333.0166     18.40713  0.00142   58714.3318   1.63545  0.19676   225046.92247  46.39802  19.43456  58755.58972    51.16282       44.50008   18.76465  39.40577   42.5    0.37189  -21.45307  0.99387 
  -11.73352  0.00763  1.49966     14.53412  1.94545   0.6597   11.8248  0.04254     0.24028   6080.65759   5788.35331  0.77793         5507.68425     18.93974  0.00484  58713.59648   2.60809  0.09022    34719.28567  47.66531  19.33168   58753.0625    51.18265       44.55061   18.76465  33.77637   36.5    0.27747  -21.51328  0.99918 
  -18.77122  0.01517  3.21009     14.17424   1.8312  1.52428   4.77169  0.21998     0.33894   9644.04252   5198.91412  1.48128         3113.39598     16.92452    5e-05  58706.55878   2.64739   0.0724   785415.87353  45.62345  19.45692  58755.58972     51.1481       44.45925    21.4856  40.92933   42.5    0.21864  -21.38672  0.99638 
   -22.0518  0.00185   0.7905     14.23626  1.47632  1.15203  14.45178  0.09924     0.03362   7949.79277   5407.92259  0.57167          5782.9158     18.54793  0.00196   58703.2782   5.44829  0.02679    28859.47279  48.18194  19.38975  58750.53528    51.18348       44.59924   20.64112  30.02344   41.5     0.1868  -20.95673  0.99993 
  -15.77342  0.17969  3.29809     14.20901  1.76275  1.16755   3.40282  0.26865     0.33218  12087.66594   5558.33114  1.74947         2107.24416     17.24049   0.0001  58709.55658   2.96586  0.61145   680007.46159    45.646  19.41617   58752.4219    51.19304       44.49716   22.59632  39.32703   38.5    0.28995  -21.46579  0.96686 
  -13.95443  0.06684  0.73283     14.34989  1.80257  0.73975   5.94978  0.11141     0.12395   8483.58159   3446.07046  0.26171         4937.98706     20.75602  0.31677  58711.37557   2.55439   0.3977    17944.37732   48.5408  19.33298  58755.58972    51.08231       44.43822   20.64112  33.77637   36.0    0.30288  -21.79702  0.99927 
  -14.69896  0.00241  2.34603     14.34293  1.93843  0.86485  10.55261  0.04327     0.01602   7573.24499   4723.83148  0.48901         4666.12668     17.94702  0.00049  58710.63104   3.61036  0.02542   204204.58706  46.50557  19.27458   58753.0625    51.07545        44.4298   15.77019  40.52377   39.5    0.30054  -21.44212  0.99938 
  -13.97579  0.00388  1.10038      14.3262  1.88415  1.27501  13.59411   0.0516     0.03648   6055.09832   8528.14908  1.02688         5595.20135     20.56556  0.20431  58711.35421   2.97317  0.05277    47163.91295  47.78727  19.39482     58757.27    51.31592       44.70094   18.76465  33.77637   38.0    0.21165  -21.75531  0.99977 
  -15.12298  0.00532  2.39292     14.28131  1.75272  0.97695   4.66175  0.23182     0.34844    9389.3449   5939.99531  0.68931         5986.63933     16.79742    3e-05  58710.20702   2.45158   0.0248   255131.82986  46.34794  19.39625   58753.0625    51.11495       44.49265   17.64665  34.89437   37.5    0.24309  -21.66313  0.99927 
  -13.80568  0.00138  1.01659     14.25151  1.99421  1.21943   9.19416  0.05111     0.01199    6663.3824    7049.3343  0.52304         5620.27887     20.69605  0.27592  58711.52432   2.43517  0.01269      60098.457  47.77546  19.35792     58757.27     51.1087       44.46072   20.64112  35.65284   36.5    0.29099   -21.7846  0.99995 
  -20.11659  0.01021  2.90527     14.15069   1.7098  0.98769   4.40519  0.13624     0.38427   8784.67393   5300.41661  0.43188         4484.61478     19.64661  0.02462  58705.21341   2.02788  0.04498   669493.09034  45.74967  19.39986  58755.58972    51.24688       44.62466   17.64665  34.89437   45.0    0.27153  -21.42637  0.99795 
  -14.15348  0.08314  1.69579     14.27181  1.65392  1.11741    9.9588  0.09789     0.02561   9229.40629   4168.18668  0.62256         4824.99685     19.18188  0.00845  58711.17652   5.06036    0.828   126314.22578  46.92716  19.42926   58752.4219    51.06072       44.38348   19.52312   38.6473   37.0    0.24181  -21.56714  0.98725 
  -21.00242  0.00241  1.04195     14.18049  1.53286  1.34945  19.60237  0.08992     0.05598    9962.7096   5903.93847  0.25455         4874.86479      19.5051  0.01778  58704.32758  11.60622  0.04724    67302.69995  47.59062   19.3177   58752.4219    51.13182       44.56657   15.01172  28.14698   41.0    0.20498  -21.16228  0.99973 
  -19.98713  0.00224  1.23675      14.3337  1.89786  1.14787  23.60112  0.05848     0.01019    9447.2868   4652.06649  0.39043         5660.02656      20.2987  0.11052  58705.34287  12.56533  0.05289    57977.08228  47.59929  19.36905  58755.58972    51.26479       44.66407   16.88819  31.04252   37.0    0.21306   -21.3484  0.99968 
  -12.73295  0.02114  1.28532     14.33162  1.80109  1.45248  20.60051  0.04005     0.01787   7354.12699   5924.40761  0.65557         5212.43212     16.90036    4e-05  58712.59705   6.64611  0.43556    59997.90229  47.52822  19.35426  58750.53528      51.142       44.50182   15.09046  37.45056   38.0    0.23833  -21.42158  0.99707 
  -21.65323    0.004  0.94119     14.42509  1.88445  1.01707  11.48652  0.14032     0.03556   9271.02978   4152.64317  0.44245         4643.93593      18.2724  0.00104  58703.67677   5.88941  0.04589    21886.53844   48.2565  19.39982  58750.53528     51.0922       44.39946   15.36462  39.05287   39.5     0.2074  -20.97471  0.99989 
  -19.71699  0.00367  2.95169     14.18209  1.83973  1.11485   3.12137  0.19514     0.07272   8713.56103   4062.94716  0.27526         5771.03581      18.3539  0.00125  58705.61301   1.41372  0.01144   643461.59103  45.78493  19.26966   58752.4219    51.08121       44.44732   20.64112  31.89991   41.5    0.26449  -21.40973  0.99952 
  -16.19943  0.05061  1.43967     14.62276  1.94546  0.54803   9.60549  0.08433     0.03431   7597.74093   3866.43132  0.57256          5310.6355      16.6789    3e-05  58709.13057   3.30762  0.48614     21273.7629   47.9135  19.42002   58752.4219    51.15085       44.43141   19.59479  45.03517   38.0    0.24459  -21.44042  0.99606 
  -14.42031  0.00779  1.86418     14.35193  1.84212  1.07412  23.82263  0.02511     0.04175   6206.76947   6087.10253  0.91871         5515.18631     19.23714  0.00959  58710.90969   5.47455  0.18561   117556.04957  46.92294  19.41546  58755.58972    51.09235        44.4617   26.27051  33.77637   37.5    0.25602      -21.5  0.99703 
  -16.39869   0.3777  1.86256     14.26995  1.34524   0.6996    6.7184  0.10438      0.0758  10005.73629   5765.51032  0.44635         3027.12815     18.64593  0.00246  58708.93131   4.01228  2.53755   125009.62419  46.76048  19.37842  58755.58972     51.3786       44.66411   25.18951  43.07996   46.0    0.29567  -21.41437  0.93728 
  -16.28299  0.01586  1.13653     14.28241  1.63182  1.29091   4.83263  0.20274     0.14164   6399.71002   3743.90195  1.30106         4483.64218     19.87882  0.04203  58709.04701   1.18068  0.07665    53312.30285  47.64353  19.34332   58753.0625     51.2865        44.6527    15.3902   38.6185   41.5    0.18625  -21.34073  0.99955 
  -17.65994  0.05209  1.53031      14.1864  1.50882  1.17232  13.43402  0.05732     0.25469   7779.20561   3936.82154  0.53627         5725.49791     19.07979  0.00668  58707.67006   4.84958  0.69983   139064.97237  46.93471   19.3056     58750.28    51.18197       44.58197   16.88819  30.02344   39.5    0.24548  -21.40269   0.9899 
   -10.9248  0.00422  1.50368     14.43789    1.538   0.6524  24.92055  0.02557     0.05757   5881.47971    8500.6729  1.34926         5752.37897     19.50148  0.01763   58714.4052   5.14231   0.1052    42984.47488  47.46818   19.3921  58755.58972    51.13099       44.50177   16.88819  35.65284   36.0    0.23855  -21.69269  0.99861 
  -15.89592  0.00586  1.55742     14.32647  1.65465  0.93856  31.15188  0.02024      0.0202   5538.60122   7104.73768  1.26957         5456.74532      19.9474  0.04922  58709.43408   5.70048  0.18251    82869.83779  47.18434  19.35998  58755.58972     51.2569       44.66329   15.01172  31.89991   39.0    0.22489   -21.5918  0.99765 
  -15.41579  0.02384   2.3908     14.13176  1.61435  1.37447   3.07575  0.22692     0.07336   7763.33619     6783.524  0.64586         5349.33029     19.24149  0.00969  58709.91421   1.10579  0.07331   467069.81055  46.05037  19.44257   58753.0625    51.13017       44.50111   16.88819  35.65284   39.5    0.25926  -21.48945  0.99756 
  -12.57008  0.14559  1.82611     14.39628  1.61302  0.94129   8.61915  0.06476     0.39096    5699.2557   3664.01629  1.48008         5046.72676     16.08514    1e-05  58712.75992   1.67004   1.2549    80529.17766  47.04748  19.43426  58755.58972     51.1806        44.5762   15.01172  35.24405   39.5    0.25122  -21.46643   0.9775 
  -12.92819  0.19361  1.50009     14.27799  1.73967    1.554   6.20096  0.08409      0.0155   6090.63716   3742.36171  0.82976         5705.03788     16.88789    4e-05  58712.40181   1.37218  1.20057   101050.47043  47.15254  19.31502   58753.0625    51.16463       44.53653   18.76465  31.89991   37.5    0.25355  -21.52331  0.98718 
   -8.37984  0.00151  1.24795     14.60774  1.73121  0.57708  14.01459  0.09506     0.04738   9477.18828   4622.83205  1.25972         3928.77037     16.64164    2e-05  58716.95016   7.50873  0.02114    15243.39408  48.13172  19.32642   58753.0625    51.20395       44.62155   16.88819  30.02344   36.0    0.25002  -21.52228  0.99987 
  -19.48893  0.02489  1.95785     14.28229   1.8801  1.41801   6.79138  0.09944     0.06834   5583.68197   4838.42171  1.08536         5404.00612     18.00372  0.00056  58705.84107   1.26307  0.16901    182381.3832  46.69849  19.34549     58757.27    51.18657       44.53605   17.24109  39.05287   43.0    0.20322  -21.31865  0.99706 
  -16.11666  0.01445  1.23705     14.32308  1.73009  1.12195  14.03103  0.10685     0.36774  10464.20588   5295.42672  0.31153         4033.48318     17.09932    7e-05  58709.21334   9.16494  0.20279    55526.22366  47.57764  19.32053   58752.4219    51.11163        44.4558   18.76465  35.65284   37.0    0.22986   -21.4377  0.99862 
  -18.42184  0.01935  2.24696     14.42542  2.11123  0.98115  12.74908  0.04144     0.01248   5227.34582   6090.63016  1.05002           5793.561     16.36972    1e-05  58706.90816   2.07811  0.24669   139543.99791  46.74548  19.30849     58757.27    51.10743       44.48298   16.88819  35.65284   41.5    0.23105  -21.40692  0.99524 
  -20.89032  0.00865  3.55401     14.18927  1.97451  1.29137   3.60627  0.22223     0.08278   9524.11693   5984.46115  0.55116          5787.2868     18.43806  0.00152  58704.43968   1.95135  0.03119   968640.62634  45.47671  19.46401   58753.0625    51.13466       44.51293   13.48816  35.29994   40.5    0.26509   -21.5435  0.99828 
  -20.38445  0.05875  3.77312     14.28175  1.80825  0.38392   2.71749  0.13912     0.03476  10736.32589   3761.36423  0.15006         4624.31804     19.17477  0.00831  58704.94555   1.86856  0.15966   653097.79615  45.55773  19.32738  58756.35881    51.11832       44.46323   24.39405  35.65284   41.0    0.28545  -21.48929  0.98849 
  -10.71318  0.13237  1.09818     14.72004   1.5826  0.41489   6.92104  0.07651      0.4346   4646.77389   3856.05807  1.61649         5612.80512     17.57494  0.00021  58714.61682   0.89146  0.91615     6433.54787  48.57842  19.41281  58758.11695    51.27351       44.67714   15.09046  34.71671   38.0    0.22678  -21.58157  0.99554 
  -13.09538  0.36644  1.20674     14.25183  1.43865  0.86113   4.58387  0.15982     0.11917    8652.7875   7200.63247  0.58918         5337.63211     20.30751  0.11278  58712.23462   2.04725   1.6797     61000.1503  47.47825  19.31937  58756.35881     51.1361       44.51228   24.39405  31.89991   38.0     0.2814  -21.69111  0.98472 
  -21.28657  0.00237  3.00586     14.49491  2.12484  0.41828   4.34595  0.30242      0.0227  10471.58435   5858.16021   0.6277         3589.49841     20.55458  0.19921  58704.04343   2.84274   0.0103    182495.4104  46.37898  19.29796  58756.35881    51.18298       44.57481   17.64665  34.89437   36.0    0.26519  -21.69463  0.99964 
  -21.87071  0.00315  1.96029     14.32376  1.92309  1.35516  24.94925  0.02964     0.01017   5728.21827   3145.30763  1.13754         5288.81579      17.1435    8e-05  58703.45929   4.88342  0.07854   154506.05461  46.77926  19.39698   58753.0625    51.13144       44.49725   15.01172  35.65284   43.0    0.20467   -21.1599  0.99868 
  -17.35579  0.25766  3.78546     14.38599  1.95575  0.37444   2.83269  0.13165     0.02826  10593.26577   3861.91194  0.13107         2260.99675     18.23357  0.00095  58707.97421   1.89621  0.72988   439937.44326  45.76053  19.40695   58753.0625    51.10056       44.42656   21.39958   38.6473   39.5    0.29755  -21.48313  0.95494 
  -15.43831  0.11051   2.3269     14.23014  1.68946  0.88752   2.50863  0.24184     0.04034   7886.82909   4314.98457  0.51603         5339.38287     16.06547    1e-05  58709.89169   0.93083  0.27724   294325.96157  46.29421  19.39481  58758.11695    51.16214       44.47549    21.1327   43.1587   36.5    0.28513  -21.53406  0.99187 
  -21.63048  0.00216  1.69105     14.10741  1.55045  1.14369   7.50449  0.23886     0.03947  12054.42786   6768.83451  0.08375         2793.99341     20.47109  0.16437  58703.69952   6.50491   0.0162   251053.35367  46.60322  19.43433  58755.58972    51.13591       44.45534   26.76209  39.40577   35.5    0.23143  -21.49841  0.99971 
  -14.64343  0.07815  1.32601     14.26663  1.55348  1.17475   6.01412  0.12746     0.03191    6089.0685   6113.46529  1.30517         5185.80258     19.54289  0.01939  58710.68657   1.33015  0.47001    74294.45476   47.3441  19.36381  58748.00805    51.11401       44.45906   23.00916  33.36758   39.5    0.21855  -21.57615  0.99548 
  -16.88548  0.00583  2.02692     14.34254  1.99495  1.50748   8.10898  0.15226     0.06553   9249.31974   3804.64368  1.04579         3114.83797     18.23888  0.00096  58708.44452   4.13821   0.0473   157156.31095  46.75877  19.29022   58752.4219    51.12018        44.5303   22.51758  30.02344   39.0    0.21126  -21.32237   0.9992 
  -16.68388  0.01241  2.64678     14.26507  1.66055  0.70834   5.16064  0.10668     0.03536   8884.34833   3603.05135   0.3572         5772.31458     16.51648    2e-05  58708.64612   2.42986  0.06406   318683.74167   46.1403  19.42655   58753.0625     51.0367       44.35207   22.51758  39.40577   39.0    0.30051  -21.52629  0.99748 
  -14.07188  0.00607  0.73956     14.67692  1.98085  0.63193  18.08197  0.04717     0.06831   5941.60008     3339.754  0.96817         5659.28017      16.9255    5e-05  58711.25812   3.80785  0.10974     4454.21178  49.17897  19.35145  58750.53528    51.13912       44.57915   20.64112  27.07788   40.0    0.23746  -21.47192  0.99992 
  -12.35461  0.00191  1.97418      14.6463  1.96861  0.46534   9.88593  0.03798      0.0879   5729.84456   5891.53786  0.79589         5806.08665     18.98957  0.00542  58712.97539   1.93611  0.01889    36320.95539  47.41207  19.36357  58755.58972    51.31016       44.68513   16.88819  35.65005   36.0    0.30664  -21.50419  0.99969 
  -19.08355  0.33042  1.60459     14.15937  1.65927  1.46559   4.09364  0.21146     0.01151    6350.1848    5734.4211  0.86989         5798.98399     20.14112  0.07689  58706.24645   0.98471  1.35262     190423.244  46.79832  19.31299   58753.0625    51.19241       44.61087   15.01172  31.89712   38.0    0.23347  -21.49448  0.98129 
  -20.81624  0.00104  1.70295     14.29513  1.82237  1.01809  16.98316  0.06234     0.23066   8823.24565   4236.22241  0.07506         5090.69201     19.03945  0.00608  58704.51376   7.88683  0.01764   126066.37521  46.96648  19.44929  58755.58972     51.2607       44.55789   20.64112   43.1587   40.0    0.22164  -21.20402  0.99976 
  -16.74722  0.00134  1.67782      14.4898  1.85111  0.66473    8.4117  0.05961     0.31966   4421.16807   4558.64234  1.13639         5965.11435     18.71126  0.00286  58708.58278   0.98081  0.01126    50715.69555  47.38165  19.41221  58755.58972    51.26775       44.62962   18.76465  35.24405   41.0    0.20773  -21.42689  0.99986 
  -12.16449  0.45355  1.62541     14.35361  1.68077  0.96708   3.63875   0.1594     0.19221   7585.85675   6487.16918  1.04105         4750.65057     20.46946  0.16375  58713.16551   1.24907  1.65034     80915.2103   47.1644  19.27521  58755.58972    51.11898       44.50217   15.01172  35.65284   37.5    0.28696  -21.64018  0.97798 
  -10.55789  0.00836  1.34071     14.24791  1.61365  1.48454   9.03919  0.04918     0.04717   4719.30782   5343.41316  1.26539         5155.19929     18.37556  0.00132  58714.77211   1.20092  0.07552    85994.22857  47.28751  19.39916     58750.28    51.08071       44.44714   24.39405  33.77637   37.5    0.25834  -21.48059  0.99929 
  -14.84605   0.0019  1.03528     14.26503  1.55759  1.12002  17.00656  0.09202     0.25944  11304.01966   6681.61748  0.36645         4664.86822     20.37204  0.13085  58710.48395  12.96312   0.0323    45743.71644  47.77085  19.40566   58753.0625    51.17231       44.57631   16.88819  31.89991   35.5    0.25037  -21.65465  0.99983 
  -12.16963  0.31182  1.46102     14.30379  1.67881  1.55517   6.95897  0.27191     0.06539  15130.54961   5584.36633  0.90748         2012.45134     19.39659  0.01385  58713.16037   9.50346  2.16993    82137.96113  47.24999  19.29153  58755.58972    51.07221       44.43744   15.77019   38.6473   34.5    0.24877  -21.65781  0.97796 
  -13.92176  0.00183  2.06088     14.10346  1.48251  1.26841   6.82523  0.07624      0.0643   8063.92752   6289.09919  0.61652         4575.29224     17.07134    7e-05  58711.40824   2.64751   0.0125   363084.31857  46.25173  19.39666   58752.4219     51.0935       44.46495   20.64112  33.77637   37.5    0.31565  -21.46962  0.99965 
  -12.32668  0.02544  2.30486     14.24672  1.49818  0.82531  20.46229  0.01759     0.02905   5194.30614   5877.95244  1.43111         4845.07663     18.73507  0.00302  58713.00332   3.29334  0.52055   237263.76636  46.34389  19.31719   58753.0625    51.13759       44.55263   16.88819  30.02344   39.0    0.29668  -21.54056  0.98227 
  -13.69138  0.02931  2.97284     14.13759  1.66821  1.33357   3.65972  0.25485      0.0327   8921.24566     4028.719  1.46888         4019.91856      16.7865    3e-05  58711.63862    1.7375  0.10728   726486.40436  45.68352  19.34917  58758.11695    51.08466       44.42744   20.64112  39.40577   36.5    0.25118  -21.55586  0.99472 
  -15.27582  0.05064  1.04645      14.5207  1.55364  0.56372   3.72687  0.21812     0.46329   6072.93942   6959.45858  1.11656         5642.15414     18.22763  0.00094  58710.05418   0.81992  0.18874    14361.69971  48.26355  19.39938   58753.0625    51.20633       44.58131   16.88819  35.24405   38.5    0.22753  -21.62145  0.99904 
  -12.75129  0.15126  1.29131     14.63245   1.8062  0.60066   6.99499  0.21867      0.0384  10426.89668   6035.03709  0.77272         4734.89391     18.17025  0.00082  58712.57871   4.53654  1.05805     15196.6322   48.1218  19.36848  58750.53528    51.11676       44.41077   25.98265  36.77084   36.5    0.22693  -21.50714  0.99346 
  -10.62487  0.32713  0.97473     14.58852  1.78289  1.00397  11.01784  0.12057     0.05803  12303.44264   3197.04302  1.04973         3563.61605     18.69046  0.00272  58714.70513   9.94895  3.60427    10463.28371  48.52253  19.39556   58752.4219    51.07431       44.38515   15.77019   38.6473   42.0    0.27096  -21.45318  0.99398 
  -24.68393  0.02753  2.98647     14.15333  1.76068  1.16508   6.03077  0.16448     0.25356   9605.89881   3874.89246  0.52841         4936.57876     19.31557  0.01149  58700.64607   3.31952  0.16603   719702.92593  45.70706   19.3723  58756.35881    51.04809       44.38062   18.76465  41.28223   43.0    0.23044  -21.40524  0.99241 
  -19.14538  0.01464  2.27803     14.65456   1.8539  0.41118   6.93651  0.15337      0.1273   8668.10107    3631.4121  0.63705           5463.908     17.37067  0.00013  58706.18462   3.10897  0.10158    43843.03834  47.17991  19.45805   58753.0625    51.14866       44.45876   17.75824  44.65669   39.5    0.23606  -21.40528  0.99753 
  -22.58458  0.00143  1.88775     14.31444  1.98491   1.2633  17.90519  0.06851     0.02099   8123.96294   3182.52078  0.42095         5316.85844     17.31855  0.00012  58702.74542   7.04923   0.0256   154370.96283  46.82613  19.43025   58753.0625    51.06625       44.41392   22.51758  33.77637   42.0    0.19861  -21.16349  0.99962 
  -19.96318  0.02759  2.50138     14.06512  1.53815  1.05641   6.36368  0.06967     0.01265   6795.60844   6262.06461  0.57389         5455.16857     17.68669  0.00027  58705.36682   1.75304  0.17555   662116.36773  45.83855  19.35441  58756.35881    51.56764        45.0376   13.13526  28.14698   41.5    0.25655  -21.40488   0.9931 
  -25.83596  0.01838  1.65671     14.14366  1.48109  1.01874  11.75124  0.10834     0.36428    9437.0545   4620.81227    0.162         5836.28824     17.82895  0.00037  58699.49404   6.24286  0.21598   194795.81181  46.71135  19.29878   58752.4219    51.24774       44.70994   16.88819  26.27051   41.5    0.21843  -21.19035  0.99612 
  -11.81523  0.08391  2.56341     14.28569  1.82961  1.36479   8.26763  0.09533     0.08448   8437.99953   5249.76328  1.18657         3876.77012     18.83886  0.00383  58713.51477   3.51146  0.69371   299523.24923  46.23714  19.41736   58753.0625    51.26726       44.65378   15.36462  35.29994   39.5    0.26611  -21.45463  0.97852 
  -12.07269  0.01455  0.78775     15.03584  2.05702  0.28535   5.21473  0.20183     0.01163   6212.25963   3456.60342  1.52322         4512.38303     17.21152    9e-05  58713.25731   1.20049  0.07589     1004.95679  49.78716  19.35024  58756.35881    51.10033       44.42529   22.51758  35.65284   39.0    0.19106  -21.45794  0.99994 
  -12.57839  0.04957  1.91549      14.6739  1.86763  0.30415   6.01185  0.19164     0.07096  12225.85027   6571.53297  1.69809         2303.19459     20.84635  0.39001  58712.75161   5.36035  0.29801     28567.7415   47.5197  19.35668   58753.0625    51.53515       45.02596     13.214  28.06824   37.5    0.23839  -21.91647  0.99492 
  -12.92691  0.07815  1.69091      14.6333  1.86726    0.553   5.61591  0.10928     0.12758   5849.10259   5663.80095  1.12207         5083.15642     17.31119  0.00011  58712.40309   1.14611  0.43887    26832.13624  47.65515  19.36859   58752.4219    51.18408       44.54028   21.39958  31.14144   38.5    0.22667  -21.43964  0.99461 
  -14.55244  0.03533  2.10496     14.53639  1.72844   0.5049   6.46182  0.18498     0.10259  10732.23723   5621.30986  0.35801          5312.5565     16.91612    5e-05  58710.77756   4.43979  0.22828    60141.08008  47.08084  19.29016  58755.58972    51.14372       44.51937   18.76465  33.77637   36.0    0.26445  -21.56741  0.99475 
  -13.48312  0.00416  1.46102     14.49439  1.92817  0.69034  19.62807  0.03785     0.14466   6786.40183   4055.64291  0.91496         5817.78747     20.48392  0.16929  58711.84688   5.39242  0.08171      39218.896  47.63118   19.3971     58757.27    51.17667       44.47565    21.1327   43.1587   37.5    0.22543  -21.75586  0.99928 
   -16.3961  0.03251  1.64438      14.4663  1.48898  0.56881  14.45704  0.07434     0.15178   8334.80811   3723.63956  1.15134         3892.04336     17.74712  0.00031   58708.9339   5.99098  0.46995    43661.87217  47.36963  19.39884  58755.58972    51.21342       44.56203   18.76465   37.5293   40.0    0.22097  -21.32062  0.99205 
   -9.64137  0.11098  2.05285     14.37221  1.71007  0.97113  10.88122  0.03895     0.02035    6295.9557   5923.49792  1.12612         5937.69271     17.61322  0.00023  58715.68863   2.57293  1.20763   120535.82927  46.79603  19.41571     58757.27    51.16147        44.5464   16.88819  35.65284   35.0    0.32024  -21.65784  0.97417 
  -14.43988  0.07041   1.4943     14.24503  1.70484  1.20623   8.85341  0.08608     0.33099   8563.73951   5069.60199  0.54689         5638.27606     20.37815   0.1327  58710.89012   3.87315   0.6234   114368.26863  47.09335  19.38218   58753.0625    51.15539       44.47648   17.75824  42.78022   36.5    0.27988  -21.68108  0.99294 
  -17.43093   0.0125  0.95314     14.40852  1.51362  0.72551   5.92122  0.14578     0.12455     6405.093   4527.81937  1.03979         4789.72803     18.86895  0.00411  58707.89907   1.44907  0.07404    19458.02169  48.20145  19.42222   58752.4219    51.15873       44.55086   21.39958  31.13866   40.0    0.22264  -21.18831   0.9997 
  -13.79054  0.06822  1.01585     14.48922  1.85778  1.38257  32.57484  0.03006     0.03139   7814.66576   4402.91015  1.33323          4202.0555     19.66242  0.02554  58711.53946  11.86671  2.22211     18707.9978  48.25216  19.35196  58755.58972    51.20975       44.59907   16.88819  33.77637   41.0    0.22012   -21.5881  0.99517 
  -12.99098  0.03667  2.77278     14.36789   1.8218  0.86058    6.2168   0.0923     0.24231   6784.49285   5229.02102   1.3387         4659.97371     19.47939  0.01675  58712.33902   1.70698  0.22799   238986.49211  46.26514   19.4332   58753.0625    51.05856        44.3491   26.27051   37.5293   38.5    0.26457  -21.52895  0.99153 
  -17.25711  0.00602  1.78789      14.2403   1.7636  1.41218  24.57701  0.02993     0.05405   7010.06829   5970.50283  0.77142         4918.91115     17.07588    7e-05  58708.07289   7.20445  0.14806   173098.93673  46.77227   19.4091   58753.0625    51.15164        44.5396   17.64665  32.60912   39.5    0.24314  -21.39472  0.99765 
   -19.8538  0.00323  1.40274     14.29308  1.78935  1.21988  18.04797  0.05639     0.01192   7023.70538   3313.46021   0.6277          4724.2889     16.11598    1e-05   58705.4762   5.31114  0.05837    84781.06063  47.29929  19.32813  58755.58972    51.26107       44.69517   15.01172  30.02344   41.5    0.19763  -21.11554  0.99947 
  -16.75816  0.00125  1.82946      14.1265  1.61441  1.49067  13.31171  0.04707     0.02183   8555.63075   4856.63594  0.19471         5210.94124     18.03204   0.0006  58708.57184   5.81253  0.01664   280203.25854  46.50474     19.39   58753.0625    51.10422        44.4662   20.64112  33.77637   38.0    0.29627  -21.39345  0.99968 
  -13.07494  0.00366  1.33018     14.30483  1.76498  1.54496  14.31091  0.09911     0.31246  11107.72859   3748.68273  0.59757         3415.88743      18.9421  0.00486  58712.25506  10.53283   0.0524     71238.6819  47.41504  19.37261  58750.53528    51.21055       44.62916   16.88819  28.95435   35.0    0.26526  -21.54248  0.99959 
  -15.70238  0.00762   2.9698     14.12796  1.69742  1.42478   9.98703  0.04199     0.01604    6385.8417   6112.00428  1.07083         5489.52844     19.51665  0.01825  58709.62762    2.4294   0.0761   771133.05581  45.66605  19.42224  58756.35881    51.08595       44.41837   20.64112  39.40577   40.5    0.29454  -21.59263  0.99635 
  -11.56036   0.0221  0.84193     14.50133  1.49477  0.57356  18.46911  0.05364     0.04799   7455.81764   4381.80835  0.97864         5988.68902     19.45351  0.01578  58713.76964    6.1244  0.40824     9778.48426   48.6026  19.38467   58753.0625    51.09756       44.40844   19.11755   42.8058   37.5    0.20477  -21.71283  0.99886 
  -15.25502  0.00322  0.85482     14.24148  1.58861  1.51731  10.37188  0.07869     0.35296   6242.17957   8325.37738  0.78125         5574.01693     18.51841  0.00183  58710.07498   2.41078  0.03336    35451.27291  48.05648  19.31227   58753.0625    51.16156       44.51784   17.64665  34.89437   37.5    0.20834  -21.45831  0.99991 
  -15.15517  0.00167    2.249     14.41407  1.78708  0.64918  14.10187  0.02883      0.0197   5965.99303   8225.93939   0.7964         5606.02733     16.29095    1e-05  58710.17483   2.99412  0.02361   124681.09455  46.72121  19.30556  58756.35881    51.12317       44.47167   18.76465   37.5293   39.5    0.28054  -21.49135  0.99941 
  -11.52351  0.01139    1.632     14.52836  1.57846  0.58611  15.58122   0.0395     0.03112   5338.34945   7333.94011  1.58472         4992.32374     17.21489    9e-05  58713.80649   2.64876  0.17748    34258.64726  47.50687  19.40752  58756.35881    51.14652       44.45415   17.64665   38.6473   38.0    0.23256  -21.46206  0.99736 
  -15.78019  0.00253  1.78775      14.3529  1.68545  0.48728     3.737  0.25481     0.14929  12024.35768   4224.49538  1.67217         2187.35707     20.94049  0.48442  58709.54981    3.2231  0.00944    98479.29845   46.9976  19.37063  58755.58972    51.13233       44.42204   22.51758  41.28223   40.0    0.24489  -21.99609  0.99983 
  -13.26565  0.08639  1.81545     14.62046    1.825  0.43755    9.4131  0.14656     0.12972  11647.32263   6273.76075  1.74098         2666.91805     20.59993  0.22114  58712.06435   7.61749  0.81324    32071.64799  47.50602  19.31323   58753.0625    51.24311       44.66863   15.01172  30.02344   39.0    0.23143  -21.70966  0.98746 
  -14.31593  0.00549   2.2599     14.28965  1.74919  0.98146  18.82473  0.02964     0.01206   6949.48377   4246.92319  0.75369         5598.40289     18.57583  0.00209  58711.01407   5.42327  0.10329   218543.48935  46.46397  19.36636   58753.0625    51.10255       44.47041   20.64112  33.77637   37.5    0.28611  -21.51097  0.99729 
   -19.2975  0.00127  1.28635     14.45762  1.86305  0.80975  38.59333  0.02627     0.01469   7342.62474   4482.16584  0.69724         5527.06759     17.09863    7e-05   58706.0325  12.41201  0.04887    34795.63727  47.77882  19.31041  58755.58972    51.09239       44.44001   16.88819   37.5293   40.0    0.21118  -21.23142  0.99968 
  -14.33137  0.00117  1.52986     14.10687  1.29505  1.23614   8.38093  0.13065     0.03037   8166.69247   6478.24412  0.84778         5581.44859     17.39532  0.00014  58710.99863   3.33436   0.0098   172057.75795  46.77615  19.37903  58755.58972    51.09989       44.43405   15.36462  40.92933   38.0    0.22053  -21.52611  0.99982 
  -11.03993    0.011  1.08019     14.29307  1.72848  1.29971   8.44383     0.07     0.01127   5604.78582   6659.68219  1.06718         5372.66015     20.28902  0.10808  58714.29007   1.58228  0.09284    48565.87991  47.75318  19.38002   58753.0625    51.13751       44.52376   22.51758  31.89991   36.5    0.22807   -21.6224  0.99956 
  -13.02455  0.00702  1.05876     14.38638  1.77145  1.21157  24.01626  0.02261     0.01394   4384.89285   6936.03827  1.59569         5697.25477     18.97482  0.00524  58712.30545   2.75455  0.16852    31116.18011  47.97459  19.29721  58755.58972     51.1008       44.46878   26.27051  31.89991   38.0    0.22002  -21.69662  0.99937 
  -18.11281  0.03761  0.97131     14.48703  1.81878  0.80518  22.81047  0.05299     0.13927   8582.23017   5953.23603  0.48048         5944.49089     19.11989  0.00732  58707.21719  10.02217  0.85795    16913.78044  48.32567  19.39333  58756.35881    51.18247       44.49502   16.88819   43.1587   40.5    0.22086  -21.25676  0.99752 
  -19.13002  0.00147  1.27777     14.67166  1.75353  0.44184  34.54332  0.02853     0.19467   6325.35398   3780.04093  1.30088         4644.69875      18.8763  0.00418  58706.19998   8.24444  0.05076    12058.76386  48.21855  19.42282   58752.4219    51.11326       44.45996   17.24109  39.05287   43.0    0.18901  -21.13897  0.99964 
  -25.22349  0.01474  0.97208     14.70261  1.73658  0.40783  34.64033  0.05415     0.09531  10041.94926   4789.70732  0.33373         5158.07814      17.8564   0.0004  58700.10651  20.83748  0.51047     5993.84002  48.75543  19.31513   58752.4219    51.28252       44.81102   15.01172  22.51758   42.0    0.20706  -20.88174  0.99829 
  -20.92204  0.01333  3.57763     14.05942  1.76375   0.8453   3.92905  0.15087     0.02825  10265.55045   4159.62833  0.51957         2286.53105     17.61132  0.00023  58704.40796    2.4699  0.05238  1594423.38857  45.20549  19.28878   58753.0625    51.17983       44.59711   15.66189  31.14144   39.0    0.27934  -21.44802   0.9965 
  -30.36783  0.00324   0.9781     14.13756  1.38253  0.60052   9.48812  0.23998     0.01493  10324.65211   5698.60171  0.28974         4114.11904     20.82984  0.37546  58694.96217   6.03335   0.0307    65182.16557  47.61463   19.3812   58752.4219    51.19845       44.58658   17.24109  30.47791   39.0    0.21146  -21.45908  0.99979 
  -19.01775  0.00378  0.71728     14.47932  1.72885  0.66664   9.52277  0.09742     0.06421   6719.60889   4420.93205  0.70763         5826.83612     20.04702  0.06191  58706.31225   2.56495  0.03599     9084.88792   48.8369  19.39734   58753.0625    51.20145       44.57025   17.24109  33.42069   40.5    0.20792  -21.24199  0.99995 
  -22.24921  0.00763  2.69397     14.12547  1.61746   1.2084   2.94469  0.18726      0.1935   6346.02134   3053.19623  1.03478         5350.65481     16.47839    2e-05  58703.08079   0.70741  0.02248   611646.44835  45.83039  19.45011  58755.58972    51.09007        44.4249   20.64112   37.5293   43.5    0.25011  -21.39665  0.99905 
  -16.55325  0.04661  2.87201       14.129  1.47486  0.68417   3.99157  0.10322     0.01581   7118.37786   5820.91348  0.94845         5960.63215     19.81651  0.03641  58708.77675   1.20652  0.18606   623638.02745  45.72629  19.33743   58753.0625    51.17574        44.5995   19.52312  29.26498   37.5    0.29426  -21.73403  0.98971 
  -15.74447  0.16915   1.8356     14.26727  1.61568  1.35305   7.73886  0.16226     0.03096   9241.72677   3959.32066  0.98197         4099.01667     17.38849  0.00014  58709.58553   3.94285    1.309   147633.20122  46.78046  19.44055  58755.58972    51.15818       44.51946   15.01172   37.5293   40.0    0.20476  -21.41075  0.97585 
  -16.40981  0.00765  3.52537     14.05116  1.77199  1.19671   3.09467  0.12776     0.05496  10765.40948   3252.66958  0.18976         5909.94429     19.30853   0.0113  58708.92019   2.13945  0.02367  1615737.84425  45.21453  19.37181   58752.4219    51.24908       44.70924   15.01172  27.46804   41.0    0.31386  -21.53481  0.99848 
  -19.51199  0.00392  1.07097     14.30159  1.79102  1.03862   4.19195  0.22181       0.192   7696.17876   6634.00437  0.41003           5670.101     20.11295  0.07206  58705.81801   1.48113  0.01645    47564.44457  47.78511  19.39129  58755.58972    51.18596       44.53793   21.39958  36.77084   40.0    0.21748    -21.316  0.99992 
   -10.4063  0.10288  0.90834     14.50371  1.75653  0.81916   8.95794   0.0562     0.01999   5175.23149   8943.77069  1.18989         5175.03919      18.8392  0.00384   58714.9237   1.43118   0.9216    13229.82001  48.47545  19.46436     58757.27    51.22312       44.56726   20.64112  35.65284   36.0    0.26021  -21.55701  0.99795 
  -26.47313   0.0044  1.07373     14.29521  1.67051  0.87261  14.27339  0.11435     0.14107   9498.15899   4637.22057  0.14186         5740.40211     20.27037  0.10354  58698.85687   7.68127   0.0628    45924.27379  47.76786  19.46335   58753.0625    51.18171       44.54372   18.76465  33.77637   42.0    0.19992  -21.08084  0.99965 
  -20.14572  0.11762  1.47901     14.11711  1.41951  1.00311  11.78662   0.0799     0.02472   9068.35492   5908.29925   0.2945         4154.74311     20.33331  0.11968  58705.18428   5.78194  1.38638   168139.36204  46.85537  19.32908  58750.37092    51.20969       44.61832   15.01172  30.02344   43.0    0.22443  -21.40565  0.97933 
   -9.51895  0.00972  0.83455     14.40495   1.4725  0.78286  13.27321   0.0639      0.0458   6828.46824   8130.30017  1.20611         5302.19571     18.75222  0.00314  58715.81105    3.6919  0.12895     14753.1427  48.42511  19.33115   58753.0625    51.16632       44.58255   15.77019  32.60912   36.0    0.22715   -21.6412  0.99966 
    -20.671   0.2481  3.72774     14.51411  1.78051  0.39248   6.30962  0.08567     0.02239   8967.26813   3267.75967  0.56421          5903.9881     17.54833   0.0002    58704.659   3.02657   1.5654   215289.47656  46.04347  19.42237     58757.27    51.16815       44.51671   16.88819   37.5293   42.5    0.27371  -21.52695  0.89996 
  -13.55512  0.00316  1.42457      14.4978  1.85993  0.75046    5.6093  0.11133     0.08701   6108.80755    3911.3713   0.8747         5742.31639     16.48392    2e-05  58711.77488   1.24867  0.01775    35406.54043  47.68189  19.32069     58757.27    51.10426       44.44331   18.76465   37.5293   36.0    0.24537  -21.51451  0.99985 
  -10.48686  0.04091   0.8323     14.52631  2.03773  1.29835   6.74416  0.31169     0.16086  14725.72099   6977.92887  0.49112         3953.79646     18.88441  0.00426  58714.84314   8.72385  0.27587    11611.77142  48.67254  19.28727   58752.4219    51.18378        44.6245   17.64665   28.0714   32.5    0.26486  -21.67278  0.99974 
   -16.2765   0.2324  2.55616     14.02564  1.37547  1.42881   4.51195  0.18159     0.09943  11236.74576   5022.96336  0.77567         2641.78459       16.713    3e-05   58709.0535   3.39838  1.04856   741582.56213  45.72196  19.22045     58750.28    51.13807        44.5369   18.76465  28.14698   40.0    0.28437  -21.46248  0.95135 
  -12.38663  0.01192  1.59457     14.18764  1.42827  1.09101  13.52343  0.04242      0.0179    6550.3194   4414.39352  1.01373         5598.37801     18.71605  0.00289  58712.94337    3.4613   0.1612   142112.14879  46.86574  19.26612  58755.58972    51.00318       44.35721   25.72251  34.32438   35.5     0.2762  -21.61004  0.99722 
  -14.11383   0.0035  1.24639     14.20513  1.56808  1.53946   4.12834  0.30862     0.02009   7755.82952   7540.68711  0.92469         5327.00262     16.55279    2e-05  58711.21617   1.48136  0.01443    87950.03555  47.32867   19.3856   58753.0625    51.13179       44.48471   17.24109  39.05287   35.5    0.22307  -21.58479  0.99988 
  -21.16283  0.00267  2.34858     14.54975  1.89837   0.4435   8.73078  0.14008     0.01462   8507.07751   6083.43968  1.01377           3780.338     20.42415  0.14753  58704.16717   3.76913  0.02331     77323.2958  46.91731   19.3204   58752.4219    51.10833       44.46419   17.64665  36.77084   39.0    0.20884  -21.42961  0.99941 
  -15.79104  0.04643  1.06979     14.46269  1.84774  0.87527   9.22641  0.07603     0.45316   5970.80153    6911.1139  0.89649         5905.60382     19.19388  0.00868  58709.53896   1.96212  0.42836    23316.51719  48.10923  19.35828   58752.4219    51.11531       44.44289   18.76465  39.40577   38.0    0.22499   -21.4948  0.99837 
  -21.66268  0.00577   1.2738     14.28684  1.82971  1.26163   11.6723  0.15669     0.01829  10165.14707   3525.24798   0.1391         5396.06566     17.89427  0.00044  58703.66732   7.19467  0.06738    73572.15792  47.45431   19.4466  58758.11695    51.18556       44.50698   23.76763  40.52377   36.5    0.21504  -21.17547  0.99953 
  -10.78096  0.05293   0.7191     14.34428  1.46779  1.08457  20.16642  0.03255     0.02687    5482.9422   8086.70204  1.29433         5432.08068     19.46195  0.01609  58714.54904   3.61646  1.06739    14437.50571  48.56244  19.35973   58753.0625    51.14807         44.575   22.51758  28.14419   36.5    0.21833  -21.81058  0.99854 
  -13.01484  0.37055  1.55613     14.19799   1.4783   1.5415   4.45285  0.10146      0.1195   5831.95297   6154.50116  1.18762         4523.52128     19.68323  0.02679  58712.31516   0.90343  1.64999     133567.589  46.92881   19.3435   58753.0625    51.09941       44.47585   18.76465  33.77637   41.0    0.28218  -21.43037  0.97546 
  -11.50957  0.03346  1.32769     14.58133  1.60627  0.49573   9.61347  0.06581     0.16667   5602.71756   3265.45011  1.17352         5658.07743     16.11922    1e-05  58713.82043   1.80013  0.32164    18078.37597  47.97131  19.35849  58750.53528    51.14576       44.50973   18.76465  35.65284   37.5    0.22515  -21.56809  0.99709 
  -15.01776  0.03713  1.15221      14.2924   1.7482  1.27676  12.51924  0.05627     0.05407   7096.33909   3134.32073  0.54035         5320.59021     16.89449    4e-05  58710.31224   3.76075  0.46478    56061.99518   47.6397  19.40712  58755.58972    51.11763       44.49334   22.51758  31.89991   37.0    0.26314  -21.47034  0.99738 
  -13.80432  0.01352  1.32128     14.41457  1.97435  1.45298  19.17708  0.03348     0.04808   5355.15182   3114.48487  1.13212         5420.93571     18.75334  0.00315  58711.52568    3.2806   0.2593    47433.77008  47.64619  19.37691  58750.53528    51.06109       44.40901   16.88819  33.77637   38.5    0.22043  -21.48956  0.99849 
  -12.90054  0.01471   0.7362     14.38999  1.81126  1.53894   16.4134  0.04617     0.04924   6309.10548     5465.662  0.81388          5438.7345     18.56327  0.00203  58712.42946   3.89728  0.24145    15128.88186  48.61303  19.37492   58753.0625    51.20407       44.62782   16.88819  31.04252   37.5    0.25558  -21.51768  0.99977 
   -14.4092  0.02925  1.85502     14.25676  1.55357  0.91826  16.59566  0.03913     0.09415   6980.62134   6052.35073  0.90502         5619.26638     16.42228    1e-05   58710.9208   4.82403   0.4855   152170.71097  46.74115   19.3218     58757.27    51.05143       44.40363   16.88819  39.40577   38.5    0.26031  -21.61312  0.98992 
  -13.95806   0.0389  2.05681     14.24947  1.78022  1.33846  17.76887    0.032     0.03254   7709.40183   4023.67967  0.61109         5430.43853      18.1446  0.00078  58711.37194   6.29982   0.6912   221683.88594   46.5472  19.38813   58752.4219    51.14583        44.4853   20.64112  35.65284   38.0    0.29372  -21.52834  0.98566 
  -15.44535  0.02441  0.94815     14.44993  1.74395  0.81234  12.12109  0.13322      0.3182  11578.19404   6096.15184  0.11259         3688.74592      16.0295    1e-05  58709.88465   9.69283  0.29585    18333.27041  48.29339  19.37352     58757.27    51.16066       44.49101   18.76465  39.40577   35.5     0.2568  -21.56348  0.99911 
  -13.74464  0.04656  1.64169     14.27339  1.65873  1.31924  13.49993  0.05396     0.05316   6202.87267   3909.74596  1.32926         5823.03989     18.82223  0.00369  58711.58536   3.09845  0.62858   117867.55066  46.98664  19.41053  58750.53528     51.1592       44.53475   19.11755  34.89115   39.0    0.23818   -21.7109  0.99111 
   -8.68064  0.03533  1.32268     14.40496  1.66979  0.89913   6.43197   0.1599     0.19375   8889.36272   4755.78501  0.86425         5768.82445     17.93652  0.00048  58716.64936   3.03188  0.22727    42021.05805  47.62513  19.37571   58752.4219     51.0796       44.41864   26.27051  33.77637   34.5    0.25595  -21.67019  0.99814 
  -12.45993  0.05639  0.92191     14.38128  1.59528  1.03609  11.83882  0.04767     0.19234   4945.14383   5424.10088  1.20645         5582.36252     16.82288    4e-05  58712.87007     1.727  0.66764    21750.21506  48.20484  19.39247   58752.4219    51.09617       44.48335   24.39405  31.89991   37.5    0.22552  -21.48912  0.99809 
  -18.82327  0.00133  2.57506     14.32016  1.86446  0.80221   3.61725   0.2266     0.02577   7039.69144   5107.88309  0.86178         5362.67946     16.36215    1e-05  58706.50673   1.06933  0.00481   262798.15371   46.2982    19.379  58750.53528    51.09046       44.45091   15.77019  36.77084   39.0    0.22099  -21.51711  0.99985 
  -15.82328  0.00805  1.03913     14.28856  1.79349  1.42381  18.55005  0.04997     0.04528   8662.58393   6762.68362  0.11403         5547.49518       18.484  0.00169  58709.50672   8.30362  0.14924    47613.33422  47.81148  19.29747  58755.58972    51.28013        44.6864   16.88819  31.04252   35.5    0.26899  -21.37237  0.99939 
   -16.1544  0.04168  2.40854     14.34132  1.70102   0.6208   3.61246  0.18232     0.01498   6453.38201   7655.38374  0.91763         5900.41771     19.14301  0.00772   58709.1756   0.89744  0.15057   190282.53031  46.45665   19.3631     58757.27    51.16861       44.51249   30.51502  33.77637   36.5    0.24909  -21.65691  0.99529 
  -13.79532  0.00384  1.24769     14.22942  1.54148   1.1077  12.79234  0.06739     0.01381   7646.83277   6966.62005  0.70543         5385.10006     16.51781    2e-05  58711.53468   4.46211  0.04906    77467.42049  47.37545  19.41027     58748.29    51.10527       44.44375    21.1327   37.5293   36.0    0.24383  -21.59256  0.99957 
  -10.17022  0.06188  1.33924     14.59276  1.94678  0.68726   8.52059    0.054     0.03945   4926.58669   7364.16867  1.27808         5144.39068     18.17061  0.00082  58715.15978   1.23364  0.52725    21150.44838  47.97912  19.31431  58755.58972    51.18355       44.60125   20.64112  31.49112   37.0     0.2528   -21.5091  0.99669 
   -18.2665  0.02199  2.40681     14.44638  1.80255  0.57848   5.53311  0.20343     0.06074  10372.15302    4819.5605  0.25385         5670.58372     18.03372   0.0006   58707.0635   3.55087  0.12169   124117.24589  46.66802   19.3555  58756.35881    51.13321       44.48307   22.51758  35.65284   37.5    0.25094  -21.51595  0.99652 
