       MJD   Upper    Mean   Lower  Cenwave  Zeropoint  Filter 
 55389.324    99.0    99.0    99.0  4671.78     3631.0       g 
 55389.324    99.0    99.0    99.0  6141.12     3631.0       r 
 55391.734    99.0    99.0    99.0  4671.78     3631.0       g 
 55391.734    99.0    99.0    99.0  6141.12     3631.0       r 
 55394.144    99.0    99.0    99.0  4671.78     3631.0       g 
 55394.144    99.0    99.0    99.0  6141.12     3631.0       r 
 55396.554    99.0    99.0    99.0  4671.78     3631.0       g 
 55396.554    99.0    99.0    99.0  6141.12     3631.0       r 
 55398.964    99.0    99.0    99.0  4671.78     3631.0       g 
 55398.964    99.0    99.0    99.0  6141.12     3631.0       r 
 55401.374    99.0    99.0    99.0  4671.78     3631.0       g 
 55401.374    99.0    99.0    99.0  6141.12     3631.0       r 
 55403.784    99.0    99.0    99.0  4671.78     3631.0       g 
 55403.784    99.0    99.0    99.0  6141.12     3631.0       r 
 55406.194    99.0    99.0    99.0  4671.78     3631.0       g 
 55406.194    99.0    99.0    99.0  6141.12     3631.0       r 
 55408.604    99.0    99.0    99.0  4671.78     3631.0       g 
 55408.604    99.0    99.0    99.0  6141.12     3631.0       r 
 55411.014    99.0    99.0   24.07  4671.78     3631.0       g 
 55411.014    99.0    99.0   24.48  6141.12     3631.0       r 
 55413.424    99.0    99.0  22.739  4671.78     3631.0       g 
 55413.424    99.0    99.0  23.143  6141.12     3631.0       r 
 55415.834    99.0    99.0  22.011  4671.78     3631.0       g 
 55415.834    99.0    99.0  22.435  6141.12     3631.0       r 
 55418.244    99.0    99.0  21.563  4671.78     3631.0       g 
 55418.244    99.0    99.0  21.971  6141.12     3631.0       r 
 55420.654    99.0    99.0  21.235  4671.78     3631.0       g 
 55420.654    99.0    99.0  21.627  6141.12     3631.0       r 
 55423.064    99.0   27.34  20.957  4671.78     3631.0       g 
 55423.064    99.0  27.749  21.337  6141.12     3631.0       r 
 55425.474    99.0  22.721  20.742  4671.78     3631.0       g 
 55425.474    99.0    23.2  21.104  6141.12     3631.0       r 
 55427.885    99.0  21.756  20.547  4671.78     3631.0       g 
 55427.885    99.0  22.207  20.911  6141.12     3631.0       r 
 55430.295    99.0  21.234   20.38  4671.78     3631.0       g 
 55430.295    99.0  21.646  20.748  6141.12     3631.0       r 
 55432.705  25.671  20.876  20.256  4671.78     3631.0       g 
 55432.705  26.182  21.311  20.617  6141.12     3631.0       r 
 55435.115  22.652  20.621  20.158  4671.78     3631.0       g 
 55435.115  23.113  21.021  20.498  6141.12     3631.0       r 
 55437.525  21.483  20.448  20.069  4671.78     3631.0       g 
 55437.525  21.907  20.796  20.393  6141.12     3631.0       r 
 55439.935  20.911  20.285  20.001  4671.78     3631.0       g 
 55439.935  21.298  20.627  20.296  6141.12     3631.0       r 
 55442.345   20.59   20.17  19.947  4671.78     3631.0       g 
 55442.345  20.954  20.481  20.224  6141.12     3631.0       r 
 55444.755  20.337  20.069  19.889  4671.78     3631.0       g 
 55444.755  20.704  20.361  20.167  6141.12     3631.0       r 
 55447.165  20.178  19.986  19.842  4671.78     3631.0       g 
 55447.165    20.5  20.267  20.115  6141.12     3631.0       r 
 55449.575  20.036  19.919  19.812  4671.78     3631.0       g 
 55449.575   20.36  20.182  20.065  6141.12     3631.0       r 
 55451.985  19.951   19.86  19.771  4671.78     3631.0       g 
 55451.985   20.25  20.122  20.026  6141.12     3631.0       r 
 55454.395    19.9  19.813  19.726  4671.78     3631.0       g 
 55454.395   20.15  20.067  19.997  6141.12     3631.0       r 
 55455.517  19.882  19.794  19.702  4671.78     3631.0       g 
 55455.517  20.111  20.044  19.985  6141.12     3631.0       r 
 55456.498  19.867  19.774  19.686  4671.78     3631.0       g 
 55456.498  20.079  20.024  19.976  6141.12     3631.0       r 
 55456.805  19.864  19.771  19.679  4671.78     3631.0       g 
 55456.805  20.073  20.018  19.972  6141.12     3631.0       r 
 55457.502  19.859  19.764  19.674  4671.78     3631.0       g 
 55457.502  20.058  20.005   19.96  6141.12     3631.0       r 
 55458.295  19.858  19.753  19.661  4671.78     3631.0       g 
 55458.295  20.042  19.992  19.952  6141.12     3631.0       r 
 55458.296  19.858  19.753  19.661  4671.78     3631.0       g 
 55458.296  20.042  19.992  19.952  6141.12     3631.0       r 
 55459.215  19.851  19.747  19.649  4671.78     3631.0       g 
 55459.215  20.025  19.978  19.941  6141.12     3631.0       r 
 55459.293  19.851  19.747  19.648  4671.78     3631.0       g 
 55459.293  20.024  19.977   19.94  6141.12     3631.0       r 
 55459.518  19.848  19.746  19.643  4671.78     3631.0       g 
 55459.518  20.022  19.974  19.937  6141.12     3631.0       r 
 55460.291  19.839  19.743  19.633  4671.78     3631.0       g 
 55460.291  20.009  19.966  19.927  6141.12     3631.0       r 
 55460.364  19.839  19.743  19.633  4671.78     3631.0       g 
 55460.364  20.008  19.965  19.927  6141.12     3631.0       r 
 55460.407  19.839  19.742  19.632  4671.78     3631.0       g 
 55460.407  20.008  19.964  19.926  6141.12     3631.0       r 
 55461.625  19.837  19.737  19.621  4671.78     3631.0       g 
 55461.625  19.993  19.952  19.911  6141.12     3631.0       r 
 55463.401  19.845  19.736  19.616  4671.78     3631.0       g 
 55463.401  19.976  19.939  19.892  6141.12     3631.0       r 
 55463.444  19.845  19.736  19.616  4671.78     3631.0       g 
 55463.444  19.976  19.939  19.892  6141.12     3631.0       r 
 55464.035  19.849  19.738  19.614  4671.78     3631.0       g 
 55464.035  19.972  19.936  19.888  6141.12     3631.0       r 
 55466.445  19.863  19.749  19.605  4671.78     3631.0       g 
 55466.445  19.965  19.927  19.878  6141.12     3631.0       r 
 55468.855  19.879  19.763   19.61  4671.78     3631.0       g 
 55468.855  19.967  19.923  19.877  6141.12     3631.0       r 
 55471.265  19.904  19.783  19.636  4671.78     3631.0       g 
 55471.265  19.973  19.924  19.874  6141.12     3631.0       r 
 55473.486  19.928   19.81  19.668  4671.78     3631.0       g 
 55473.486  19.983  19.931  19.879  6141.12     3631.0       r 
 55473.529  19.929  19.811  19.669  4671.78     3631.0       g 
 55473.529  19.983  19.931  19.879  6141.12     3631.0       r 
 55473.675   19.93  19.813  19.672  4671.78     3631.0       g 
 55473.675  19.983  19.932   19.88  6141.12     3631.0       r 
 55476.085  19.979  19.845  19.705  4671.78     3631.0       g 
 55476.085  19.996   19.95  19.895  6141.12     3631.0       r 
 55478.495  20.019  19.966  19.916  6141.12     3631.0       r 
 55478.495  20.024  19.888  19.748  4671.78     3631.0       g 
 55478.496  20.019  19.966  19.916  6141.12     3631.0       r 
 55478.496  20.024  19.888  19.748  4671.78     3631.0       g 
 55479.334   20.03  19.975  19.925  6141.12     3631.0       r 
 55479.334  20.042  19.902  19.764  4671.78     3631.0       g 
 55479.377  20.031  19.976  19.925  6141.12     3631.0       r 
 55479.377  20.043  19.903  19.764  4671.78     3631.0       g 
 55480.905   20.05  19.992  19.937  6141.12     3631.0       r 
 55480.905  20.072  19.932  19.793  4671.78     3631.0       g 
 55482.429  20.069  20.009   19.95  6141.12     3631.0       r 
 55482.429  20.108  19.963  19.821  4671.78     3631.0       g 
 55483.315  20.082  20.018  19.959  6141.12     3631.0       r 
 55483.315  20.134   19.98   19.84  4671.78     3631.0       g 
 55485.725  20.117  20.056  19.985  6141.12     3631.0       r 
 55485.725  20.199   20.04  19.895  4671.78     3631.0       g 
 55488.135  20.162  20.094  20.017  6141.12     3631.0       r 
 55488.135  20.265    20.1  19.953  4671.78     3631.0       g 
 55490.546  20.212  20.136   20.05  6141.12     3631.0       r 
 55490.546  20.336  20.165  20.026  4671.78     3631.0       g 
 55492.956  20.267  20.176  20.088  6141.12     3631.0       r 
 55492.956  20.396  20.232  20.093  4671.78     3631.0       g 
 55495.366  20.318  20.219  20.129  6141.12     3631.0       r 
 55495.366  20.481  20.311  20.157  4671.78     3631.0       g 
 55497.776  20.371  20.271  20.168  6141.12     3631.0       r 
 55497.776  20.578  20.387  20.234  4671.78     3631.0       g 
 55500.186  20.434  20.317  20.212  6141.12     3631.0       r 
 55500.186  20.666  20.458  20.305  4671.78     3631.0       g 
 55502.596  20.495  20.368   20.27  6141.12     3631.0       r 
 55502.596  20.761  20.546  20.377  4671.78     3631.0       g 
 55505.006  20.555  20.425  20.321  6141.12     3631.0       r 
 55505.006  20.844  20.632  20.459  4671.78     3631.0       g 
 55507.416  20.625  20.479  20.375  6141.12     3631.0       r 
 55507.416  20.925  20.718  20.545  4671.78     3631.0       g 
 55509.826  20.692  20.541  20.428  6141.12     3631.0       r 
 55509.826   21.01  20.801  20.623  4671.78     3631.0       g 
 55512.236  20.754  20.602  20.473  6141.12     3631.0       r 
 55512.236  21.078   20.89  20.704  4671.78     3631.0       g 
 55514.646  20.821  20.662  20.528  6141.12     3631.0       r 
 55514.646  21.163  20.968  20.785  4671.78     3631.0       g 
 55517.056   20.88  20.729   20.59  6141.12     3631.0       r 
 55517.056   21.24   21.05  20.867  4671.78     3631.0       g 
 55519.466  20.941  20.796  20.653  6141.12     3631.0       r 
 55519.466  21.301  21.136  20.948  4671.78     3631.0       g 
 55521.876  20.998  20.857  20.719  6141.12     3631.0       r 
 55521.876  21.373  21.214  21.015  4671.78     3631.0       g 
 55524.286  21.051  20.921  20.782  6141.12     3631.0       r 
 55524.286  21.441  21.293  21.094  4671.78     3631.0       g 
 55526.696  21.104  20.985  20.842  6141.12     3631.0       r 
 55526.696  21.504  21.368  21.168  4671.78     3631.0       g 
 55529.106  21.161  21.044  20.902  6141.12     3631.0       r 
 55529.106  21.566  21.435   21.23  4671.78     3631.0       g 
 55531.516  21.216  21.102  20.962  6141.12     3631.0       r 
 55531.516   21.63    21.5  21.308  4671.78     3631.0       g 
 55533.926  21.271  21.159  21.027  6141.12     3631.0       r 
 55533.926  21.686  21.562  21.381  4671.78     3631.0       g 
 55536.336  21.328  21.215  21.082  6141.12     3631.0       r 
 55536.336  21.746  21.618  21.451  4671.78     3631.0       g 
 55538.746  21.375  21.267  21.137  6141.12     3631.0       r 
 55538.746  21.798  21.677  21.523  4671.78     3631.0       g 
 55541.156  21.426  21.318  21.187  6141.12     3631.0       r 
 55541.156  21.844  21.725  21.582  4671.78     3631.0       g 
 55543.566  21.475  21.365  21.246  6141.12     3631.0       r 
 55543.566  21.907   21.77  21.632  4671.78     3631.0       g 
 55544.087  21.486  21.374  21.257  6141.12     3631.0       r 
 55544.087  21.918   21.78  21.642  4671.78     3631.0       g 
 55544.095  21.486  21.375  21.258  6141.12     3631.0       r 
 55544.095  21.918   21.78  21.642  4671.78     3631.0       g 
 55545.976  21.523  21.413  21.299  6141.12     3631.0       r 
 55545.976  21.953  21.819  21.683  4671.78     3631.0       g 
 55548.386  21.566  21.462  21.351  6141.12     3631.0       r 
 55548.386  21.998  21.868   21.74  4671.78     3631.0       g 
 55550.796  21.606  21.508  21.398  6141.12     3631.0       r 
 55550.796   22.04  21.916  21.792  4671.78     3631.0       g 
 55553.207  21.649  21.555  21.446  6141.12     3631.0       r 
 55553.207  22.086  21.961  21.852  4671.78     3631.0       g 
 55555.617  21.691  21.597  21.493  6141.12     3631.0       r 
 55555.617  22.128  22.007  21.899  4671.78     3631.0       g 
 55558.027  21.732  21.639  21.532  6141.12     3631.0       r 
 55558.027  22.166  22.049  21.936  4671.78     3631.0       g 
 55560.437  21.774  21.679  21.572  6141.12     3631.0       r 
 55560.437  22.205  22.092  21.978  4671.78     3631.0       g 
 55562.114  21.799  21.713    21.6  6141.12     3631.0       r 
 55562.114  22.232  22.121  22.004  4671.78     3631.0       g 
 55562.847   21.81  21.724  21.616  6141.12     3631.0       r 
 55562.847  22.244  22.131  22.017  4671.78     3631.0       g 
 55565.257  21.852  21.761  21.662  6141.12     3631.0       r 
 55565.257  22.282  22.173  22.056  4671.78     3631.0       g 
 55566.151  21.866  21.773  21.676  6141.12     3631.0       r 
 55566.151  22.295  22.189  22.071  4671.78     3631.0       g 
 55567.133  21.881  21.785  21.688  6141.12     3631.0       r 
 55567.133  22.311  22.203  22.086  4671.78     3631.0       g 
 55567.667  21.889  21.793  21.695  6141.12     3631.0       r 
 55567.667  22.321   22.21  22.095  4671.78     3631.0       g 
 55570.077  21.927  21.824  21.726  6141.12     3631.0       r 
 55570.077  22.358  22.246  22.136  4671.78     3631.0       g 
 55571.203  21.947  21.846  21.742  6141.12     3631.0       r 
 55571.203  22.375  22.262  22.153  4671.78     3631.0       g 
 55572.487  21.972  21.866  21.761  6141.12     3631.0       r 
 55572.487  22.393  22.281  22.173  4671.78     3631.0       g 
 55574.897  22.007  21.898  21.799  6141.12     3631.0       r 
 55574.897  22.424  22.314  22.208  4671.78     3631.0       g 
 55577.307  22.047  21.934  21.836  6141.12     3631.0       r 
 55577.307  22.458  22.351  22.239  4671.78     3631.0       g 
 55579.717   22.08  21.968  21.873  6141.12     3631.0       r 
 55579.717  22.496  22.388  22.274  4671.78     3631.0       g 
 55582.127  22.108    22.0  21.909  6141.12     3631.0       r 
 55582.127  22.532  22.422  22.313  4671.78     3631.0       g 
 55584.537  22.147  22.035  21.942  6141.12     3631.0       r 
 55584.537  22.568  22.453  22.347  4671.78     3631.0       g 
 55586.947  22.181  22.069  21.978  6141.12     3631.0       r 
 55586.947  22.606  22.485  22.379  4671.78     3631.0       g 
 55589.357   22.21    22.1  22.007  6141.12     3631.0       r 
 55589.357  22.644  22.521  22.409  4671.78     3631.0       g 
 55590.136  22.222  22.112  22.018  6141.12     3631.0       r 
 55590.136  22.655  22.533  22.418  4671.78     3631.0       g 
 55591.128  22.238  22.125  22.031  6141.12     3631.0       r 
 55591.128  22.671  22.547   22.43  4671.78     3631.0       g 
 55591.767  22.246  22.133  22.038  6141.12     3631.0       r 
 55591.767  22.681  22.555  22.439  4671.78     3631.0       g 
 55594.177  22.276  22.163  22.064  6141.12     3631.0       r 
 55594.177  22.714  22.589  22.469  4671.78     3631.0       g 
 55596.587  22.309  22.193  22.089  6141.12     3631.0       r 
 55596.587  22.746  22.617  22.496  4671.78     3631.0       g 
 55598.997  22.346  22.225  22.115  6141.12     3631.0       r 
 55598.997  22.778  22.647  22.526  4671.78     3631.0       g 
 55599.126  22.348  22.227  22.116  6141.12     3631.0       r 
 55599.126   22.78  22.648  22.528  4671.78     3631.0       g 
  55599.13  22.348  22.227  22.116  6141.12     3631.0       r 
  55599.13   22.78  22.649  22.528  4671.78     3631.0       g 
 55601.407  22.374  22.258  22.143  6141.12     3631.0       r 
 55601.407  22.807  22.679  22.554  4671.78     3631.0       g 
 55603.817  22.401  22.291  22.169  6141.12     3631.0       r 
 55603.817  22.835  22.707  22.576  4671.78     3631.0       g 
 55606.227  22.429  22.322  22.195  6141.12     3631.0       r 
 55606.227  22.863  22.737  22.599  4671.78     3631.0       g 
 55608.637   22.46  22.352  22.221  6141.12     3631.0       r 
 55608.637  22.893  22.765  22.626  4671.78     3631.0       g 
 55611.047  22.491  22.378  22.248  6141.12     3631.0       r 
 55611.047  22.925  22.794  22.654  4671.78     3631.0       g 
 55613.457   22.52  22.406  22.273  6141.12     3631.0       r 
 55613.457  22.957  22.823  22.681  4671.78     3631.0       g 
 55615.868  22.547  22.433  22.297  6141.12     3631.0       r 
 55615.868  22.989   22.85  22.706  4671.78     3631.0       g 
 55618.278  22.575  22.459  22.323  6141.12     3631.0       r 
 55618.278  23.025  22.879  22.729  4671.78     3631.0       g 
 55620.688  22.604  22.486  22.347  6141.12     3631.0       r 
 55620.688  23.052  22.907  22.753  4671.78     3631.0       g 
 55623.098  22.631  22.514  22.372  6141.12     3631.0       r 
 55623.098  23.079  22.932  22.779  4671.78     3631.0       g 
 55625.508  22.661  22.542  22.396  6141.12     3631.0       r 
 55625.508  23.108  22.955  22.804  4671.78     3631.0       g 
 55627.918  22.688   22.57  22.421  6141.12     3631.0       r 
 55627.918  23.137  22.982  22.827  4671.78     3631.0       g 
 55630.328  22.716  22.596  22.443  6141.12     3631.0       r 
 55630.328  23.167  23.007  22.851  4671.78     3631.0       g 
 55632.738  22.745  22.621  22.466  6141.12     3631.0       r 
 55632.738  23.192  23.031  22.874  4671.78     3631.0       g 
 55635.148  22.776  22.647   22.49  6141.12     3631.0       r 
 55635.148   23.22  23.055  22.897  4671.78     3631.0       g 
 55637.558  22.806  22.672  22.514  6141.12     3631.0       r 
 55637.558  23.253  23.079   22.92  4671.78     3631.0       g 
 55639.968  22.835  22.699  22.538  6141.12     3631.0       r 
 55639.968  23.285  23.103  22.945  4671.78     3631.0       g 
 55642.378  22.865  22.722  22.561  6141.12     3631.0       r 
 55642.378  23.316  23.128  22.971  4671.78     3631.0       g 
 55644.788  22.893  22.745  22.583  6141.12     3631.0       r 
 55644.788  23.347  23.153  22.996  4671.78     3631.0       g 
 55647.198  22.921  22.769  22.603  6141.12     3631.0       r 
 55647.198  23.376  23.175  23.019  4671.78     3631.0       g 
 55649.608  22.949  22.796  22.625  6141.12     3631.0       r 
 55649.608  23.405  23.199  23.042  4671.78     3631.0       g 
 55652.018  22.976  22.821  22.647  6141.12     3631.0       r 
 55652.018  23.432  23.225  23.065  4671.78     3631.0       g 
 55654.428  23.005  22.846  22.671  6141.12     3631.0       r 
 55654.428  23.463  23.248  23.086  4671.78     3631.0       g 
 55656.838  23.036   22.87  22.696  6141.12     3631.0       r 
 55656.838  23.492  23.271  23.108  4671.78     3631.0       g 
 55659.248  23.067  22.893   22.72  6141.12     3631.0       r 
 55659.248  23.519  23.293   23.13  4671.78     3631.0       g 
 55661.658  23.097  22.915  22.744  6141.12     3631.0       r 
 55661.658  23.548  23.315   23.15  4671.78     3631.0       g 
 55664.068  23.126  22.937  22.765  6141.12     3631.0       r 
 55664.068  23.573  23.339   23.17  4671.78     3631.0       g 
 55666.478  23.152  22.959  22.785  6141.12     3631.0       r 
 55666.478  23.599   23.36  23.192  4671.78     3631.0       g 
 55668.888   23.18   22.98  22.805  6141.12     3631.0       r 
 55668.888  23.628  23.381  23.214  4671.78     3631.0       g 
 55671.298  23.208  23.002  22.825  6141.12     3631.0       r 
 55671.298  23.656  23.405  23.236  4671.78     3631.0       g 
 55673.708  23.237  23.026  22.845  6141.12     3631.0       r 
 55673.708  23.682  23.427  23.259  4671.78     3631.0       g 
 55676.118  23.266  23.049  22.864  6141.12     3631.0       r 
 55676.118   23.71  23.447   23.28  4671.78     3631.0       g 
 55678.529  23.295  23.071  22.885  6141.12     3631.0       r 
 55678.529  23.738  23.467  23.299  4671.78     3631.0       g 
 55680.939  23.322  23.093  22.907  6141.12     3631.0       r 
 55680.939  23.766  23.488  23.319  4671.78     3631.0       g 
 55683.349  23.352  23.113  22.929  6141.12     3631.0       r 
 55683.349   23.79   23.51   23.34  4671.78     3631.0       g 
 55685.759  23.378  23.133  22.948  6141.12     3631.0       r 
 55685.759  23.813   23.53  23.363  4671.78     3631.0       g 
 55688.169  23.408  23.153  22.967  6141.12     3631.0       r 
 55688.169  23.843   23.55  23.388  4671.78     3631.0       g 
 55690.579  23.438  23.173  22.987  6141.12     3631.0       r 
 55690.579  23.872  23.569  23.413  4671.78     3631.0       g 
 55692.989  23.468  23.193  23.009  6141.12     3631.0       r 
 55692.989  23.895  23.589  23.438  4671.78     3631.0       g 
 55695.399  23.498  23.212   23.03  6141.12     3631.0       r 
 55695.399  23.922  23.608  23.458  4671.78     3631.0       g 
 55697.809  23.527  23.233  23.051  6141.12     3631.0       r 
 55697.809  23.949  23.627  23.477  4671.78     3631.0       g 
 55700.219  23.556  23.255   23.07  6141.12     3631.0       r 
 55700.219  23.977  23.647  23.498  4671.78     3631.0       g 
 55702.629  23.586  23.276  23.088  6141.12     3631.0       r 
 55702.629  24.004  23.665  23.517  4671.78     3631.0       g 
 55705.039  23.616  23.296  23.108  6141.12     3631.0       r 
 55705.039  24.031  23.687  23.538  4671.78     3631.0       g 
 55707.449  23.646  23.315  23.127  6141.12     3631.0       r 
 55707.449  24.058  23.708  23.558  4671.78     3631.0       g 
 55709.859  23.676  23.338  23.147  6141.12     3631.0       r 
 55709.859  24.084  23.728  23.579  4671.78     3631.0       g 
 55712.269  23.706  23.362  23.166  6141.12     3631.0       r 
 55712.269   24.11  23.748  23.601  4671.78     3631.0       g 
 55714.679  23.736  23.382  23.183  6141.12     3631.0       r 
 55714.679  24.131  23.768  23.622  4671.78     3631.0       g 
 55717.089  23.763  23.401  23.201  6141.12     3631.0       r 
 55717.089  24.151  23.788  23.642  4671.78     3631.0       g 
 55719.499  23.784   23.42  23.218  6141.12     3631.0       r 
 55719.499  24.175  23.807   23.66  4671.78     3631.0       g 
 55721.909  23.804  23.437  23.235  6141.12     3631.0       r 
 55721.909  24.202  23.828  23.677  4671.78     3631.0       g 
 55724.319  23.829  23.455  23.253  6141.12     3631.0       r 
 55724.319  24.229  23.847  23.694  4671.78     3631.0       g 
 55726.729  23.855  23.473  23.271  6141.12     3631.0       r 
 55726.729  24.255  23.867  23.713  4671.78     3631.0       g 
 55729.139   23.88  23.492  23.288  6141.12     3631.0       r 
 55729.139  24.283  23.887  23.734  4671.78     3631.0       g 
 55731.549  23.904  23.517  23.305  6141.12     3631.0       r 
 55731.549  24.311  23.906  23.754  4671.78     3631.0       g 
 55733.959  23.926  23.538  23.322  6141.12     3631.0       r 
 55733.959  24.338  23.929  23.773  4671.78     3631.0       g 
 55736.369   23.95  23.558  23.343  6141.12     3631.0       r 
 55736.369  24.364  23.951  23.792  4671.78     3631.0       g 
 55738.779  23.974  23.577  23.361  6141.12     3631.0       r 
 55738.779  24.389  23.972  23.812  4671.78     3631.0       g 
  55741.19  23.998  23.597  23.378  6141.12     3631.0       r 
  55741.19  24.415  23.995  23.832  4671.78     3631.0       g 
   55743.6  24.021  23.614  23.394  6141.12     3631.0       r 
   55743.6  24.441  24.015  23.852  4671.78     3631.0       g 
  55746.01  24.047  23.631   23.41  6141.12     3631.0       r 
  55746.01  24.466  24.036   23.87  4671.78     3631.0       g 
  55748.42  24.072  23.647  23.426  6141.12     3631.0       r 
  55748.42  24.491  24.055  23.889  4671.78     3631.0       g 
  55750.83  24.098  23.666  23.442  6141.12     3631.0       r 
  55750.83  24.516  24.072  23.905  4671.78     3631.0       g 
  55753.24  24.123  23.684  23.458  6141.12     3631.0       r 
  55753.24  24.542  24.091  23.923  4671.78     3631.0       g 
  55755.65  24.149  23.701  23.474  6141.12     3631.0       r 
  55755.65  24.567  24.112   23.94  4671.78     3631.0       g 
  55758.06  24.174   23.72  23.493  6141.12     3631.0       r 
  55758.06  24.591  24.133  23.957  4671.78     3631.0       g 
  55760.47  24.199  23.739  23.509  6141.12     3631.0       r 
  55760.47  24.616  24.151  23.975  4671.78     3631.0       g 
  55762.88  24.225  23.758  23.527  6141.12     3631.0       r 
  55762.88  24.642  24.169  23.992  4671.78     3631.0       g 
  55765.29  24.252  23.781  23.546  6141.12     3631.0       r 
  55765.29  24.668  24.187  24.008  4671.78     3631.0       g 
   55767.7  24.279  23.801  23.566  6141.12     3631.0       r 
   55767.7  24.694  24.208  24.025  4671.78     3631.0       g 
  55770.11  24.307  23.822  23.585  6141.12     3631.0       r 
  55770.11   24.72  24.229  24.042  4671.78     3631.0       g 
  55772.52  24.333  23.839  23.605  6141.12     3631.0       r 
  55772.52  24.746  24.251  24.061  4671.78     3631.0       g 
  55774.93  24.359  23.857  23.624  6141.12     3631.0       r 
  55774.93  24.772   24.27  24.081  4671.78     3631.0       g 
  55777.34  24.385  23.875  23.643  6141.12     3631.0       r 
  55777.34  24.797  24.288    24.1  4671.78     3631.0       g 
  55779.75   24.41  23.895  23.659  6141.12     3631.0       r 
  55779.75  24.823  24.311  24.117  4671.78     3631.0       g 
  55782.16  24.434  23.916  23.675  6141.12     3631.0       r 
  55782.16  24.848  24.332  24.133  4671.78     3631.0       g 
  55784.57  24.458  23.936   23.69  6141.12     3631.0       r 
  55784.57  24.873  24.348  24.148  4671.78     3631.0       g 
  55786.98  24.482  23.958  23.707  6141.12     3631.0       r 
  55786.98  24.898  24.366  24.163  4671.78     3631.0       g 
  55789.39  24.508  23.978  23.723  6141.12     3631.0       r 
  55789.39  24.923  24.382  24.178  4671.78     3631.0       g 
   55791.8  24.534  23.997  23.739  6141.12     3631.0       r 
   55791.8  24.948  24.398  24.193  4671.78     3631.0       g 
  55794.21   24.56  24.013  23.754  6141.12     3631.0       r 
  55794.21  24.973  24.416  24.209  4671.78     3631.0       g 
  55796.62  24.586  24.031  23.769  6141.12     3631.0       r 
  55796.62  24.998  24.437  24.223  4671.78     3631.0       g 
  55799.03   24.61  24.048  23.784  6141.12     3631.0       r 
  55799.03  25.022  24.459  24.237  4671.78     3631.0       g 
  55801.44  24.633  24.063  23.799  6141.12     3631.0       r 
  55801.44  25.047  24.477  24.251  4671.78     3631.0       g 
 55803.851  24.656   24.08  23.814  6141.12     3631.0       r 
 55803.851  25.071  24.495  24.266  4671.78     3631.0       g 
 55806.261  24.679    24.1  23.831  6141.12     3631.0       r 
 55806.261  25.095  24.512   24.28  4671.78     3631.0       g 
 55808.671  24.702  24.117  23.845  6141.12     3631.0       r 
 55808.671  25.119  24.533  24.295  4671.78     3631.0       g 
 55811.081  24.724  24.133  23.861  6141.12     3631.0       r 
 55811.081  25.143  24.555   24.31  4671.78     3631.0       g 
 55813.491  24.747  24.152  23.878  6141.12     3631.0       r 
 55813.491  25.167  24.575  24.325  4671.78     3631.0       g 
 55815.901  24.769  24.174  23.895  6141.12     3631.0       r 
 55815.901  25.191  24.594  24.339  4671.78     3631.0       g 
 55818.311  24.792  24.191  23.911  6141.12     3631.0       r 
 55818.311  25.214   24.61  24.354  4671.78     3631.0       g 
 55820.721  24.814  24.211  23.925  6141.12     3631.0       r 
 55820.721  25.238  24.625  24.369  4671.78     3631.0       g 
 55823.131  24.836   24.23  23.939  6141.12     3631.0       r 
 55823.131  25.261  24.641  24.384  4671.78     3631.0       g 
 55825.541  24.858   24.25  23.953  6141.12     3631.0       r 
 55825.541  25.285  24.658  24.401  4671.78     3631.0       g 
 55827.951  24.881  24.268  23.967  6141.12     3631.0       r 
 55827.951  25.309  24.674  24.417  4671.78     3631.0       g 
 55830.361  24.903  24.286  23.982  6141.12     3631.0       r 
 55830.361  25.335  24.693  24.432  4671.78     3631.0       g 
 55832.771  24.924  24.303  23.996  6141.12     3631.0       r 
 55832.771  25.359  24.714  24.446  4671.78     3631.0       g 
 55835.181  24.946  24.321   24.01  6141.12     3631.0       r 
 55835.181  25.384  24.735   24.46  4671.78     3631.0       g 
 55837.591  24.968  24.341  24.026  6141.12     3631.0       r 
 55837.591  25.409  24.755  24.474  4671.78     3631.0       g 
 55840.001   24.99  24.361  24.042  6141.12     3631.0       r 
 55840.001  25.435  24.771  24.489  4671.78     3631.0       g 
 55842.411  25.011  24.381  24.057  6141.12     3631.0       r 
 55842.411   25.46  24.788  24.503  4671.78     3631.0       g 
 55844.821  25.033    24.4  24.073  6141.12     3631.0       r 
 55844.821  25.485  24.808  24.517  4671.78     3631.0       g 
 55847.231  25.054  24.417  24.089  6141.12     3631.0       r 
 55847.231  25.508  24.828  24.531  4671.78     3631.0       g 
 55849.641  25.076  24.434  24.104  6141.12     3631.0       r 
 55849.641  25.531  24.848  24.546  4671.78     3631.0       g 
 55852.051  25.098  24.449   24.12  6141.12     3631.0       r 
 55852.051  25.555  24.867  24.561  4671.78     3631.0       g 
 55854.461   25.12  24.464  24.135  6141.12     3631.0       r 
 55854.461  25.578  24.886  24.576  4671.78     3631.0       g 
 55856.871  25.142  24.478  24.151  6141.12     3631.0       r 
 55856.871  25.601  24.903  24.591  4671.78     3631.0       g 
 55859.281  25.164  24.494  24.166  6141.12     3631.0       r 
 55859.281  25.624  24.921  24.606  4671.78     3631.0       g 
 55861.691  25.186  24.511   24.18  6141.12     3631.0       r 
 55861.691  25.647  24.941  24.621  4671.78     3631.0       g 
 55864.101  25.209  24.528  24.194  6141.12     3631.0       r 
 55864.101   25.67  24.961  24.635  4671.78     3631.0       g 
 55866.512  25.232  24.545  24.208  6141.12     3631.0       r 
 55866.512  25.692   24.98  24.648  4671.78     3631.0       g 
 55868.922  25.255  24.562  24.221  6141.12     3631.0       r 
 55868.922  25.714  24.999   24.66  4671.78     3631.0       g 
 55871.332  25.277  24.579  24.234  6141.12     3631.0       r 
 55871.332  25.737  25.019  24.673  4671.78     3631.0       g 
 55873.742  25.301  24.596  24.248  6141.12     3631.0       r 
 55873.742  25.762  25.038  24.686  4671.78     3631.0       g 
 55876.152  25.325  24.613  24.261  6141.12     3631.0       r 
 55876.152  25.787  25.058  24.698  4671.78     3631.0       g 
 55878.562  25.349   24.63  24.274  6141.12     3631.0       r 
 55878.562  25.811  25.077  24.711  4671.78     3631.0       g 
 55880.972  25.373  24.647  24.287  6141.12     3631.0       r 
 55880.972  25.833  25.096  24.723  4671.78     3631.0       g 
 55883.382  25.397  24.665    24.3  6141.12     3631.0       r 
 55883.382  25.854  25.116  24.737  4671.78     3631.0       g 
 55885.792  25.421  24.685  24.313  6141.12     3631.0       r 
 55885.792  25.875  25.135   24.75  4671.78     3631.0       g 
 55888.202  25.444  24.704  24.326  6141.12     3631.0       r 
 55888.202  25.896  25.154  24.763  4671.78     3631.0       g 
 55890.612  25.468  24.724  24.339  6141.12     3631.0       r 
 55890.612  25.918  25.174  24.776  4671.78     3631.0       g 
 55893.022  25.492  24.743  24.352  6141.12     3631.0       r 
 55893.022  25.939  25.193  24.789  4671.78     3631.0       g 
 55895.432  25.515  24.763  24.365  6141.12     3631.0       r 
 55895.432   25.96  25.212  24.802  4671.78     3631.0       g 
 55897.842  25.539  24.782  24.379  6141.12     3631.0       r 
 55897.842   25.98  25.231  24.815  4671.78     3631.0       g 
 55900.252  25.562  24.801  24.393  6141.12     3631.0       r 
 55900.252  26.001  25.251  24.828  4671.78     3631.0       g 
 55902.662  25.586  24.821  24.407  6141.12     3631.0       r 
 55902.662  26.022  25.269  24.841  4671.78     3631.0       g 
 55905.072  25.609   24.84  24.421  6141.12     3631.0       r 
 55905.072  26.043  25.288  24.855  4671.78     3631.0       g 
 55907.482  25.633  24.859  24.435  6141.12     3631.0       r 
 55907.482  26.063  25.306  24.868  4671.78     3631.0       g 
 55909.892  25.656  24.878  24.447  6141.12     3631.0       r 
 55909.892  26.084  25.325  24.882  4671.78     3631.0       g 
 55912.302  25.679  24.897   24.46  6141.12     3631.0       r 
 55912.302  26.106  25.345  24.895  4671.78     3631.0       g 
 55914.712  25.702  24.917  24.472  6141.12     3631.0       r 
 55914.712   26.13  25.365  24.909  4671.78     3631.0       g 
 55917.122  25.724  24.936  24.484  6141.12     3631.0       r 
 55917.122  26.153  25.382  24.922  4671.78     3631.0       g 
 55919.532  25.745  24.955  24.496  6141.12     3631.0       r 
 55919.532  26.177  25.398  24.935  4671.78     3631.0       g 
 55921.942  25.766  24.976  24.509  6141.12     3631.0       r 
 55921.942  26.201  25.417  24.949  4671.78     3631.0       g 
 55924.352  25.787  24.997  24.523  6141.12     3631.0       r 
 55924.352  26.224  25.435  24.962  4671.78     3631.0       g 
 55926.762  25.808  25.019  24.536  6141.12     3631.0       r 
 55926.762  26.247  25.453  24.975  4671.78     3631.0       g 
 55929.173  25.829   25.04  24.549  6141.12     3631.0       r 
 55929.173  26.269  25.471  24.989  4671.78     3631.0       g 
 55931.583   25.85  25.062  24.563  6141.12     3631.0       r 
 55931.583  26.292  25.489  25.001  4671.78     3631.0       g 
 55933.993  25.871  25.083  24.577  6141.12     3631.0       r 
 55933.993  26.314  25.508  25.012  4671.78     3631.0       g 
 55936.403  25.892  25.103  24.591  6141.12     3631.0       r 
 55936.403  26.336  25.526  25.024  4671.78     3631.0       g 
 55938.813  25.913   25.12  24.605  6141.12     3631.0       r 
 55938.813  26.359  25.544  25.036  4671.78     3631.0       g 
 55941.223  25.933  25.137   24.62  6141.12     3631.0       r 
 55941.223  26.379  25.562  25.048  4671.78     3631.0       g 
 55943.633  25.953  25.154  24.634  6141.12     3631.0       r 
 55943.633  26.399   25.58  25.059  4671.78     3631.0       g 
 55946.043  25.972  25.171  24.648  6141.12     3631.0       r 
 55946.043  26.418  25.598  25.071  4671.78     3631.0       g 
 55948.453  25.992  25.187   24.66  6141.12     3631.0       r 
 55948.453  26.436  25.616  25.083  4671.78     3631.0       g 
 55950.863  26.011  25.204  24.671  6141.12     3631.0       r 
 55950.863  26.455  25.634  25.095  4671.78     3631.0       g 
 55953.273  26.031  25.221  24.683  6141.12     3631.0       r 
 55953.273  26.473  25.652  25.107  4671.78     3631.0       g 
 55955.683   26.05  25.238  24.694  6141.12     3631.0       r 
 55955.683  26.492  25.671  25.119  4671.78     3631.0       g 
 55958.093  26.069  25.255  24.705  6141.12     3631.0       r 
 55958.093   26.51   25.69  25.131  4671.78     3631.0       g 
 55960.503  26.089  25.271  24.716  6141.12     3631.0       r 
 55960.503  26.528  25.709  25.144  4671.78     3631.0       g 
 55962.913  26.108  25.289  24.727  6141.12     3631.0       r 
 55962.913  26.546  25.728  25.156  4671.78     3631.0       g 
 55965.323  26.127  25.309  24.738  6141.12     3631.0       r 
 55965.323  26.564  25.747  25.168  4671.78     3631.0       g 
 55967.733  26.146  25.328   24.75  6141.12     3631.0       r 
 55967.733  26.582  25.766  25.181  4671.78     3631.0       g 
 55970.143  26.165  25.348  24.762  6141.12     3631.0       r 
 55970.143    26.6  25.785  25.194  4671.78     3631.0       g 
 55972.553  26.184  25.368  24.775  6141.12     3631.0       r 
 55972.553  26.618  25.804  25.207  4671.78     3631.0       g 
 55974.963  26.203  25.387  24.786  6141.12     3631.0       r 
 55974.963  26.636  25.821   25.22  4671.78     3631.0       g 
 55977.373  26.221  25.407  24.797  6141.12     3631.0       r 
 55977.373  26.654  25.838  25.233  4671.78     3631.0       g 
 55979.783   26.24  25.427  24.809  6141.12     3631.0       r 
 55979.783  26.672  25.855  25.246  4671.78     3631.0       g 
 55982.193  26.258  25.444  24.822  6141.12     3631.0       r 
 55982.193  26.689  25.871  25.258  4671.78     3631.0       g 
 55984.603  26.276  25.462  24.836  6141.12     3631.0       r 
 55984.603  26.707  25.888  25.272  4671.78     3631.0       g 
 55987.013  26.293  25.479  24.851  6141.12     3631.0       r 
 55987.013  26.724  25.905  25.285  4671.78     3631.0       g 
 55989.423  26.312  25.496  24.866  6141.12     3631.0       r 
 55989.423  26.742  25.922  25.298  4671.78     3631.0       g 
 55991.834  26.333  25.514  24.879  6141.12     3631.0       r 
 55991.834  26.759  25.938  25.311  4671.78     3631.0       g 
 55994.244  26.353  25.531  24.892  6141.12     3631.0       r 
 55994.244  26.777  25.957  25.325  4671.78     3631.0       g 
 55996.654  26.374  25.548  24.905  6141.12     3631.0       r 
 55996.654  26.794  25.975  25.337  4671.78     3631.0       g 
 55999.064  26.395  25.566  24.918  6141.12     3631.0       r 
 55999.064  26.811  25.994   25.35  4671.78     3631.0       g 
 56001.474  26.415  25.583  24.931  6141.12     3631.0       r 
 56001.474  26.828  26.012  25.362  4671.78     3631.0       g 
 56003.884  26.436    25.6  24.944  6141.12     3631.0       r 
 56003.884  26.845  26.031  25.375  4671.78     3631.0       g 
 56006.294  26.456  25.617  24.956  6141.12     3631.0       r 
 56006.294  26.862  26.049  25.387  4671.78     3631.0       g 
 56008.704  26.477  25.634  24.969  6141.12     3631.0       r 
 56008.704  26.879  26.068  25.398  4671.78     3631.0       g 
 56011.114  26.497  25.651  24.982  6141.12     3631.0       r 
 56011.114  26.896  26.086   25.41  4671.78     3631.0       g 
 56013.524  26.517  25.668  24.995  6141.12     3631.0       r 
 56013.524  26.913  26.104  25.422  4671.78     3631.0       g 
 56015.934  26.538  25.685  25.008  6141.12     3631.0       r 
 56015.934   26.93  26.123  25.433  4671.78     3631.0       g 
 56018.344  26.557  25.702   25.02  6141.12     3631.0       r 
 56018.344  26.946  26.141  25.442  4671.78     3631.0       g 
 56020.754  26.575  25.719  25.033  6141.12     3631.0       r 
 56020.754  26.963  26.159  25.452  4671.78     3631.0       g 
 56023.164  26.594  25.736  25.046  6141.12     3631.0       r 
 56023.164  26.979  26.178  25.464  4671.78     3631.0       g 
 56025.574  26.613  25.752   25.06  6141.12     3631.0       r 
 56025.574  26.996  26.196  25.476  4671.78     3631.0       g 
 56027.984  26.631  25.769  25.072  6141.12     3631.0       r 
 56027.984  27.012  26.214  25.488  4671.78     3631.0       g 
 56030.394  26.648  25.786  25.084  6141.12     3631.0       r 
 56030.394   27.03  26.232    25.5  4671.78     3631.0       g 
 56032.804  26.664  25.802  25.097  6141.12     3631.0       r 
 56032.804  27.049  26.251  25.512  4671.78     3631.0       g 
 56035.214  26.681  25.819   25.11  6141.12     3631.0       r 
 56035.214  27.067  26.269  25.526  4671.78     3631.0       g 
 56037.624  26.697  25.836  25.123  6141.12     3631.0       r 
 56037.624  27.088  26.287   25.54  4671.78     3631.0       g 
 56040.034  26.717  25.852  25.136  6141.12     3631.0       r 
 56040.034   27.11  26.305  25.554  4671.78     3631.0       g 
 56042.444  26.737   25.87  25.146  6141.12     3631.0       r 
 56042.444  27.133  26.323  25.568  4671.78     3631.0       g 
 56044.854  26.757  25.887  25.156  6141.12     3631.0       r 
 56044.854  27.155  26.341  25.582  4671.78     3631.0       g 
 56047.264  26.777  25.903  25.168  6141.12     3631.0       r 
 56047.264  27.178  26.358  25.595  4671.78     3631.0       g 
 56049.674  26.795  25.918  25.179  6141.12     3631.0       r 
 56049.674    27.2  26.374  25.606  4671.78     3631.0       g 
 56052.084  26.817  25.934   25.19  6141.12     3631.0       r 
 56052.084  27.223   26.39  25.616  4671.78     3631.0       g 
 56054.495   26.84  25.948  25.201  6141.12     3631.0       r 
 56054.495  27.245  26.405  25.627  4671.78     3631.0       g 
 56056.905  26.862  25.962  25.213  6141.12     3631.0       r 
 56056.905  27.267  26.421  25.637  4671.78     3631.0       g 
 56059.315  26.884  25.976  25.225  6141.12     3631.0       r 
 56059.315   27.29  26.436  25.647  4671.78     3631.0       g 
 56061.725  26.907   25.99  25.237  6141.12     3631.0       r 
 56061.725   27.31  26.451  25.657  4671.78     3631.0       g 
 56064.135  26.929  26.004  25.249  6141.12     3631.0       r 
 56064.135   27.33  26.466  25.665  4671.78     3631.0       g 
 56066.545  26.951  26.018  25.261  6141.12     3631.0       r 
 56066.545   27.35  26.481  25.673  4671.78     3631.0       g 
 56068.955  26.973  26.032  25.273  6141.12     3631.0       r 
 56068.955   27.37  26.496  25.681  4671.78     3631.0       g 
 56071.365  26.994  26.047  25.286  6141.12     3631.0       r 
 56071.365  27.387   26.51  25.691  4671.78     3631.0       g 
 56073.775  27.014  26.061  25.299  6141.12     3631.0       r 
 56073.775  27.403  26.525  25.701  4671.78     3631.0       g 
 56076.185   27.03  26.076  25.312  6141.12     3631.0       r 
 56076.185  27.419   26.54   25.71  4671.78     3631.0       g 
 56078.595  27.046   26.09  25.325  6141.12     3631.0       r 
 56078.595  27.435  26.554   25.72  4671.78     3631.0       g 
 56081.005  27.063  26.104  25.339  6141.12     3631.0       r 
 56081.005  27.451  26.569  25.733  4671.78     3631.0       g 
 56083.415  27.079  26.118  25.352  6141.12     3631.0       r 
 56083.415  27.467  26.583  25.745  4671.78     3631.0       g 
 56085.825  27.095  26.133  25.364  6141.12     3631.0       r 
 56085.825  27.483  26.598  25.759  4671.78     3631.0       g 
 56088.235  27.111  26.147  25.376  6141.12     3631.0       r 
 56088.235  27.499  26.612  25.772  4671.78     3631.0       g 
 56090.645  27.127  26.161  25.388  6141.12     3631.0       r 
 56090.645  27.514  26.626  25.786  4671.78     3631.0       g 
 56093.055  27.143  26.175    25.4  6141.12     3631.0       r 
 56093.055   27.53  26.641    25.8  4671.78     3631.0       g 
 56095.465  27.159  26.189  25.411  6141.12     3631.0       r 
 56095.465  27.548  26.655  25.814  4671.78     3631.0       g 
 56097.875  27.175  26.203  25.423  6141.12     3631.0       r 
 56097.875  27.566  26.669  25.827  4671.78     3631.0       g 
 56100.285  27.192  26.217  25.435  6141.12     3631.0       r 
 56100.285  27.582  26.684  25.841  4671.78     3631.0       g 
 56102.695  27.209  26.231  25.447  6141.12     3631.0       r 
 56102.695  27.598    26.7  25.854  4671.78     3631.0       g 
 56105.105  27.227  26.245  25.459  6141.12     3631.0       r 
 56105.105  27.617  26.715  25.867  4671.78     3631.0       g 
 56107.515  27.244  26.259  25.471  6141.12     3631.0       r 
 56107.515  27.634  26.731   25.88  4671.78     3631.0       g 
 56109.925  27.259  26.273  25.484  6141.12     3631.0       r 
 56109.925  27.651  26.746  25.894  4671.78     3631.0       g 
 56112.335  27.275  26.286  25.496  6141.12     3631.0       r 
 56112.335  27.668  26.761  25.907  4671.78     3631.0       g 
 56114.745   27.29    26.3  25.508  6141.12     3631.0       r 
 56114.745  27.684  26.777  25.919  4671.78     3631.0       g 
 56117.156  27.305  26.314   25.52  6141.12     3631.0       r 
 56117.156  27.701  26.792  25.932  4671.78     3631.0       g 
 56119.566   27.32  26.329  25.533  6141.12     3631.0       r 
 56119.566  27.718  26.807  25.945  4671.78     3631.0       g 
 56121.976  27.335  26.344  25.545  6141.12     3631.0       r 
 56121.976  27.734  26.822  25.958  4671.78     3631.0       g 
 56124.386   27.35  26.359  25.556  6141.12     3631.0       r 
 56124.386  27.751  26.837  25.972  4671.78     3631.0       g 
 56126.796  27.365  26.374  25.568  6141.12     3631.0       r 
 56126.796  27.768  26.852  25.986  4671.78     3631.0       g 
 56129.206   27.38   26.39  25.579  6141.12     3631.0       r 
 56129.206  27.785  26.867  25.997  4671.78     3631.0       g 
 56131.616  27.395  26.406  25.591  6141.12     3631.0       r 
 56131.616  27.802  26.882  26.007  4671.78     3631.0       g 
 56134.026   27.41  26.422  25.602  6141.12     3631.0       r 
 56134.026  27.819  26.896  26.018  4671.78     3631.0       g 
 56136.436  27.425  26.437  25.614  6141.12     3631.0       r 
 56136.436  27.836  26.909  26.029  4671.78     3631.0       g 
 56138.846   27.44  26.453  25.625  6141.12     3631.0       r 
 56138.846  27.853  26.923   26.04  4671.78     3631.0       g 
 56141.256  27.454  26.469  25.637  6141.12     3631.0       r 
 56141.256   27.87  26.936  26.051  4671.78     3631.0       g 
 56143.666  27.469  26.484  25.648  6141.12     3631.0       r 
 56143.666  27.887   26.95  26.063  4671.78     3631.0       g 
 56146.076  27.484    26.5   25.66  6141.12     3631.0       r 
 56146.076  27.904  26.964  26.074  4671.78     3631.0       g 
 56148.486  27.498  26.516  25.671  6141.12     3631.0       r 
 56148.486   27.92  26.977  26.086  4671.78     3631.0       g 
 56150.896  27.513  26.532  25.681  6141.12     3631.0       r 
 56150.896  27.937   26.99  26.098  4671.78     3631.0       g 
 56153.306  27.527  26.548  25.691  6141.12     3631.0       r 
 56153.306  27.952  27.004  26.109  4671.78     3631.0       g 
 56155.716  27.542  26.565  25.701  6141.12     3631.0       r 
 56155.716  27.966  27.017  26.121  4671.78     3631.0       g 
 56158.126  27.556  26.581  25.711  6141.12     3631.0       r 
 56158.126   27.98  27.031  26.133  4671.78     3631.0       g 
 56160.536  27.571  26.598  25.721  6141.12     3631.0       r 
 56160.536  27.994  27.044  26.144  4671.78     3631.0       g 
 56162.946  27.586  26.614  25.731  6141.12     3631.0       r 
 56162.946  28.008  27.057  26.153  4671.78     3631.0       g 
 56165.356    27.6  26.631  25.741  6141.12     3631.0       r 
 56165.356  28.022   27.07  26.163  4671.78     3631.0       g 
 56167.766  27.615  26.647   25.75  6141.12     3631.0       r 
 56167.766  28.036  27.083  26.173  4671.78     3631.0       g 
 56170.176  27.629  26.663   25.76  6141.12     3631.0       r 
 56170.176   28.05  27.097  26.183  4671.78     3631.0       g 
 56172.586  27.643   26.68  25.771  6141.12     3631.0       r 
 56172.586  28.064   27.11  26.193  4671.78     3631.0       g 
 56174.996  27.658  26.696  25.781  6141.12     3631.0       r 
 56174.996  28.078  27.123  26.203  4671.78     3631.0       g 
 56177.406  27.672  26.712  25.792  6141.12     3631.0       r 
 56177.406  28.092  27.136  26.213  4671.78     3631.0       g 
 56179.817  27.686  26.728  25.802  6141.12     3631.0       r 
 56179.817  28.106  27.149  26.224  4671.78     3631.0       g 
 56182.227  27.701  26.744  25.812  6141.12     3631.0       r 
 56182.227  28.119  27.162  26.234  4671.78     3631.0       g 
 56184.637  27.715  26.759  25.823  6141.12     3631.0       r 
 56184.637  28.133  27.175  26.245  4671.78     3631.0       g 
 56187.047  27.729  26.774  25.833  6141.12     3631.0       r 
 56187.047  28.147  27.188  26.255  4671.78     3631.0       g 
 56189.457  27.743  26.788  25.843  6141.12     3631.0       r 
 56189.457   28.16    27.2  26.266  4671.78     3631.0       g 
 56191.867  27.757  26.802  25.854  6141.12     3631.0       r 
 56191.867  28.174  27.213  26.276  4671.78     3631.0       g 
 56194.277  27.771  26.816  25.864  6141.12     3631.0       r 
 56194.277  28.187  27.226  26.287  4671.78     3631.0       g 
 56196.687  27.787   26.83  25.874  6141.12     3631.0       r 
 56196.687  28.201  27.239  26.297  4671.78     3631.0       g 
 56199.097  27.802  26.845  25.885  6141.12     3631.0       r 
 56199.097  28.214  27.252  26.308  4671.78     3631.0       g 
 56201.507  27.817  26.859  25.896  6141.12     3631.0       r 
 56201.507  28.228  27.264  26.318  4671.78     3631.0       g 
 56203.917  27.833  26.873  25.907  6141.12     3631.0       r 
 56203.917  28.241  27.277  26.329  4671.78     3631.0       g 
 56206.327  27.848  26.886  25.918  6141.12     3631.0       r 
 56206.327  28.254   27.29   26.34  4671.78     3631.0       g 
 56208.737  27.863    26.9  25.929  6141.12     3631.0       r 
 56208.737  28.268  27.302  26.352  4671.78     3631.0       g 
 56211.147  27.878  26.913   25.94  6141.12     3631.0       r 
 56211.147  28.281  27.315  26.363  4671.78     3631.0       g 
 56213.557  27.893  26.927  25.951  6141.12     3631.0       r 
 56213.557  28.294  27.327  26.374  4671.78     3631.0       g 
 56215.967  27.909   26.94  25.961  6141.12     3631.0       r 
 56215.967  28.307  27.339  26.385  4671.78     3631.0       g 
 56218.377  27.924  26.954  25.972  6141.12     3631.0       r 
 56218.377   28.32  27.351  26.397  4671.78     3631.0       g 
 56220.787  27.939  26.967  25.983  6141.12     3631.0       r 
 56220.787  28.333  27.363  26.408  4671.78     3631.0       g 
 56223.197  27.954   26.98  25.994  6141.12     3631.0       r 
 56223.197  28.346  27.375  26.419  4671.78     3631.0       g 
 56225.607  27.969  26.994  26.004  6141.12     3631.0       r 
 56225.607  28.359  27.387   26.43  4671.78     3631.0       g 
 56228.017  27.983  27.007  26.015  6141.12     3631.0       r 
 56228.017  28.372  27.399  26.442  4671.78     3631.0       g 
 56230.427  27.998   27.02  26.026  6141.12     3631.0       r 
 56230.427  28.385  27.411  26.453  4671.78     3631.0       g 
 56232.837  28.013  27.033  26.036  6141.12     3631.0       r 
 56232.837  28.398  27.423  26.464  4671.78     3631.0       g 
 56235.247  28.028  27.046  26.047  6141.12     3631.0       r 
 56235.247  28.411  27.434  26.475  4671.78     3631.0       g 
 56237.657  28.042  27.059  26.058  6141.12     3631.0       r 
 56237.657  28.425  27.446  26.486  4671.78     3631.0       g 
 56240.067  28.054  27.071  26.068  6141.12     3631.0       r 
 56240.067  28.441  27.458  26.497  4671.78     3631.0       g 
 56242.478  28.067  27.083  26.079  6141.12     3631.0       r 
 56242.478  28.456   27.47  26.508  4671.78     3631.0       g 
 56244.888   28.08  27.094  26.089  6141.12     3631.0       r 
 56244.888  28.472  27.481  26.519  4671.78     3631.0       g 
 56247.298  28.092  27.106    26.1  6141.12     3631.0       r 
 56247.298  28.487  27.493   26.53  4671.78     3631.0       g 
 56249.708  28.105  27.118   26.11  6141.12     3631.0       r 
 56249.708  28.502  27.505  26.541  4671.78     3631.0       g 
 56252.118  28.118   27.13  26.121  6141.12     3631.0       r 
 56252.118  28.517  27.516  26.552  4671.78     3631.0       g 
 56254.528   28.13  27.143   26.13  6141.12     3631.0       r 
 56254.528  28.532  27.528  26.563  4671.78     3631.0       g 
 56256.938  28.143  27.155  26.139  6141.12     3631.0       r 
 56256.938  28.548   27.54  26.574  4671.78     3631.0       g 
 56259.348  28.155  27.168  26.148  6141.12     3631.0       r 
 56259.348  28.563  27.551  26.585  4671.78     3631.0       g 
 56261.758  28.168  27.181  26.157  6141.12     3631.0       r 
 56261.758  28.578  27.563  26.595  4671.78     3631.0       g 
 56264.168   28.18  27.193  26.165  6141.12     3631.0       r 
 56264.168  28.593  27.574  26.606  4671.78     3631.0       g 
 56266.578  28.192  27.206  26.174  6141.12     3631.0       r 
 56266.578  28.606  27.586  26.616  4671.78     3631.0       g 
 56268.988  28.205  27.219  26.183  6141.12     3631.0       r 
 56268.988   28.62  27.597  26.625  4671.78     3631.0       g 
 56271.398  28.217  27.231  26.192  6141.12     3631.0       r 
 56271.398  28.633  27.608  26.635  4671.78     3631.0       g 
 56273.808  28.229  27.244  26.201  6141.12     3631.0       r 
 56273.808  28.646   27.62  26.644  4671.78     3631.0       g 
 56276.218  28.243  27.256   26.21  6141.12     3631.0       r 
 56276.218   28.66  27.631  26.654  4671.78     3631.0       g 
 56278.628  28.258  27.269  26.219  6141.12     3631.0       r 
 56278.628  28.673  27.643  26.663  4671.78     3631.0       g 
 56281.038  28.273  27.281  26.228  6141.12     3631.0       r 
 56281.038  28.686  27.654  26.673  4671.78     3631.0       g 
 56283.448  28.288  27.293  26.237  6141.12     3631.0       r 
 56283.448  28.699  27.665  26.682  4671.78     3631.0       g 
 56285.858  28.302  27.305  26.246  6141.12     3631.0       r 
 56285.858  28.712  27.676  26.692  4671.78     3631.0       g 
 56288.268  28.317  27.316  26.254  6141.12     3631.0       r 
 56288.268  28.726  27.688  26.701  4671.78     3631.0       g 
 56290.678  28.332  27.328  26.263  6141.12     3631.0       r 
 56290.678  28.739  27.699   26.71  4671.78     3631.0       g 
 56293.088  28.347   27.34  26.272  6141.12     3631.0       r 
 56293.088  28.752   27.71   26.72  4671.78     3631.0       g 
 56295.498  28.361  27.351  26.281  6141.12     3631.0       r 
 56295.498  28.765  27.721  26.729  4671.78     3631.0       g 
 56297.908  28.375  27.363   26.29  6141.12     3631.0       r 
 56297.908  28.778  27.732  26.739  4671.78     3631.0       g 
 56300.318  28.388  27.374  26.298  6141.12     3631.0       r 
 56300.318  28.791  27.743  26.748  4671.78     3631.0       g 
 56302.728  28.401  27.386  26.307  6141.12     3631.0       r 
 56302.728  28.804  27.754  26.757  4671.78     3631.0       g 
 56305.139  28.414  27.397  26.316  6141.12     3631.0       r 
 56305.139  28.816  27.765  26.767  4671.78     3631.0       g 
 56307.549  28.427  27.409  26.326  6141.12     3631.0       r 
 56307.549  28.829  27.776  26.776  4671.78     3631.0       g 
 56309.959   28.44   27.42  26.335  6141.12     3631.0       r 
 56309.959  28.842  27.787  26.785  4671.78     3631.0       g 
 56312.369  28.453  27.432  26.344  6141.12     3631.0       r 
 56312.369  28.855  27.798  26.794  4671.78     3631.0       g 
 56314.779  28.466  27.443  26.353  6141.12     3631.0       r 
 56314.779  28.868  27.809  26.804  4671.78     3631.0       g 
 56317.189  28.479  27.454  26.362  6141.12     3631.0       r 
 56317.189   28.88   27.82  26.814  4671.78     3631.0       g 
 56319.599  28.491  27.466  26.371  6141.12     3631.0       r 
 56319.599  28.893  27.831  26.824  4671.78     3631.0       g 
 56322.009  28.504  27.477   26.38  6141.12     3631.0       r 
 56322.009  28.904  27.842  26.833  4671.78     3631.0       g 
 56324.419  28.517  27.488  26.389  6141.12     3631.0       r 
 56324.419  28.915  27.853  26.843  4671.78     3631.0       g 
 56326.829  28.529  27.499  26.398  6141.12     3631.0       r 
 56326.829  28.929  27.864  26.853  4671.78     3631.0       g 
 56329.239  28.542   27.51  26.407  6141.12     3631.0       r 
 56329.239  28.943  27.874  26.862  4671.78     3631.0       g 
 56331.649  28.554  27.522  26.416  6141.12     3631.0       r 
 56331.649  28.957  27.885  26.872  4671.78     3631.0       g 
 56334.059  28.566  27.533  26.425  6141.12     3631.0       r 
 56334.059  28.972  27.896  26.881  4671.78     3631.0       g 
 56336.469  28.577  27.544  26.434  6141.12     3631.0       r 
 56336.469  28.986  27.906  26.891  4671.78     3631.0       g 
 56338.879  28.588  27.555  26.443  6141.12     3631.0       r 
 56338.879    29.0  27.918    26.9  4671.78     3631.0       g 
 56341.289    28.6  27.566  26.452  6141.12     3631.0       r 
 56341.289  29.015   27.93   26.91  4671.78     3631.0       g 
 56343.699  28.611  27.577  26.461  6141.12     3631.0       r 
 56343.699  29.029  27.942   26.92  4671.78     3631.0       g 
 56346.109  28.622  27.588   26.47  6141.12     3631.0       r 
 56346.109  29.043  27.954  26.929  4671.78     3631.0       g 
 56348.519  28.633  27.599  26.479  6141.12     3631.0       r 
 56348.519  29.057  27.966  26.939  4671.78     3631.0       g 
 56350.929  28.644   27.61  26.488  6141.12     3631.0       r 
 56350.929  29.071  27.977  26.948  4671.78     3631.0       g 
 56353.339  28.656  27.621  26.497  6141.12     3631.0       r 
 56353.339  29.085  27.989  26.957  4671.78     3631.0       g 
 56355.749  28.667  27.632  26.506  6141.12     3631.0       r 
 56355.749  29.099  28.001  26.967  4671.78     3631.0       g 
 56358.159  28.678  27.643  26.514  6141.12     3631.0       r 
 56358.159  29.113  28.013  26.976  4671.78     3631.0       g 
 56360.569  28.689  27.653  26.523  6141.12     3631.0       r 
 56360.569  29.127  28.024  26.986  4671.78     3631.0       g 
 56362.979    28.7  27.664  26.532  6141.12     3631.0       r 
 56362.979  29.141  28.036  26.995  4671.78     3631.0       g 
 56365.389  28.711  27.675  26.541  6141.12     3631.0       r 
 56365.389  29.155  28.048  27.004  4671.78     3631.0       g 
   56367.8  28.722  27.686   26.55  6141.12     3631.0       r 
   56367.8  29.168  28.059  27.012  4671.78     3631.0       g 
  56370.21  28.733  27.697  26.559  6141.12     3631.0       r 
  56370.21  29.182  28.071  27.019  4671.78     3631.0       g 
  56372.62  28.743  27.707  26.567  6141.12     3631.0       r 
  56372.62  29.196  28.083  27.026  4671.78     3631.0       g 
  56375.03  28.754  27.718  26.576  6141.12     3631.0       r 
  56375.03   29.21  28.094  27.033  4671.78     3631.0       g 
  56377.44  28.765  27.729  26.585  6141.12     3631.0       r 
  56377.44  29.223  28.106   27.04  4671.78     3631.0       g 
  56379.85  28.776  27.739  26.594  6141.12     3631.0       r 
  56379.85  29.237  28.117  27.047  4671.78     3631.0       g 
  56382.26  28.787   27.75  26.602  6141.12     3631.0       r 
  56382.26   29.25  28.129  27.054  4671.78     3631.0       g 
  56384.67  28.797   27.76  26.611  6141.12     3631.0       r 
  56384.67  29.264   28.14  27.061  4671.78     3631.0       g 
  56387.08  28.808  27.771   26.62  6141.12     3631.0       r 
  56387.08  29.277   28.15  27.068  4671.78     3631.0       g 
  56389.49  28.819  27.782  26.628  6141.12     3631.0       r 
  56389.49  29.291  28.161  27.075  4671.78     3631.0       g 
   56391.9   28.83  27.792  26.637  6141.12     3631.0       r 
   56391.9  29.304  28.171  27.082  4671.78     3631.0       g 
  56394.31   28.84  27.802  26.646  6141.12     3631.0       r 
  56394.31  29.317  28.182  27.089  4671.78     3631.0       g 
  56396.72  28.851  27.813  26.654  6141.12     3631.0       r 
  56396.72  29.331  28.192  27.095  4671.78     3631.0       g 
  56399.13  28.862  27.823  26.663  6141.12     3631.0       r 
  56399.13  29.344  28.202  27.102  4671.78     3631.0       g 
