# Wavelength Flux Sigma
# STATUS = PUBLIC
# OBJECT = PTF10aagc
# TELESCOPE =
# INSTRUMENT =
# DATE-OBS =
# MJD =
# EXPTIME =
# SLIT =
# DISPERSER =
# SOURCE = Quimby et al. 2018
# FILTER =
# FLUX_STANDARD =
# EXTINCTION_CORRECTED =
# PHOTOMETRY_CALIBRATED =
# FLUX_UNITS =
# QUALITY =
# MIN_WAVE =
# MAX_WAVE =
# COMMENT = wavelengths divided by (1 + z), z is 0.206700, fluxes divided by 0.0402585 , 1 emission line removed, 1 spectrum has been smoothed
3331.5178129 5.2736301 0.5348597
3334.8483166 5.2197604 0.4016327
3338.1906046 5.1457109 0.3490643
3341.5211084 5.0787382 0.3335992
3344.8636909 5.016881 0.2690913
3348.2183523 4.9610829 0.2429182
3351.5609348 4.9461117 0.2361484
3354.9155962 4.9708133 0.2055098
3358.2702575 4.9470401 0.193572
3361.6249189 4.8235145 0.1889304
3364.9916591 4.7939372 0.1804379
3368.3581046 4.8289003 0.1688558
3371.7248448 4.8824983 0.1646558
3375.0915848 4.8626261 0.161106
3378.4704038 4.9286642 0.1544591
3381.8492227 4.8603826 0.150432
3385.2280416 4.8350778 0.1491154
3388.6186448 4.8147035 0.1447175
3392.0095425 4.7812328 0.1408159
3395.4004402 4.7505531 0.1427067
3398.7913379 4.7001839 0.1407949
3402.1940198 4.6232238 0.1369804
3405.5969962 4.6163154 0.1388439
3408.9999727 4.5475626 0.136957
3412.4026546 4.4965367 0.1332267
3415.8177098 4.4795713 0.1350677
3419.2327652 4.4011655 0.1332047
3422.6596046 4.4091544 0.1349613
3426.0746598 4.3732858 0.1313781
3429.5017939 4.318965 0.1295371
3432.9407121 4.3387895 0.1312182
3436.3678462 4.3576365 0.1277664
3439.8070591 4.3321433 0.1259545
3443.2459773 4.2492104 0.127561
3446.6851902 4.1968126 0.1259662
3450.1361871 4.2162728 0.1224571
3453.5874788 4.1658759 0.1239901
3457.0387704 4.1409197 0.1224046
3460.5018462 4.1537414 0.1209478
3463.9531379 4.1398139 0.1205055
3467.4162136 4.15271 0.1189289
3470.8916629 4.1415377 0.1174757
3474.3547386 4.1383252 0.1171076
3477.8301879 4.146368 0.1155394
3481.3174212 4.1449108 0.1140899
3484.7928704 4.2139573 0.115676
3488.2801038 4.1858215 0.1122362
3491.7673371 4.2139511 0.1107905
3495.2548652 4.2266712 0.1123956
3498.7541773 4.2003403 0.1108193
3502.2537841 4.2061911 0.1075778
3505.7530962 4.2319756 0.1092053
3509.2644871 4.2824049 0.1076332
3512.7761727 4.3053236 0.1061797
3516.2875636 4.3087816 0.1061055
3519.7989546 4.2566099 0.104537
3523.3227189 4.2716956 0.1030838
3526.8461886 4.2751503 0.1030963
3530.3696584 4.2928967 0.1015312
3533.9055015 4.31497 0.1000784
3537.44105 4.3218789 0.1015428
3540.9765985 4.3626313 0.0986161
3544.5124416 4.3669262 0.0971637
3548.0600689 4.4092755 0.0985407
3551.6076962 4.4164162 0.0972709
3555.1553235 4.3982782 0.0943398
3558.7150296 4.3887005 0.0956335
3562.2750302 4.3391762 0.0943543
3565.8347364 4.2965555 0.0931801
3569.4065212 4.2764397 0.0928211
3572.9662273 4.2647181 0.0915338
3576.5380121 4.1905775 0.0903468
3580.1221704 4.1451797 0.0917827
3583.7060341 4.1063967 0.088809
3587.2898977 4.106071 0.0876111
3590.8737614 4.0691648 0.0891113
3594.4697038 4.0447497 0.0877844
3598.0535675 4.0415726 0.0849726
3601.6615886 4.0223179 0.0865397
3605.2575311 3.963506 0.0852018
3608.8655523 3.9462895 0.083966
3612.4735735 3.9332664 0.0853483
3616.0815948 3.8872216 0.0827195
3619.7016948 3.8159094 0.0814711
3623.3217948 3.8084309 0.0803178
3626.9418948 3.8016534 0.0816745
3630.5740735 3.7786155 0.0790769
3634.2062523 3.734333 0.0779098
3637.8384311 3.7246356 0.0791672
3641.4706098 3.7250285 0.0781598
3645.1148675 3.6787498 0.0756034
3648.759125 3.6453934 0.0767696
3652.4154614 3.6566553 0.0757378
3656.0597189 3.6013043 0.0747977
3659.7160552 3.5666761 0.0760806
3663.3844704 3.5578475 0.0734273
3667.0405121 3.5535259 0.0724616
3670.7089273 3.5303576 0.0738532
3674.3773425 3.5021355 0.072758
3678.0578364 3.519814 0.0702379
3681.7383302 3.5301983 0.0693321
3685.4185296 3.5495503 0.0706202
3689.0990235 3.5178592 0.0695926
3692.7915962 3.5330472 0.0686537
3696.4841689 3.5344048 0.0685972
3700.1767416 3.5290887 0.0675446
3703.8810985 3.5762789 0.0665784
3707.58575 3.56792 0.067831
3711.2904015 3.5788186 0.065612
3715.0068371 3.6024196 0.0646206
3718.7235675 3.6208653 0.0657697
3722.4402977 3.5694332 0.0649205
3726.1567334 3.5327499 0.0641595
3729.8855425 3.4914038 0.0618436
3733.6143515 3.4814017 0.0629519
3737.3549448 3.4327807 0.0621512
3741.0837538 3.3981538 0.0614333
3744.8246416 3.338351 0.0626612
3748.5773136 3.2887144 0.060276
3752.3302802 3.2398117 0.0595188
3756.0708735 3.1745155 0.0588402
3759.8359189 3.1214368 0.0600184
3763.5885909 3.0937231 0.0592133
3767.3536364 3.0634956 0.0570215
3771.1183871 3.0000508 0.0583637
3774.8955114 2.9564507 0.0575187
3778.6723409 2.9587071 0.0567546
3782.4494652 2.9406164 0.0580206
3786.2262948 2.9278734 0.0559622
3790.0154977 2.9199705 0.0551591
3793.8044061 2.8639865 0.0544322
3797.6056879 2.8439059 0.0556414
3801.3945962 2.7935998 0.0550619
3805.1955834 2.7907231 0.0529367
3809.0089439 2.777318 0.054033
3812.8099311 2.7624283 0.053397
3816.6232916 2.7534113 0.0528409
3820.4484364 2.7410762 0.0523667
3824.2615023 2.7302368 0.0518961
3828.0869416 2.7294991 0.0512858
3831.9241652 2.710695 0.0507506
3835.7493098 2.7081907 0.0521113
3839.5865334 2.7174835 0.0514337
3843.4240515 2.7294044 0.0493064
3847.2733538 2.7428813 0.0487901
3851.1226561 2.747396 0.0501684
3854.9719584 2.7497587 0.0495141
3858.8215552 2.7672894 0.048937
3862.6829364 2.7525377 0.0469583
3866.5443175 2.7229507 0.0465255
3870.4177773 2.7001698 0.047731
3874.2791584 2.734494 0.0471709
3878.1529129 2.7206929 0.0452541
3882.0384515 2.7112594 0.0448329
3885.9119114 2.6967239 0.0460832
3889.8095288 2.6471133 0.0455382
3893.6950675 2.6498044 0.0436767
3897.5926848 2.6507814 0.0432654
3901.4903023 2.6305423 0.0429132
3905.3879198 2.607825 0.0440379
3909.2976159 2.601727 0.0435701
3913.2073121 2.6021321 0.041823
3917.1170084 2.6186769 0.0414763
3921.0387834 2.6220469 0.0411853
3924.9605584 2.6185813 0.0422102
3928.8823334 2.6180699 0.040504
3932.8041084 2.6426296 0.0401626
3936.7379621 2.6168354 0.0398729
3940.6838948 2.5993557 0.0396362
3944.6177485 2.6178317 0.0405843
3948.5636811 2.6438518 0.0389711
3952.5096136 2.6090224 0.0386829
3956.467625 2.6117682 0.0384437
3960.4256364 2.6023471 0.0382549
3964.3836477 2.5930097 0.0379009
3968.3537379 2.5995336 0.037614
3972.3114546 2.6045697 0.0373727
3976.2936235 2.5870848 0.037178
3980.2637136 2.5820062 0.0370306
3984.2458825 2.5701306 0.036665
3988.2280515 2.5484824 0.0364222
3992.2220046 2.5434403 0.0362223
3996.2162523 2.5166354 0.0360659
4000.2105 2.5065105 0.0359544
4004.2047477 2.4993691 0.0355904
4008.2107796 2.4899414 0.0353861
4012.2171061 2.4777827 0.035222
4016.2355114 2.500093 0.035099
4020.2539166 2.4805017 0.0350186
4024.2720273 2.4740558 0.0346682
4028.2904325 2.4582436 0.0344972
4032.3209166 2.457227 0.0343642
4036.3511061 2.447016 0.0342697
4040.3936689 2.4472301 0.0330836
4044.4359371 2.4325006 0.0338902
4048.4785 2.4230857 0.033748
4052.5210629 2.3871231 0.0336415
4056.5754098 2.3626392 0.033571
4060.6300515 2.3279426 0.0335374
4064.6964773 2.297529 0.0323068
4068.7631977 2.2847824 0.0331314
4072.8296235 2.2734563 0.0330469
4076.9084227 2.2717092 0.0329961
4080.9869273 2.2703285 0.0340331
4085.0657265 2.2708943 0.0344579
4089.1442311 2.2900474 0.0353533
4093.2351091 2.2961049 0.0383524
4097.3256925 2.2626774 0.0396024
4101.4283546 2.3061092 0.0465482
4105.5313114 2.3175666 0.0353337
4109.6339735 2.3204799 0.036904
4113.7490091 2.3537886 0.0432325
4117.8516712 2.3766477 0.0456968
4121.9784909 2.3596594 0.0485557
4126.0935265 2.3492901 0.0473094
4130.2203462 2.3055024 0.0508029
4134.3592448 2.2933846 0.0502958
4138.4863591 2.2716837 0.047521
4142.6252575 2.2640643 0.0444439
4146.7641561 2.2817583 0.0418283
4150.9151334 2.264106 0.0394546
4155.0664052 2.252707 0.0387324
4159.2294614 2.2319796 0.0493763
4163.3804386 2.2200253 0.0397217
4167.5434948 2.2105572 0.0369395
4171.7186296 2.2106695 0.035611
4175.8819802 2.2177677 0.0332721
4180.0571152 2.2130289 0.0321784
4184.2443288 2.2012377 0.0309905
4188.4315425 2.180759 0.0310272
4192.6187561 2.1767514 0.0319276
4196.8059698 2.1739213 0.0310557
4201.0052621 2.189801 0.0310531
4205.2045546 2.2008483 0.0310697
4209.4162204 2.180114 0.0311049
4213.6275916 2.179404 0.0311586
4217.8389629 2.1696024 0.0312305
4222.0503341 2.1706345 0.031225
4226.2737841 2.1782849 0.031238
4230.4972341 2.1614969 0.0312688
4234.7327629 2.1691833 0.0313167
4238.9682916 2.1647539 0.0313815
4243.2038204 2.1615808 0.0314631
4247.4511334 2.1646748 0.0314961
4251.6987409 2.1845236 0.0315187
4255.9463485 2.1880488 0.0315577
4260.2060348 2.1742463 0.0316127
4264.4657212 2.1623659 0.0316831
4268.7374864 2.1656594 0.0317687
4272.9971727 2.1999004 0.0318695
4277.2689379 2.216161 0.0309384
4281.5524871 2.2417879 0.0319252
4285.8363311 2.2509453 0.0319816
4290.120175 2.2261314 0.0320521
4294.4040189 2.1980996 0.0321364
4298.6999416 2.2051494 0.0322344
4302.9955698 2.19068 0.0312849
4307.3035712 2.1970301 0.031403
4311.6115727 2.1856339 0.0324141
4315.9313584 2.1807508 0.0324793
4320.2393598 2.1586375 0.0325571
4324.5594402 2.1700931 0.0326471
4328.8913046 2.1896708 0.0327489
4333.2113848 2.1705954 0.0317823
4337.5435439 2.1522832 0.0319017
4341.8874871 2.1410117 0.0320319
4346.231725 2.1323407 0.0330238
4350.5759629 2.1316924 0.0331008
4354.9319848 2.1144915 0.0331883
4359.2762227 2.0877509 0.0332862
4363.6443235 2.0611844 0.0333942
4368.0006402 2.0413995 0.0324096
4372.3687409 1.9977915 0.0325318
4376.7492152 1.9515544 0.032663
4381.1173159 1.9482074 0.0336599
4385.4977902 1.9130967 0.0337374
4389.8900485 1.9001149 0.0338238
4394.2826015 1.900696 0.0339187
4398.6748598 1.9053708 0.0329063
4403.0794916 1.9231777 0.0330136
4407.47175 1.9547065 0.0331287
4411.8881659 1.9597734 0.0332514
4416.2927977 1.9691501 0.0333818
4420.7092136 1.9942335 0.0343488
4425.1377084 2.0170257 0.0344259
4429.5544189 2.0136585 0.0345106
4433.9949925 2.0245078 0.0334719
4438.4234871 2.0174906 0.0335676
4442.8643552 2.0218186 0.0347761
4447.3049288 2.0290098 0.0357377
4451.7575811 2.0180547 0.0379126
4456.1981546 1.9924169 0.0391545
4460.6631802 1.975895 0.0437582
4465.1158325 1.965353 0.0459959
4469.5926425 1.9460738 0.0530184
4474.0573735 1.9358376 0.0416269
4478.5341834 1.9347941 0.043886
4483.0112879 1.9095298 0.0472867
4487.4880977 1.8961025 0.0513152
4491.9769864 1.8397404 0.0551124
4496.4779538 1.8405834 0.0652082
4500.9668425 1.8739436 0.0646799
4505.4678098 1.8845384 0.0622074
4509.9808561 1.9019202 0.0493312
4514.4818235 1.8902713 0.0509347
4519.0069485 1.8770142 0.0482502
4523.5199948 1.8758854 0.04657
4528.0451198 1.8679764 0.0606856
4532.5702448 1.858616 0.0472948
4537.1074485 1.8397397 0.0451553
4541.6446523 1.8294482 0.0400712
4546.1818561 1.8102857 0.0387115
4550.7311386 1.7951949 0.0365239
4555.2804212 1.7916248 0.0354396
4559.8417825 1.7868075 0.0343446
4564.3910652 1.7914037 0.0344031
4568.9645052 1.7853445 0.0352837
4573.5258666 1.7766699 0.0353522
4578.0990121 1.7717559 0.0354245
4582.6845311 1.7903978 0.0355002
4587.27005 1.7993195 0.0355795
4591.8555689 1.8066505 0.0356624
4596.4410879 1.8060623 0.0357487
4601.0383909 1.7858407 0.0358383
4605.6480675 1.7695155 0.0348152
4610.2456652 1.7737337 0.0348595
4614.8553416 1.756858 0.0349061
4619.4768023 1.7406272 0.0349551
4624.0985575 1.722481 0.0350059
4628.7203129 1.7027674 0.0350595
4633.3417735 1.6797755 0.0359582
4637.9756075 1.6660824 0.0360198
4642.6215204 1.6476835 0.036084
4647.2671386 1.6334667 0.0361504
4651.9130515 1.6448767 0.0362195
4656.5586698 1.6402898 0.0352802
4661.2166614 1.6425003 0.0353104
4665.8743584 1.6627139 0.0353424
4670.5444288 1.6720945 0.0353761
4675.2142046 1.6955822 0.0354113
4679.8963538 1.70196 0.0354479
4684.5661296 1.7087975 0.0354862
4689.2603575 1.7274443 0.0355258
4693.9422121 1.7486053 0.0355665
4698.6364402 1.7605194 0.0356085
4703.3424523 1.7637579 0.0356516
4708.0487591 1.7547991 0.0356957
4712.7547712 1.7528869 0.0366099
4717.4607834 1.7312864 0.0366602
4722.1791689 1.7185287 0.0357688
4726.9093386 1.7189553 0.0357873
4731.6274296 1.6847585 0.0358069
4736.3699727 1.6772709 0.0358275
4741.1001425 1.6731884 0.0358489
4745.8423909 1.6729687 0.0358712
4750.5849341 1.6876419 0.0358943
4755.3392614 1.6875191 0.035918
4760.0935886 1.6873475 0.0359425
4764.8599948 1.6765493 0.0359674
4769.6146166 1.6666279 0.0359928
4774.3931015 1.6510856 0.0360186
4779.1595075 1.650435 0.0360448
4783.9379925 1.6525466 0.0360713
4788.7285561 1.6481268 0.0360979
4793.5191198 1.6406146 0.0361248
4798.3096834 1.6207843 0.0361518
4803.1126204 1.6187776 0.0361788
4807.9152629 1.5951307 0.0351804
4812.7179052 1.5923151 0.0352064
4817.5326265 1.5924135 0.0352322
4822.3473477 1.5783803 0.0352579
4827.1741477 1.6014097 0.0352834
4832.0009477 1.6095761 0.0353087
4836.8277477 1.6189164 0.0353335
4841.6666265 1.6152602 0.035358
4846.5055052 1.6077965 0.0362948
4851.3564629 1.5955865 0.0363033
4856.2074204 1.5647045 0.0363118
4861.0701621 1.5655997 0.0363202
4865.9211198 1.5486554 0.0363285
4870.7962348 1.5551375 0.0363367
4875.67135 1.569562 0.0363447
4880.5464652 1.5728624 0.0363524
4885.4215802 1.5802805 0.0363598
4890.3084796 1.5856398 0.036367
4895.1956735 1.5789294 0.0363738
4900.0949462 1.5495991 0.0363803
4904.9942189 1.5502326 0.0363863
4909.8934916 1.5373379 0.036392
4914.8045485 1.5593823 0.0363971
4919.7279788 1.5675739 0.0364018
4924.6393302 1.566237 0.0364061
4929.5745448 1.5617571 0.0364097
4934.497975 1.5484312 0.0364129
4939.4334841 1.5311081 0.0364155
4944.3689931 1.5271503 0.0353968
4949.3159918 1.5110747 0.0353984
4954.2635796 1.5062157 0.0353994
4959.2235409 1.5040694 0.0353997
4964.1829129 1.5125713 0.0353995
4969.1422848 1.5132548 0.0353986
4974.1140302 1.5084127 0.0353971
4979.0857757 1.5125812 0.035395
4984.0693052 1.5019102 0.0353922
4989.0528348 1.4698389 0.0353887
4994.0363645 1.4416103 0.0353846
4999.0322675 1.4346941 0.0353798
5004.0399546 1.4292598 0.0353744
5009.0358575 1.4345541 0.0353683
5014.0559181 1.4244293 0.0353616
5019.0636052 1.4226428 0.0353542
5024.0836659 1.4089835 0.0353462
5029.1031371 1.3880937 0.0353375
5034.1349819 1.3830525 0.0353283
5039.1674159 1.3825803 0.0353184
5044.2110448 1.3810574 0.0353079
5049.2552629 1.3662106 0.0352968
5054.3112652 1.3740994 0.0352852
5059.3554832 1.3694772 0.0352731
5064.4232698 1.3459276 0.0344838
5069.479272 1.3248506 0.0344707
5074.5476477 1.3151494 0.0344571
5079.6278075 1.3074152 0.0344431
5084.7079675 1.2830306 0.0344286
5089.7881273 1.2661437 0.0344137
5094.8806605 1.2679741 0.0343984
5099.9726046 1.2759593 0.0343828
5105.076922 1.2692661 0.0343668
5110.1812395 1.2647316 0.0343505
5115.2979302 1.2662021 0.0343339
5120.4140319 1.2770865 0.0343171
5125.5307227 1.2800584 0.0343
5130.6591977 1.2934629 0.0342828
5135.7876727 1.2970808 0.0342654
5140.9279319 1.3074121 0.0342479
5146.0687802 1.3096154 0.0342303
5151.2090395 1.3206493 0.0342126
5156.361672 1.3122303 0.0341949
5161.5143046 1.2975347 0.0341773
5166.6793105 1.2776421 0.0349953
5171.8437273 1.2710829 0.0349616
5177.0205175 1.2676116 0.0349276
5182.1973075 1.2517763 0.0348934
5187.3740977 1.2519373 0.0348594
5192.562672 1.2771643 0.0348251
5197.7636198 1.2885684 0.0347909
5202.9527832 1.2649107 0.0347567
5208.1655152 1.2809741 0.0339473
5213.3664629 1.2797312 0.0339151
5218.5791948 1.2912813 0.0338829
5223.8043 1.2913928 0.0338509
5229.0294052 1.2982647 0.0338193
5234.2545105 1.2947614 0.033788
5239.4914 1.3190984 0.0337571
5244.7282895 1.3461297 0.0337266
5249.9775523 1.3552667 0.0336966
5255.2268152 1.3613228 0.0336672
5260.476078 1.3686981 0.0336385
5265.737125 1.3788671 0.0336104
5271.0105454 1.3772312 0.0335831
5276.2715925 1.382352 0.0335567
5281.556797 1.3909658 0.0335312
5286.8302175 1.3833959 0.0335066
5292.115422 1.3705336 0.0326495
5297.413 1.3614703 0.032605
5302.710578 1.3286364 0.0325613
5308.0199402 1.318904 0.0325184
5313.3175181 1.2838701 0.0332999
5318.6386645 1.258606 0.0332571
5323.9604 1.2283159 0.0332155
5329.2821355 1.1919141 0.0331751
5334.6032819 1.1620191 0.033136
5339.949175 1.1524065 0.0330982
5345.2826948 1.1364988 0.0330618
5350.6285879 1.1167613 0.033027
5355.9862652 1.112182 0.0329938
5361.3321582 1.108711 0.0329623
5366.7016198 1.1168274 0.0321416
5372.059297 1.1158063 0.0320866
5377.4411319 1.1207061 0.0320331
5382.8111825 1.1327384 0.0319811
5388.2053909 1.138537 0.0319309
5393.5872257 1.1483889 0.0318825
5398.9808448 1.1623211 0.0318358
5404.3868371 1.1642659 0.0325924
5409.7810454 1.178547 0.0325482
5415.198822 1.1989418 0.0325063
5420.6048145 1.1862375 0.0324668
5426.0349645 1.1692299 0.0316982
5431.4533302 1.1451741 0.0316327
5436.8834802 1.1255164 0.0315694
5442.3254145 1.1204395 0.0315086
5447.7679379 1.0959288 0.0314501
5453.2222454 1.0883788 0.0313943
5458.6641796 1.0855447 0.031341
5464.1308605 1.0979059 0.0312904
5469.5969523 1.1078657 0.0312425
5475.0636332 1.1103069 0.0319814
5480.5415091 1.1303991 0.0312524
5486.0199743 1.1325904 0.0311779
5491.5108129 1.1264619 0.0311066
5497.0010621 1.1201169 0.0310385
5502.4919007 1.1225599 0.0309739
5507.9939341 1.1466943 0.0309124
5513.5089302 1.1704451 0.0308543
5519.0233371 1.1959783 0.0307997
5524.5383332 1.2073041 0.0307486
5530.0645243 1.1994483 0.0300615
5535.5913046 1.2053828 0.0307461
5541.1304582 1.2014612 0.0306675
5546.6690227 1.2051204 0.0305929
5552.2199605 1.1887178 0.0305225
5557.7703091 1.1990203 0.0304562
5563.3336204 1.2006935 0.0303941
5568.8963425 1.2149427 0.0303362
5574.4590645 1.1937913 0.0296506
5580.0341598 1.1748419 0.0296025
5585.6210395 1.1526759 0.0295584
5591.2085082 1.1181581 0.0301906
5596.7953879 1.0945393 0.0301139
5602.3946409 1.0912631 0.030042
5607.9933046 1.0925934 0.0299752
5613.6043418 1.1079642 0.0299132
5619.2159681 1.0981776 0.0292325
5624.8387895 1.1034991 0.0291821
5630.4622 1.11664 0.0291362
5636.0973948 1.0969877 0.029095
5641.7208052 1.1375943 0.0296853
5647.3677841 1.1351937 0.0296113
5653.0153523 1.133274 0.029543
5658.6747046 1.1315674 0.0288633
5664.3340569 1.1420124 0.0288087
5669.9934091 1.1405352 0.0287592
5675.6651348 1.1397845 0.0287148
5681.3368605 1.1156782 0.0286758
5687.0203704 1.0966198 0.0292408
5692.7038802 1.0835319 0.0291686
5698.3991743 1.0646824 0.0284932
5704.1068418 1.0317971 0.0284365
5709.802725 1.0270649 0.0283855
5715.5103925 1.0221624 0.0283404
5721.2304332 1.0087707 0.0283012
5726.9498848 0.9907877 0.0282681
5732.6817098 1.0187638 0.0281849
5738.4135348 1.0252109 0.0281226
5744.1577332 1.0192732 0.0280665
5749.8895582 1.041007 0.0280168
5755.6455409 1.0243165 0.0279736
5761.4009341 1.0233089 0.0279369
5767.1692902 1.0386147 0.027907
5772.9370569 1.0337918 0.0278146
5778.7054129 1.0199012 0.0277552
5784.485553 1.0156372 0.0277026
5790.2656931 0.9754352 0.0276571
5796.0576175 0.9632609 0.0276187
5801.8495418 0.9451793 0.0275876
5807.6538395 0.9076334 0.0269012
5813.4705105 0.8836294 0.0274505
5819.2865925 0.8976168 0.0273971
5825.1026743 0.8847472 0.0273513
5830.9193454 0.8813846 0.0273132
5836.7595848 0.8981303 0.0266748
5842.5880402 0.9137731 0.0266091
5848.4282796 0.9094327 0.0265514
5854.2808925 0.9220139 0.0271012
5860.1335052 0.9181433 0.0270576
5865.9979023 0.9217656 0.0270216
5871.8622993 0.9473983 0.0263878
5877.7390698 0.9538549 0.0263246
5883.6158402 0.9450114 0.0262694
5889.4926105 0.9457459 0.026817
5895.3929493 0.9491133 0.0267772
5901.2820931 0.945453 0.0261759
5907.1824319 0.962688 0.0261087
5913.0957332 0.951812 0.0260501
5919.0084454 0.9496959 0.0260001
5924.9211575 0.953634 0.0265482
5930.8580273 0.9448436 0.0259726
5936.7831129 0.9241772 0.0259026
5942.7199825 0.9143711 0.0258419
5948.6692257 0.8970417 0.0257903
5954.6060954 0.882148 0.0263336
5960.5671227 0.8734267 0.0257774
5966.52815 0.8733298 0.025706
5972.4891773 0.8591285 0.0256446
5978.462578 0.8665894 0.025593
5984.4477629 0.8704197 0.0255511
5990.4329477 0.870292 0.02559
5996.4181325 0.8754483 0.025519
6002.4156909 0.8883625 0.0254587
6008.4250332 0.897585 0.0254085
6014.4343757 0.9182547 0.0253687
6020.4437181 0.944647 0.0254118
6026.4648448 0.9338984 0.0253429
6032.4865605 0.9583328 0.0252851
6038.5200605 0.9597861 0.0252382
6044.5653448 0.9597644 0.0247208
6050.6112181 0.9668296 0.0252438
6056.6565023 0.9664668 0.0251788
6062.7141598 0.9682299 0.0251255
6068.7718175 0.9733977 0.0250838
6074.8412591 0.9896381 0.0245764
6080.9230743 0.9875215 0.0250884
6087.0048895 0.989556 0.0250294
6093.099078 0.9960612 0.0249825
6099.1808931 0.9837803 0.0244738
6105.2868659 0.9836158 0.024452
6111.3922493 0.9747725 0.0249485
6117.498222 0.965829 0.0248975
6123.6165681 0.9538168 0.0248591
6129.7461091 0.9667943 0.0243635
6135.8762395 0.9673125 0.0243504
6142.0063698 0.9579529 0.0248277
6148.1482841 0.9709029 0.0247865
6154.302572 0.9495319 0.0242916
6160.4568598 0.9407064 0.0242776
6166.6111477 0.9457691 0.0242753
6172.7772198 0.9433694 0.0247297
6178.9556652 0.9466216 0.0242361
6185.1341105 0.9457213 0.024222
6191.3243402 0.9575557 0.0242202
6197.5145698 0.949202 0.0246882
6203.7047993 0.9499477 0.0246594
6209.9197757 0.9514363 0.0253509
6216.1217895 0.9324201 0.025967
6222.3367659 0.9363732 0.0274167
6228.5629371 0.9266914 0.0246211
6234.7896977 0.931872 0.0248695
6241.0282425 0.9367573 0.0256701
6247.2667871 0.949812 0.0267356
6253.5177052 0.9480711 0.0282608
6259.7680341 0.9431801 0.029485
6266.0313257 0.9388896 0.0306072
6272.294028 0.9162953 0.0303648
6278.5685145 0.9298897 0.0317244
6284.8435902 0.9190371 0.0306432
6291.13045 0.9163908 0.0293796
6297.4296832 0.8960027 0.0273897
6303.7165431 0.8784187 0.027241
6310.0275605 0.8533616 0.0260867
6316.338578 0.8427827 0.0252323
6322.6495954 0.8216768 0.0246063
6328.972397 0.8012984 0.0273997
6335.307572 0.7769664 0.0264586
6341.642747 0.7779287 0.0251165
6347.977922 0.7704976 0.0243288
6354.3254704 0.7612296 0.02433
6360.684803 0.7489102 0.0243472
6367.0441355 0.7553011 0.0238963
6373.4152523 0.7567915 0.0238909
6379.7869582 0.772473 0.0244226
6386.1698591 0.7703394 0.0240007
6392.5533493 0.7714284 0.0239885
6398.9492129 0.7787415 0.0239924
6405.3444871 0.7951662 0.0245386
6411.7521348 0.8121673 0.0241038
6418.1597825 0.8147766 0.0241016
6424.5792145 0.8253793 0.0246462
6431.0110198 0.8286191 0.0242353
6437.442825 0.8432947 0.0242271
6443.8746302 0.8416321 0.0242361
6450.3182198 0.8419043 0.0247974
6456.7741825 0.8428154 0.0243672
6463.2301454 0.8414446 0.0243709
6469.6978925 0.8484535 0.0243923
6476.1538552 0.8326479 0.0245205
6482.6339757 0.8324643 0.024519
6489.1258802 0.8269945 0.0245359
6495.6060007 0.8197281 0.0246855
6502.1096895 0.8072638 0.0246789
6508.6021832 0.7931799 0.0246914
6515.1182454 0.7689349 0.0243142
6521.6343075 0.7666094 0.0248492
6528.1503698 0.7622118 0.0248577
6534.6788052 0.7623124 0.0244752
6541.219025 0.7681805 0.0250286
6547.7592448 0.7721884 0.0250333
6554.3118379 0.7737255 0.0250582
6560.8638418 0.7867905 0.0252158
6567.4288082 0.7802588 0.025217
6573.9931855 0.7768493 0.0252391
6580.569347 0.7769294 0.0248667
6587.1460977 0.7638387 0.0254077
6593.7346325 0.7639408 0.0254275
6600.3231675 0.7491714 0.025051
6606.9240757 0.7326869 0.0256042
6613.5367681 0.7131252 0.0256222
6620.1494605 0.7061937 0.0252418
6626.7739371 0.6799632 0.0258055
6633.399003 0.6655591 0.0258221
6640.035853 0.6572395 0.0254383
6646.672703 0.667126 0.0260105
6653.3213371 0.6729757 0.0260265
6659.9705605 0.6858568 0.0256396
6666.6315681 0.6926539 0.0257006
6673.2925757 0.7004301 0.0258042
6679.9653675 0.7095363 0.0258449
6686.6505325 0.7126207 0.0259072
6693.3356977 0.7113371 0.0260117
6700.032647 0.7113113 0.0260536
6706.7301855 0.7068948 0.0261177
6713.4395082 0.707329 0.0262213
6720.1606152 0.7141207 0.0262651
6726.8699379 0.7126427 0.0263317
6733.6034181 0.7067019 0.0264325
6740.3363091 0.7022415 0.0264789
6747.0821629 0.7067545 0.0265488
6753.8274273 0.7102076 0.0266448
6760.5726918 0.7131664 0.0266945
6767.342703 0.7077104 0.0262818
6774.112125 0.7065473 0.0268578
6780.881547 0.6919587 0.0269116
6787.6633425 0.6798641 0.0264872
6794.4451379 0.6680364 0.0270714
6801.2387175 0.6626363 0.0271301
6808.0446704 0.6534351 0.0266922
6814.8500341 0.6570297 0.0272852
6821.6683605 0.6535977 0.0273499
6828.4978819 0.6548992 0.0274547
6835.3162082 0.6604052 0.0274993
6842.158103 0.6795268 0.0270753
6848.9999977 0.6861627 0.0276621
6855.8418925 0.6818901 0.0277137
6862.7079448 0.694375 0.0272716
6869.5622129 0.7136704 0.0278688
6876.4400493 0.6968133 0.0274539
6883.318475 0.6993455 0.0274664
6890.1969007 0.6878691 0.0280751
6897.0871105 0.6822872 0.0276393
6903.9891046 0.6800033 0.0276602
6910.8916879 0.6546258 0.0282814
6917.8060552 0.6539263 0.0278229
6924.7204227 0.6504326 0.028428
6931.6465743 0.6569258 0.0279937
6938.5733152 0.6487866 0.0280051
6945.5118402 0.6484402 0.0286238
6952.4621493 0.6604192 0.028164
6959.4130477 0.6600395 0.0281863
6966.3757302 0.6646026 0.0283292
6973.3384129 0.6662439 0.0283329
6980.3128796 0.6768244 0.0284998
6987.2879355 0.6811005 0.0284847
6994.2865598 0.6936286 0.0285011
7001.2734 0.688136 0.0286407
7008.2843977 0.668635 0.028639
7015.283022 0.6660775 0.0288005
7022.3063931 0.6639549 0.0287804
7029.329175 0.6779462 0.0287932
7036.3519569 0.6856723 0.0289243
7043.3871121 0.6879223 0.0289196
7050.4346409 0.6892664 0.0284966
7057.4815802 0.6886545 0.0290476
7064.5408931 0.6894156 0.0286051
7071.6119902 0.6812541 0.0291766
7078.6830871 0.6752371 0.0291713
7085.7541841 0.682494 0.0287428
7092.850028 0.6627135 0.0292834
7099.9329091 0.6614768 0.0288365
7107.0405371 0.6663597 0.0293948
7114.1481652 0.6680293 0.028929
7121.2557931 0.6545652 0.0295049
7128.3869895 0.6537479 0.0294857
7135.5069909 0.6473147 0.0290374
7142.6505605 0.6397784 0.0295774
7149.7941302 0.6387692 0.0291115
7156.9377 0.6528383 0.0296661
7164.0936431 0.6685153 0.0291825
7171.2613704 0.6649145 0.0292065
7178.4290977 0.6431998 0.0292496
7185.6086091 0.6280807 0.0292606
7192.8010832 0.6177928 0.0297892
7199.9929681 0.6233897 0.0293103
7207.184853 0.6250267 0.02985
7214.4008954 0.6298364 0.029355
7221.6169379 0.6297336 0.029376
7228.8329802 0.6524016 0.029394
7236.0608069 0.6603304 0.0294031
7243.3010069 0.6717683 0.0294267
7250.5412069 0.6561484 0.0294241
7257.7937802 0.6763164 0.0294525
7265.0581379 0.687781 0.0294385
7272.3224954 0.6872196 0.0289379
7279.5986371 0.6890375 0.0294456
7286.8753681 0.687989 0.0294582
7294.1638832 0.6855049 0.0306
7301.4518091 0.6721824 0.0312756
7308.7526977 0.6351917 0.0328305
7316.0653704 0.601147 0.03026
7323.3780431 0.5728736 0.0300079
7330.7025 0.5643517 0.0308948
7338.0393302 0.5520786 0.0315816
7345.3761605 0.5496449 0.0334392
7352.724775 0.5306076 0.033967
7360.0733895 0.504839 0.035896
7367.4343773 0.5209955 0.0355417
7374.7953652 0.482371 0.0362626
7382.1805105 0.4798938 0.0345109
7389.5650668 0.4765631 0.0341077
7396.9502121 0.5152284 0.0321069
7404.3471418 0.5182722 0.0315339
7411.7564448 0.5184355 0.0298621
7419.1657477 0.5245928 0.0290065
7426.5868348 0.5283561 0.0295425
7434.007922 0.502277 0.0318971
7441.4413825 0.4915375 0.0303193
7448.8866273 0.4940141 0.0295448
7456.331872 0.4903419 0.028418
7463.7894902 0.4882505 0.0283552
7471.2588925 0.4978381 0.0283575
7478.7282948 0.4960219 0.0282955
7486.2100704 0.4918824 0.0283036
7493.6912569 0.4833172 0.0282436
7501.1848168 0.4670414 0.0282588
7508.69075 0.4675205 0.028202
7516.1966832 0.4577422 0.0282252
7523.7144007 0.4861744 0.028173
7531.2439023 0.4893591 0.0282053
7538.7616198 0.5026924 0.0281591
7546.3034948 0.5211498 0.0282016
7553.8577431 0.5242543 0.0281625
7561.4114023 0.5216535 0.0282163
7568.9774348 0.528192 0.0281858
7576.5434675 0.5206948 0.0282521
7584.1212841 0.5287448 0.0282314
7591.6996902 0.518794 0.0283113
7599.2898802 0.5129787 0.0278884
7606.8918546 0.5160172 0.0283963
7614.5062023 0.4954699 0.0279894
7622.12055 0.480945 0.0285096
7629.7348977 0.4664091 0.0285267
7637.373403 0.4562477 0.0295946
7645.0119082 0.4478061 0.0306587
7652.6498243 0.4355239 0.0324066
7660.300703 0.4440752 0.0337981
7667.9633659 0.4665393 0.0368483
7675.6378129 0.4623858 0.032097
7683.3122598 0.4867947 0.0325428
7690.9867069 0.5024773 0.034745
7698.6859007 0.4953279 0.0371682
7706.3845052 0.5019994 0.0423332
7714.0954832 0.5595651 0.0502202
7721.805872 0.5664999 0.0565647
7729.5286341 0.5175695 0.0585663
7737.2637698 0.5141141 0.0597077
7744.9865319 0.5384602 0.0464867
7752.7340409 0.5242589 0.0453893
7760.4927448 0.5178214 0.04417
7768.2520379 0.5067241 0.0573616
7776.0231152 0.5083733 0.0549701
7783.7941925 0.508206 0.0700017
7791.5894273 0.5145007 0.0587476
7799.372878 0.5234113 0.051637
7807.1681129 0.5717055 0.0426934
7814.9875052 0.5802889 0.0402071
7822.7945243 0.5733405 0.0390804
7830.6139168 0.5775461 0.0393936
7838.4456825 0.5692025 0.0402945
7846.2892325 0.5879477 0.0418672
7854.1327825 0.6174517 0.0465696
7861.9881168 0.6099181 0.0467366
7869.8558243 0.6134882 0.0495989
7877.7235319 0.6070842 0.0503601
7885.6036129 0.620427 0.0533667
7893.4831046 0.6327358 0.0536576
7901.3749698 0.6097981 0.0586449
7909.2792082 0.6224419 0.0571504
7917.1946418 0.6013831 0.0564223
7925.1106645 0.5924214 0.0545739
7933.0390605 0.5737138 0.0551226
7940.9668675 0.5553784 0.0540381
7948.9070477 0.5405772 0.0506501
7956.8590121 0.5482845 0.0469044
7964.82335 0.5480986 0.03398
7972.7876879 0.5388639 0.0338833
7980.7520257 0.5244563 0.0342362
7988.7399319 0.5211601 0.033999
7996.7284273 0.5075914 0.0346317
8004.7287069 0.495391 0.0346355
8012.7295757 0.4912648 0.036264
8020.7416395 0.4876899 0.0373913
8028.7666659 0.4850461 0.0370023
8036.791103 0.4835629 0.0365808
8044.8273243 0.4700424 0.0362459
8052.8765082 0.4514142 0.037708
8060.925103 0.4438186 0.038934
8068.9854819 0.4526843 0.0405375
8077.0582341 0.4375727 0.0403591
8085.1315757 0.4281661 0.0401172
8093.2161121 0.4124551 0.0404984
8101.313022 0.3961427 0.0410057
8109.4099319 0.3949762 0.0420466
8117.5309993 0.400119 0.0432268
8125.6402825 0.4021155 0.0436728
8133.7731341 0.3972526 0.0448005
8141.906575 0.3881706 0.0453795
8150.0518 0.3621404 0.046552
8158.197025 0.3388406 0.0477699
8166.3540341 0.325086 0.0483875
8174.5234168 0.3125037 0.0496514
8182.6927993 0.310927 0.0502254
8190.8863395 0.3237093 0.0516204
8199.0680954 0.3091503 0.0529789
8207.2734198 0.2763456 0.0535974
8215.4793332 0.2572612 0.0550861
8223.6964418 0.26024 0.0557206
8231.9265129 0.2461078 0.0572054
8240.1559948 0.2389561 0.0587925
8248.39785 0.2488821 0.0594712
8256.6397052 0.2202202 0.0610572
8264.8933448 0.2224404 0.0617108
8273.1593575 0.2395877 0.0634702
8281.4371546 0.2510239 0.0651603
8289.7155409 0.258993 0.0658513
8298.005122 0.2620875 0.0677252
8306.3076659 0.2681717 0.0697683
8314.6096204 0.255298 0.0710329
8322.9357325 0.2503506 0.0734432
8331.2500605 0.2757828 0.0749112
8339.5879569 0.2910047 0.0777278
8347.9264425 0.3219195 0.08085
8356.264928 0.3181846 0.0839842
8364.6269819 0.2989484 0.0881527
8372.989625 0.3402474 0.09301
8381.3640523 0.3277088 0.0969923
8389.750853 0.3233904 0.1036897
8398.1370645 0.3038076 0.1118985
8406.5356493 0.3154533 0.1241777
