                MJD               R_low               R_med              R_high               T_low               T_med              T_high                   L_low                   L_med                  L_high 
           56765.29                 0.0                 0.0                 0.0                 nan                 nan                 nan   4.685561133231631e+31  3.1561789151140333e+32  1.0326770038359369e+33 
  56768.14165413534                 0.0                 0.0                 0.0                 nan                 nan                 nan   4.685561133231631e+31  3.1561789151140333e+32  1.0326770038359369e+33 
  56770.99330827068                 0.0                 0.0                 0.0                 nan                 nan                 nan   4.685561133231631e+31  3.1561789151140333e+32  1.0326770038359369e+33 
 56773.844962406016                 0.0                 0.0                 0.0                 nan                 nan                 nan   4.685561133231631e+31  3.1561789151140333e+32  1.0326770038359369e+33 
 56776.696616541354                 0.0                 0.0                 0.0                 nan                 nan                 nan   4.685561133231631e+31  3.1561789151140333e+32  1.0326770038359369e+33 
  56779.54827067669                 0.0                 0.0                 0.0                 nan                 nan                 nan   4.685561133231631e+31  3.1561789151140333e+32  1.0326770038359369e+33 
  56782.39992481203                 0.0                 0.0                 0.0                 nan                 nan                 nan   4.685561133231631e+31  3.1561789151140333e+32  1.0326770038359369e+33 
  56785.25157894737                 0.0                 0.0                 0.0                 nan                 nan                 nan   4.685561133231631e+31  3.1561789151140333e+32  1.0326770038359369e+33 
  56788.10323308271                 0.0                 0.0                 0.0                 nan                 nan                 nan   4.685561133231631e+31  3.1561789151140333e+32  1.0326770038359369e+33 
 56790.954887218046                 0.0                 0.0                 0.0                 nan                 nan                 nan   4.685561133231631e+31  3.1561789151140333e+32  1.0326770038359369e+33 
 56793.806541353384                 0.0                 0.0                 0.0                 nan                 nan                 nan   4.685561133231631e+31  3.1561789151140333e+32  1.0326770038359369e+33 
  56796.65819548872                 0.0                 0.0                 0.0                 nan                 nan                 nan   4.685561133231631e+31  3.1561789151140333e+32  1.0326770038359369e+33 
  56799.50984962406                 0.0                 0.0                 0.0                 nan                 nan                 nan   4.685561133231631e+31  3.1561789151140333e+32  1.0326770038359369e+33 
   56802.3615037594                 0.0                 0.0                 0.0                 nan                 nan                 nan   4.685561133231631e+31  3.1561789151140333e+32  1.0326770038359369e+33 
  56805.21315789474                 0.0                 0.0                 0.0                 nan                 nan                 nan   4.685561133231631e+31  3.1561789151140333e+32  1.0326770038359369e+33 
 56808.064812030076                 0.0                 0.0                 0.0                 nan                 nan                 nan   4.685561133231631e+31  3.1561789151140333e+32  1.0326770038359369e+33 
 56810.916466165414                 0.0                 0.0                 0.0                 nan                 nan                 nan   4.685561133231631e+31  3.1561789151140333e+32  1.0326770038359369e+33 
  56813.76812030075                 0.0                 0.0                 0.0                 nan                 nan                 nan   4.685561133231631e+31  3.1561789151140333e+32  1.0326770038359369e+33 
  56816.61977443609                 0.0                 0.0                 0.0                 nan                 nan                 nan   4.685561133231631e+31  3.1561789151140333e+32  1.0326770038359369e+33 
  56819.47142857143                 0.0                 0.0                 0.0                 nan                 nan                 nan   4.685561133231631e+31  3.1561789151140333e+32  1.0326770038359369e+33 
  56822.32308270677                 0.0                 0.0                 0.0                 nan                 nan                 nan   4.685561133231631e+31  3.1561789151140333e+32  1.0326770038359369e+33 
 56825.174736842106                 0.0                 0.0                 0.0                 nan                 nan                 nan   4.685561133231631e+31  3.1561789151140333e+32  1.0326770038359369e+33 
 56828.026390977444                 0.0                 0.0                 0.0                 nan                 nan                 nan   4.685561133231631e+31  3.1561789151140333e+32  1.0326770038359369e+33 
  56830.87804511278                 0.0                 0.0                 0.0                 nan                 nan                 nan   4.685561133231631e+31  3.1561789151140333e+32  1.0326770038359369e+33 
  56833.72969924812                 0.0                 0.0                 0.0                 nan                 nan                 nan   4.685561133231631e+31  3.1561789151140333e+32  1.0326770038359369e+33 
  56836.58135338346                 0.0                 0.0                 0.0                 nan                 nan                 nan   4.685561133231631e+31  3.1561789151140333e+32  1.0326770038359369e+33 
   56839.4330075188                 0.0                 0.0                 0.0                 nan                 nan                 nan   4.685561133231631e+31  3.1561789151140333e+32  1.0326770038359369e+33 
 56842.284661654136                 0.0                 0.0                 0.0                 nan                 nan                 nan   4.685561133231631e+31  3.1561789151140333e+32  1.0326770038359369e+33 
 56845.136315789474                 0.0                 0.0                 0.0                 nan                 nan                 nan   4.685561133231631e+31  3.1561789151140333e+32  1.0326770038359369e+33 
  56847.98796992481                 0.0                 0.0                 0.0                 nan                 nan                 nan   4.685561133231631e+31  3.1561789151140333e+32  1.0326770038359369e+33 
  56850.83962406015                 0.0                 0.0                 0.0                 nan                 nan                 nan   4.685561133231631e+31  3.1561789151140333e+32  1.0326770038359369e+33 
  56853.69127819549                 0.0                 0.0                 0.0                 nan                 nan                 nan   4.685561133231631e+31  3.1561789151140333e+32  1.0326770038359369e+33 
  56856.54293233083                 0.0                 0.0                 0.0                 nan                 nan                 nan   4.685561133231631e+31  3.1561789151140333e+32  1.0326770038359369e+33 
 56859.394586466165                 0.0                 0.0                 0.0                 nan                 nan                 nan   4.685561133231631e+31  3.1561789151140333e+32  1.0326770038359369e+33 
 56862.246240601504                 0.0                 0.0                 0.0                 nan                 nan                 nan   4.685561133231631e+31  3.1561789151140333e+32  1.0326770038359369e+33 
  56865.09789473684                 0.0                 0.0                 0.0                 nan                 nan                 nan   4.685561133231631e+31  3.1561789151140333e+32  1.0326770038359369e+33 
  56867.94954887218                 0.0                 0.0                 0.0                 nan                 nan                 nan   4.685561133231631e+31  3.1561789151140333e+32  1.0326770038359369e+33 
  56870.80120300752                 0.0                 0.0                 0.0                 nan                 nan                 nan   4.685561133231631e+31  3.1561789151140333e+32  1.0326770038359369e+33 
  56873.65285714286                 0.0                 0.0                 0.0                 nan                 nan                 nan   4.685561133231631e+31  3.1561789151140333e+32  1.0326770038359369e+33 
 56876.504511278195                 0.0                 0.0                 0.0                 nan                 nan                 nan   4.685561133231631e+31  3.1561789151140333e+32  1.0326770038359369e+33 
 56879.356165413534                 0.0                 0.0                 0.0                 nan                 nan                 nan   4.685561133231631e+31  3.1561789151140333e+32  1.0326770038359369e+33 
  56882.20781954887                 0.0                 0.0                 0.0                 nan                 nan                 nan   4.685561133231631e+31  3.1561789151140333e+32  1.0326770038359369e+33 
  56885.05947368421                 0.0                 0.0                 0.0                 nan                 nan                 nan   4.685561133231631e+31  3.1561789151140333e+32  1.0326770038359369e+33 
  56887.91112781955                 0.0                 0.0                 0.0                 nan                 nan                 nan   4.685561133231631e+31  3.1561789151140333e+32  1.0326770038359369e+33 
  56890.76278195489                 0.0                 0.0                 0.0                 nan                 nan                 nan   4.685561133231631e+31  3.1561789151140333e+32  1.0326770038359369e+33 
 56893.614436090225                 0.0                 0.0                 0.0                 nan                 nan                 nan   4.685561133231631e+31  3.1561789151140333e+32  1.0326770038359369e+33 
 56896.466090225564                 0.0                 0.0                 0.0                 nan                 nan                 nan   4.685561133231631e+31  3.1561789151140333e+32  1.0326770038359369e+33 
   56899.3177443609                 0.0                 0.0                 0.0                 nan                 nan                 nan   4.685561133231631e+31  3.1561789151140333e+32  1.0326770038359369e+33 
  56902.16939849624                 0.0                 0.0                 0.0                 nan                 nan                 nan   4.685561133231631e+31  3.1561789151140333e+32  1.0326770038359369e+33 
  56905.02105263158                 0.0                 0.0                 0.0                 nan                 nan                 nan   4.685561133231631e+31  3.1561789151140333e+32  1.0326770038359369e+33 
  56907.87270676692                 0.0                 0.0                 0.0                 nan                 nan                 nan   4.685561133231631e+31  3.1561789151140333e+32  1.0326770038359369e+33 
 56910.724360902255                 0.0                 0.0                 0.0                 nan                 nan                 nan   4.685561133231631e+31  3.1561789151140333e+32  1.0326770038359369e+33 
  56913.57601503759                 0.0                 0.0                 0.0                 nan                 nan                 nan   4.685561133231631e+31  3.1561789151140333e+32  1.0326770038359369e+33 
  56916.42766917293                 0.0                 0.0                 0.0                 nan                 nan                 nan   4.685561133231631e+31  3.1561789151140333e+32  1.0326770038359369e+33 
  56919.27932330827                 0.0                 0.0                 0.0                 nan                 nan                 nan   4.685561133231631e+31  3.1561789151140333e+32  1.0326770038359369e+33 
  56922.13097744361                 0.0                 0.0                 0.0                 nan                 nan                 nan   4.685561133231631e+31  3.1561789151140333e+32  1.0326770038359369e+33 
  56924.98263157895                 0.0                 0.0                 0.0                 nan                 nan                 nan   4.685561133231631e+31  3.1561789151140333e+32  1.0326770038359369e+33 
 56927.834285714285                 0.0                 0.0                 0.0                 nan                 nan                 nan   4.685561133231631e+31  3.1561789151140333e+32  1.0326770038359369e+33 
  56930.68593984962                 0.0                 0.0                 0.0                 nan                 nan                 nan   4.685561133231631e+31  3.1561789151140333e+32  1.0326770038359369e+33 
  56933.53759398496                 0.0                 0.0                 0.0                 nan                 nan                 nan   4.685561133231631e+31  3.1561789151140333e+32  1.0326770038359369e+33 
   56936.3892481203                 0.0                 0.0                 0.0                 nan                 nan                 nan   4.685561133231631e+31  3.1561789151140333e+32  1.0326770038359369e+33 
  56939.24090225564                 0.0                 0.0                 0.0                 nan                 nan                 nan   4.685561133231631e+31  3.1561789151140333e+32  1.0326770038359369e+33 
  56942.09255639098                 0.0                 0.0                 0.0                 nan                 nan                 nan   4.685561133231631e+31  3.1561789151140333e+32  1.0326770038359369e+33 
 56944.944210526315                 0.0                 0.0                 0.0                 nan                 nan                 nan   4.685561133231631e+31  3.1561789151140333e+32  1.0326770038359369e+33 
  56947.79586466165                 0.0                 0.0                 0.0                 nan                 nan                 nan   4.685561133231631e+31  3.1561789151140333e+32  1.0326770038359369e+33 
  56950.64751879699                 0.0                 0.0                 0.0                 nan                 nan                 nan   4.685561133231631e+31  3.1561789151140333e+32  1.0326770038359369e+33 
  56953.49917293233                 0.0                 0.0                 0.0                 nan                 nan                 nan   4.685561133231631e+31  3.1561789151140333e+32  1.0326770038359369e+33 
  56956.35082706767                 0.0                 0.0                 0.0                 nan                 nan                 nan   4.685561133231631e+31  3.1561789151140333e+32  1.0326770038359369e+33 
  56959.20248120301                 0.0                 0.0                 0.0                 nan                 nan                 nan   4.685561133231631e+31  3.1561789151140333e+32  1.0326770038359369e+33 
 56962.054135338345                 0.0                 0.0                 0.0                 nan                 nan                 nan   4.685561133231631e+31  3.1561789151140333e+32  1.0326770038359369e+33 
  56964.90578947368                 0.0                 0.0                 0.0                 nan                 nan                 nan   4.685561133231631e+31  3.1561789151140333e+32  1.0326770038359369e+33 
  56967.75744360902                 0.0                 0.0                 0.0                 nan                 nan                 nan   4.685561133231631e+31  3.1561789151140333e+32  1.0326770038359369e+33 
  56970.60909774436                 0.0                 0.0                 0.0                 nan                 nan                 nan   4.685561133231631e+31  3.1561789151140333e+32  1.0326770038359369e+33 
   56973.4607518797                 0.0                 0.0                 0.0                 nan                 nan                 nan   4.685561133231631e+31  3.1561789151140333e+32  1.0326770038359369e+33 
  56976.31240601504                 0.0                 0.0                 0.0                 nan                 nan                 nan   4.685561133231631e+31  3.1561789151140333e+32  1.0326770038359369e+33 
 56979.164060150375                 0.0                 0.0                 0.0                 nan                 nan                 nan   4.685561133231631e+31  3.1561789151140333e+32  1.0326770038359369e+33 
  56982.01571428571                 0.0                 0.0                 0.0                 nan                 nan                 nan   4.685561133231631e+31  3.1561789151140333e+32  1.0326770038359369e+33 
  56984.86736842105                 0.0                 0.0                 0.0                 nan                 nan                 nan   4.685561133231631e+31  3.1561789151140333e+32  1.0326770038359369e+33 
  56987.71902255639                 0.0                 0.0                 0.0                 nan                 nan                 nan   4.685561133231631e+31  3.1561789151140333e+32  1.0326770038359369e+33 
  56990.57067669173                 0.0                 0.0                 0.0                 nan                 nan                 nan   4.685561133231631e+31  3.1561789151140333e+32  1.0326770038359369e+33 
  56993.42233082707                 0.0                 0.0                 0.0                 nan                 nan                 nan   4.685561133231631e+31  3.1561789151140333e+32  1.0326770038359369e+33 
 56996.273984962405                 0.0                 0.0                 0.0                 nan                 nan                 nan   4.685561133231631e+31  3.1561789151140333e+32  1.0326770038359369e+33 
  56999.12563909774                 0.0                 0.0                 0.0                 nan                 nan                 nan   4.685561133231631e+31  3.1561789151140333e+32  1.0326770038359369e+33 
  57001.97729323308                 0.0                 0.0                 0.0                 nan                 nan                 nan   4.685561133231631e+31  3.1561789151140333e+32  1.0326770038359369e+33 
  57004.82894736842                 0.0                 0.0                 0.0                 nan                 nan                 nan   4.685561133231631e+31  3.1561789151140333e+32  1.0326770038359369e+33 
  57007.68060150376                 0.0                 0.0                 0.0                 nan                 nan                 nan   4.685561133231631e+31  3.1561789151140333e+32  1.0326770038359369e+33 
   57010.5322556391                 0.0                 0.0                 0.0                 nan                 nan                 nan   4.685561133231631e+31  3.1561789151140333e+32  1.0326770038359369e+33 
 57013.383909774435                 0.0                 0.0                 0.0                 nan                 nan                 nan   4.685561133231631e+31  3.1561789151140333e+32  1.0326770038359369e+33 
  57016.23556390977                 0.0                 0.0                 0.0                 nan                 nan                 nan   4.685561133231631e+31  3.1561789151140333e+32  1.0326770038359369e+33 
  57019.08721804511                 0.0                 0.0                 0.0                 nan                 nan                 nan   4.685561133231631e+31  3.1561789151140333e+32  1.0326770038359369e+33 
  57021.93887218045                 0.0                 0.0                 0.0                 nan                 nan                 nan   4.685561133231631e+31  3.1561789151140333e+32  1.0326770038359369e+33 
  57024.79052631579                 0.0                 0.0                 0.0                 nan                 nan                 nan   4.685561133231631e+31  3.1561789151140333e+32  1.0326770038359369e+33 
  57027.64218045113                 0.0                 0.0                 0.0                 nan                 nan                 nan   4.685561133231631e+31  3.1561789151140333e+32  1.0326770038359369e+33 
 57030.493834586465                 0.0                 0.0                 0.0                 nan                 nan                 nan   4.685561133231631e+31  3.1561789151140333e+32  1.0326770038359369e+33 
   57033.3454887218                 0.0                 0.0                 0.0                 nan                 nan                 nan   4.685561133231631e+31  3.1561789151140333e+32  1.0326770038359369e+33 
  57036.19714285714                 0.0                 0.0                 0.0                 nan                 nan                 nan   4.685561133231631e+31  3.1561789151140333e+32  1.0326770038359369e+33 
  57039.04879699248                 0.0                 0.0                 0.0                 nan                 nan                 nan   4.685561133231631e+31  3.1561789151140333e+32  1.0326770038359369e+33 
  57041.90045112782                 0.0                 0.0                 0.0                 nan                 nan                 nan   4.685561133231631e+31  3.1561789151140333e+32  1.0326770038359369e+33 
  57044.75210526316                 0.0                 0.0                 0.0                 nan                 nan                 nan   4.685561133231631e+31  3.1561789151140333e+32  1.0326770038359369e+33 
 57047.603759398495                 0.0                 0.0                 0.0                 nan                 nan                 nan   4.685561133231631e+31  3.1561789151140333e+32  1.0326770038359369e+33 
  57050.45541353383                 0.0                 0.0                 0.0                 nan                 nan                 nan   4.685561133231631e+31  3.1561789151140333e+32  1.0326770038359369e+33 
  57053.30706766917                 0.0                 0.0                 0.0                 nan                 nan                 nan   4.685561133231631e+31  3.1561789151140333e+32  1.0326770038359369e+33 
  57056.15872180451                 0.0                 0.0                 0.0                 nan                 nan                 nan   4.685561133231631e+31  3.1561789151140333e+32  1.0326770038359369e+33 
  57059.01037593985                 0.0                 0.0                 0.0                 nan                 nan                 nan   4.685561133231631e+31  3.1561789151140333e+32  1.0326770038359369e+33 
 57061.862030075186                 0.0                 0.0                 0.0                 nan                 nan                 nan   4.685561133231631e+31  3.1561789151140333e+32  1.0326770038359369e+33 
 57064.713684210525                 0.0                 0.0                 0.0                 nan                 nan                 nan   4.685561133231631e+31  3.1561789151140333e+32  1.0326770038359369e+33 
  57067.56533834586                 0.0                 0.0                 0.0                 nan                 nan                 nan   4.685561133231631e+31  3.1561789151140333e+32  1.0326770038359369e+33 
   57070.4169924812                 0.0                 0.0                 0.0                 nan                 nan                 nan   4.685561133231631e+31  3.1561789151140333e+32  1.0326770038359369e+33 
  57073.26864661654                 0.0                 0.0                 0.0                 nan                 nan                 nan   4.685561133231631e+31  3.1561789151140333e+32  1.0326770038359369e+33 
  57076.12030075188                 0.0                 0.0                 0.0                 nan                 nan                 nan   4.685561133231631e+31  3.1561789151140333e+32  1.0326770038359369e+33 
 57078.971954887216                 0.0                 0.0                 0.0                 nan                 nan                 nan   4.685561133231631e+31  3.1561789151140333e+32  1.0326770038359369e+33 
 57081.823609022555                 0.0                 0.0                 0.0                 nan                 nan                 nan   4.685561133231631e+31  3.1561789151140333e+32  1.0326770038359369e+33 
  57084.67526315789                 0.0                 0.0                 0.0                 nan                 nan                 nan   4.685561133231631e+31  3.1561789151140333e+32  1.0326770038359369e+33 
  57087.52691729323                 0.0                 0.0                 0.0                 nan                 nan                 nan   4.685561133231631e+31  3.1561789151140333e+32  1.0326770038359369e+33 
  57090.37857142857                 0.0                 0.0                 0.0                 nan                 nan                 nan   4.685561133231631e+31  3.1561789151140333e+32  1.0326770038359369e+33 
  57093.23022556391                 0.0                 0.0                 0.0                 nan                 nan                 nan   4.685561133231631e+31  3.1561789151140333e+32  1.0326770038359369e+33 
 57096.081879699246                 0.0                 0.0                 0.0                 nan                 nan                 nan   4.685561133231631e+31  3.1561789151140333e+32  1.0326770038359369e+33 
 57098.933533834585                 0.0                 0.0                 0.0                 nan                 nan                 nan   4.685561133231631e+31  3.1561789151140333e+32  1.0326770038359369e+33 
  57101.78518796992                 0.0                 0.0                 0.0                 nan                 nan                 nan   4.685561133231631e+31  3.1561789151140333e+32  1.0326770038359369e+33 
  57104.63684210526                 0.0                 0.0                 0.0                 nan                 nan                 nan   4.685561133231631e+31  3.1561789151140333e+32  1.0326770038359369e+33 
   57107.4884962406                 0.0                 0.0                 0.0                 nan                 nan                 nan   4.685561133231631e+31  3.1561789151140333e+32  1.0326770038359369e+33 
  57110.34015037594                 0.0                 0.0                 0.0                 nan                 nan                 nan   4.685561133231631e+31  3.1561789151140333e+32  1.0326770038359369e+33 
 57113.191804511276                 0.0                 0.0                 0.0                 nan                 nan                 nan   4.685561133231631e+31  3.1561789151140333e+32  1.0326770038359369e+33 
 57116.043458646614                 0.0                 0.0                 0.0                 nan                 nan                 nan   4.685561133231631e+31  3.1561789151140333e+32  1.0326770038359369e+33 
  57118.89511278195                 0.0                 0.0                 0.0                 nan                 nan                 nan   4.685561133231631e+31  3.1561789151140333e+32  1.0326770038359369e+33 
  57121.74676691729                 0.0                 0.0                 0.0                 nan                 nan                 nan   4.685561133231631e+31  3.1561789151140333e+32  1.0326770038359369e+33 
  57124.59842105263                 0.0                 0.0                 0.0                 nan                 nan                 nan   4.685561133231631e+31  3.1561789151140333e+32  1.0326770038359369e+33 
  57127.45007518797                 0.0                 0.0                 0.0                 nan                 nan                 nan   4.685561133231631e+31  3.1561789151140333e+32  1.0326770038359369e+33 
 57130.301729323306                 0.0                 0.0                 0.0                 nan                 nan                 nan   4.685561133231631e+31  3.1561789151140333e+32  1.0326770038359369e+33 
 57133.153383458644                 0.0                 0.0                 0.0                 nan                 nan                 nan   4.685561133231631e+31  3.1561789151140333e+32  1.0326770038359369e+33 
  57136.00503759398                 0.0                 0.0                 0.0                 nan                 nan                 nan   4.685561133231631e+31  3.1561789151140333e+32  1.0326770038359369e+33 
  57138.85669172932                 0.0                 0.0                 0.0                 nan                 nan                 nan   4.685561133231631e+31  3.1561789151140333e+32  1.0326770038359369e+33 
  57141.70834586466                 0.0                 0.0                 0.0                 nan                 nan                 nan   4.685561133231631e+31  3.1561789151140333e+32  1.0326770038359369e+33 
           57144.56                 0.0                 0.0                 0.0                 nan                 nan                 nan   4.685561133231631e+31  3.1561789151140333e+32  1.0326770038359369e+33 
 57147.411654135336                 0.0                 0.0                 0.0                 nan                 nan                 nan   4.685561133231631e+31  3.1561789151140333e+32  1.0326770038359369e+33 
 57150.263308270674                 0.0                 0.0                 0.0                 nan                 nan                 nan   4.685561133231631e+31  3.1561789151140333e+32  1.0326770038359369e+33 
  57153.11496240601                 0.0                 0.0                 0.0                 nan                 nan                 nan   4.685561133231631e+31  3.1561789151140333e+32  1.0326770038359369e+33 
  57155.96661654135                 0.0                 0.0                 0.0                 nan                 nan                 nan   4.685561133231631e+31  3.1561789151140333e+32  1.0326770038359369e+33 
  57158.81827067669                 0.0                 0.0                 0.0                 nan                 nan                 nan   4.685561133231631e+31  3.1561789151140333e+32  1.0326770038359369e+33 
  57161.66992481203                 0.0                 0.0                 0.0                 nan                 nan                 nan   4.685561133231631e+31  3.1561789151140333e+32  1.0326770038359369e+33 
 57164.521578947366                 0.0                 0.0                 0.0                 nan                 nan                 nan   4.685561133231631e+31  3.1561789151140333e+32  1.0326770038359369e+33 
 57167.373233082704                 0.0                 0.0                 0.0                 nan                 nan                 nan   4.685561133231631e+31  3.1561789151140333e+32  1.0326770038359369e+33 
  57170.22488721804                 0.0                 0.0                 0.0                 nan                 nan                 nan   4.685561133231631e+31  3.1561789151140333e+32  1.0326770038359369e+33 
  57173.07654135338                 0.0                 0.0                 0.0                 nan                 nan                 nan   4.685561133231631e+31  3.1561789151140333e+32  1.0326770038359369e+33 
  57175.92819548872                 0.0                 0.0                 0.0                 nan                 nan                 nan   4.685561133231631e+31  3.1561789151140333e+32  1.0326770038359369e+33 
  57178.77984962406                 0.0                 0.0                 0.0                 nan                 nan                 nan   4.685561133231631e+31  3.1561789151140333e+32  1.0326770038359369e+33 
 57181.631503759396                 0.0                 0.0                 0.0                 nan                 nan                 nan   4.685561133231631e+31  3.1561789151140333e+32  1.0326770038359369e+33 
 57184.483157894734                 0.0                 0.0                 0.0                 nan                 nan                 nan   4.685561133231631e+31  3.1561789151140333e+32  1.0326770038359369e+33 
  57187.33481203007                 0.0                 0.0                 0.0                 nan                 nan                 nan   4.685561133231631e+31  3.1561789151140333e+32  1.0326770038359369e+33 
  57190.18646616541                 0.0                 0.0                 0.0                 nan                 nan                 nan   4.685561133231631e+31  3.1561789151140333e+32  1.0326770038359369e+33 
  57193.03812030075                 0.0                 0.0                 0.0                 nan                 nan                 nan   4.685561133231631e+31  3.1561789151140333e+32  1.0326770038359369e+33 
  57195.88977443609                 0.0                 0.0                 0.0                 nan                 nan                 nan   4.685561133231631e+31  3.1561789151140333e+32  1.0326770038359369e+33 
 57198.741428571426                 0.0                 0.0                 0.0                 nan                 nan                 nan   4.685561133231631e+31  3.1561789151140333e+32  1.0326770038359369e+33 
 57201.593082706764                 0.0                 0.0                 0.0                 nan                 nan                 nan   4.685561133231631e+31  3.1561789151140333e+32  1.0326770038359369e+33 
   57204.4447368421                 0.0                 0.0                 0.0                 nan                 nan                 nan   4.685561133231631e+31  3.1561789151140333e+32  1.0326770038359369e+33 
  57207.29639097744                 0.0                 0.0                 0.0                 nan                 nan                 nan   4.685561133231631e+31  3.1561789151140333e+32  1.0326770038359369e+33 
  57210.14804511278                 0.0                 0.0                 0.0                 nan                 nan                 nan   4.685561133231631e+31  3.1561789151140333e+32  1.0326770038359369e+33 
  57212.99969924812                 0.0                 0.0                 0.0                 nan                 nan                 nan   4.685561133231631e+31  3.1561789151140333e+32  1.0326770038359369e+33 
 57215.851353383456                 0.0                 0.0                 0.0                 nan                 nan                 nan   4.685561133231631e+31  3.1561789151140333e+32  1.0326770038359369e+33 
 57218.703007518794                 0.0                 0.0                 0.0                 nan                 nan                 nan   4.685561133231631e+31  3.1561789151140333e+32  1.0326770038359369e+33 
  57221.55466165413                 0.0                 0.0                 0.0                 nan                 nan                 nan   4.685561133231631e+31  3.1561789151140333e+32  1.0326770038359369e+33 
  57224.40631578947                 0.0                 0.0                 0.0                 nan                 nan                 nan   4.685561133231631e+31  3.1561789151140333e+32  1.0326770038359369e+33 
  57227.25796992481                 0.0                 0.0                 0.0                 nan                 nan                 nan   4.685561133231631e+31  3.1561789151140333e+32  1.0326770038359369e+33 
  57230.10962406015                 0.0                 0.0                 0.0                 nan                 nan                 nan   4.685561133231631e+31  3.1561789151140333e+32  1.0326770038359369e+33 
 57232.961278195486                 0.0                 0.0                 0.0                 nan                 nan                 nan   4.685561133231631e+31  3.1561789151140333e+32  1.0326770038359369e+33 
 57235.812932330824                 0.0                 0.0                 0.0                 nan                 nan                 nan   4.685561133231631e+31  3.1561789151140333e+32  1.0326770038359369e+33 
  57238.66458646616                 0.0                 0.0                 0.0                 nan                 nan                 nan   4.685561133231631e+31  3.1561789151140333e+32  1.0326770038359369e+33 
   57241.5162406015                 0.0                 0.0                 0.0                 nan                 nan                 nan   4.685561133231631e+31  3.1561789151140333e+32  1.0326770038359369e+33 
  57244.36789473684                 0.0                 0.0                 0.0                 nan                 nan                 nan   4.685561133231631e+31  3.1561789151140333e+32  1.0326770038359369e+33 
  57247.21954887218                 0.0                 0.0                 0.0                 nan                 nan                 nan   4.685561133231631e+31  3.1561789151140333e+32  1.0326770038359369e+33 
 57250.071203007516                 0.0                 0.0                 0.0                 nan                 nan                 nan   7.756361988141761e+31   3.881825728142083e+32  1.2530381203415919e+33 
 57252.922857142854                 0.0   21887653422287.07    50319204978742.0  60774.920208064024    89529.3988141049                 nan  1.0391689602779859e+33  1.2987505470089415e+43   4.592644946723331e+43 
  57255.77451127819   97638436596061.28  129293664996563.19  159182754413762.53  45196.510025687276  54279.255329482825  62593.764969014366   5.795060397316457e+43    9.56340538487629e+43  1.2790727375477818e+44 
  57258.62616541353  202970709270039.62  235569324719778.56  267520483488561.06   38006.22552781977   43349.34472465492   47571.04860625679   9.017091708540326e+43  1.3332933825464066e+44  1.7192523639762748e+44 
  57261.47781954887   309096516889806.5   343436958610136.5  375753049279690.56   33787.57475509822  37434.166112627005   40220.61625956195  1.1584897307770685e+44  1.5922902102859452e+44  1.9748419886137286e+44 
  57264.32947368421  416482100445612.44   449195606808161.0  485090280396643.25   30712.90587228269   33545.84637690284  35697.868977477585  1.3130612023980734e+44  1.7820173494817002e+44  2.1622223312197025e+44 
           57265.29  452666619375940.06  485417612447780.56   521595194040244.3  29878.227476801378     32453.453941704   34449.19207519601  1.3608205846973879e+44   1.825217898165994e+44   2.210493035235713e+44 
 57267.181127819546  525428563512880.44   555709878316654.8   593205049840116.6   28329.86805535934  30566.720776076596  32473.092084876935   1.456973386358328e+44   1.905692451667602e+44  2.3011585776289808e+44 
 57270.032781954884   631821154731176.6   662564049837334.4   699813565175040.9   26354.12770135643  28314.273275282496  29910.503021551332  1.5506867349429114e+44   2.011126330692655e+44  2.3970022921118895e+44 
  57272.88443609022   738704026862132.6   770185866982466.8   809355157456410.6  24762.057545092164   26497.89881355969   27955.04396449046  1.6204126246764452e+44   2.073152339611309e+44  2.4635102234808316e+44 
  57275.73609022556   844724986064353.5   877942458712100.8   919907825462783.6   23379.79281633379   24945.95958670858  26303.834156170324  1.6556788703034446e+44  2.1268547179880083e+44  2.5139746715552317e+44 
           57276.31   866147443723686.5   899622750454496.9   942157107369981.0  23125.799294724977  24664.249056183617   26000.35198262527    1.66107879053656e+44  2.1365460493907497e+44   2.521827470746344e+44 
           57276.32   866520715945521.6   900001843820358.8   942544786460018.4  23121.396952271873  24659.418599180164  25995.104221982227  1.6611734246954838e+44  2.1367380157946057e+44  2.5219538228982863e+44 
           57277.31   902740262501927.5   937376950579510.4   981024828636333.1  22700.531342213337   24193.97346990213  25480.936860526468  1.6706248543071045e+44  2.1530946375834296e+44   2.528387934069579e+44 
           57277.32   903103743592511.5   937749695561799.2   981420031543247.0   22696.35063639966   24189.35046256338  25475.764001711475  1.6707315674447879e+44  2.1532295609945606e+44  2.5284455471867034e+44 
   57278.5877443609   949222239592821.8   985004230487207.5  1030324090746209.6  22180.871859983356  23621.398205559562  24846.277996991426   1.683334723971202e+44   2.163957806539318e+44    2.53388280857519e+44 
  57281.43939849624  1053851628549558.9  1091618061066839.4  1139786598575487.8  21130.797160599774   22458.29788197692  23580.470143690607   1.710477141071415e+44  2.1751026466869614e+44  2.5334537883970475e+44 
 57284.291052631575  1158496505058473.2  1199567036160365.0  1249040005780376.0  20252.136163434137   21440.79020281897  22471.336597972306  1.7272451141743855e+44   2.169151319129924e+44  2.5277055798385114e+44 
           57284.32  1159541824575692.0  1200644444395162.8  1250140475955574.0   20243.61624057401  21431.210346387248  22460.480307717855  1.7273045915451804e+44   2.169080759816203e+44  2.5275549462501887e+44 
           57284.33  1159902934954401.0  1201016639967218.0  1250520638379768.5  20240.671460142556  21427.904942830835  22456.727870770148  1.7273235795331375e+44  2.1690560643761723e+44   2.527500873884699e+44 
 57287.142706766914  1263470454799673.5  1306586949054605.0  1357353941779558.2   19454.83639151915   20524.57897440044   21468.86758825892  1.7331124641400471e+44  2.1525874950228784e+44  2.5025357236950173e+44 
            57288.2  1303215807700801.2  1346620467044405.0  1397864790587899.0  19165.588038019505  20207.507531528274   21122.11119226101   1.733590854385712e+44   2.144527244557216e+44  2.4914456894318934e+44 
  57289.99436090225  1369772623900285.5  1414559259846033.2  1468308478079632.5  18696.878907850674  19689.112131107613   20561.38662946104   1.729586510508126e+44  2.1285880161344953e+44   2.466677296995488e+44 
           57291.22  1414645627384788.2  1461102480246917.0  1515218355901255.2   18375.66493572147  19353.187397181857  20191.147478994862  1.7239869924134496e+44   2.115584951611952e+44   2.444246519395327e+44 
           57291.23  1415011746608433.0  1461480727420572.0  1515605667500062.2  18373.070307548536   19350.47521013295   20188.18263469843  1.7239340137353988e+44  2.1154871148420925e+44  2.4440501891429213e+44 
  57292.84601503759  1474174741306178.5  1522619184489478.0  1578195804277705.8  17968.537535291776  18925.244564908862   19724.29566420303     1.7151853291501e+44   2.098007638413492e+44   2.411663285411206e+44 
  57295.69766917293  1578370272372557.5  1630945735280419.0  1688101518079813.5  17312.279310246286  18212.389216996402   18947.50067160555    1.69263414365233e+44  2.0649655824358582e+44  2.3519145694531456e+44 
  57298.54932330827  1682705710478193.5  1739272286071359.5  1797598968834576.2  16681.760994899967   17536.91697653298  18224.961359515288  1.6610109907306081e+44  2.0203686247935944e+44  2.2869400160325993e+44 
           57299.22  1707577425380059.8  1764749461515294.0  1823667144301225.2  16540.486705775074  17384.617267209418  18061.907835899212   1.654145796224578e+44  2.0085466407051934e+44   2.269922197545986e+44 
           57299.23  1707948270456584.0  1765129334198557.5  1824058244691872.0  16538.394674392857  17382.360845882133   18059.48720988575   1.654040257296931e+44   2.008363178178102e+44   2.269668231526866e+44 
 57301.400977443605  1788578790074749.0  1847598836862300.5  1908965257302365.5  16089.867331181682  16907.351026889723  17545.328018307584  1.6270566926502745e+44   1.967385737934822e+44  2.2140782107082123e+44 
           57303.17  1853780177008893.0  1914799171373652.0  1978041175887174.0   15737.60372365291   16521.84390567906   17140.56015964813  1.5982102448491923e+44  1.9313739215385626e+44  2.1668416500394672e+44 
           57304.21  1892111764227222.5  1954188840558575.0  2018363619799324.5  15536.449086726703  16300.709949359318  16908.987955794997  1.5805673113596689e+44   1.908602932733086e+44   2.137428875865086e+44 
 57304.252631578944  1893683048925845.0  1955799825745562.5  2020016513502091.0  15528.316494846003  16291.717757675964  16899.595293103182  1.5798283200062648e+44   1.907659720407612e+44  2.1362264057621096e+44 
  57307.10428571428  1999010796122110.2  2063559676170391.0  2130579651895297.5  14998.532664617123  15714.488453142116   16292.79449968898   1.527292875354044e+44  1.8414964572180433e+44  2.0523569524934487e+44 
       57308.420577  2047302244529897.0  2113300403948845.8  2181614345684005.2  14763.571203712356  15461.261779594834  16023.535259633596   1.502263785837048e+44   1.809608609514222e+44   2.013430057233103e+44 
       57308.434717  2047823406686859.0  2113834733924578.5  2182162575834860.8  14761.100003499863   15458.57336161067  16020.690218579171  1.5020009451131342e+44  1.8092640515598446e+44  2.0130141996189894e+44 
        57308.44882  2048343205123965.8  2114367665724355.0  2182709371437309.8  14758.635880818596  15455.891443850258   16017.85325123563   1.501738263682552e+44   1.808923991925782e+44   2.012598762060767e+44 
       57308.462948  2048863924993501.2  2114901542237712.0  2183257136329321.5   14756.16963853131  15453.204371532267  16015.011319008887  1.5014746359279117e+44   1.808586335800165e+44  2.0121820776266087e+44 
  57309.95593984962  2103891566628036.8  2170804594926835.8  2241142790288504.0   14498.89778804366  15171.307204350878  15716.083334302957   1.473363348018844e+44  1.7724949562795296e+44  1.9682351139209646e+44 
       57310.467882  2122760369693318.2  2189879486610156.5  2260921811811072.0   14411.17907942625  15075.496318129351    15613.5159385266  1.4632943813297233e+44   1.759846284422978e+44  1.9528116784496096e+44 
       57310.482023  2123281568707588.5  2190406378258146.0  2261460260918002.0  14408.765163015209   15072.85522040611  15610.677930652519  1.4630166510821337e+44  1.7594966540288807e+44    1.95238647446568e+44 
       57310.496134  2123801662003158.0  2190932152110567.5  2261997567710325.5  14406.355956483485  15070.219260689966  15607.845482019944  1.4627390305046679e+44   1.759147181909287e+44  1.9519616927484637e+44 
       57310.510263  2124322418729733.2  2191458596640112.5  2262535559891191.5  14403.943260917553  15067.579440612073  15605.008945392476  1.4624605760105768e+44  1.7587967161753349e+44   1.951535783872593e+44 
           57311.29  2153061415674927.8  2220511486318395.0  2292225729702569.0  14271.431055568595  14922.482833612612  15450.408686997329   1.446795057953443e+44  1.7388959242193987e+44   1.927088250624785e+44 
            57311.3  2153429988629025.0  2220884084895659.5  2292606501293724.5  14269.742512286675  14920.668426064203  15448.436449098359  1.4465956701266704e+44  1.7386350397460297e+44   1.926767230926776e+44 
  57312.80759398496  2208995825479132.2  2277466521232609.0  2350011397328792.0    14016.7574205791  14650.326219002478  15153.260189777064  1.4146208459845912e+44  1.6987500111910516e+44   1.877962862228134e+44 
           57315.21  2297565488860775.5  2368337376403679.0  2441488193404936.5  13623.308252947296  14224.295800833439  14697.357234088677  1.3621830969502078e+44  1.6331219806470563e+44  1.7985545100645267e+44 
   57315.6592481203  2313946799492522.0  2385330158065014.0  2458594285560382.0   13551.01639545599  14146.161878353938  14614.621907035638  1.3523331986665435e+44  1.6203239173585907e+44  1.7836060638877284e+44 
 57318.510902255635  2418113369388833.0  2492816594820645.0  2567177173791972.0    13096.4611359404  13659.083500282546  14098.198822847506  1.2878058613200634e+44  1.5365105603845224e+44  1.6868313332243763e+44 
           57319.13  2440969863077018.0  2516400750736371.0  2590750657107304.5  12999.636686047797  13555.533821275123  13988.453437297447  1.2737664656168513e+44    1.51852398244416e+44  1.6657201834490572e+44 
           57319.14  2441339053465789.5  2516781694717112.0  2591131428698460.0  12998.077396191227  13553.869120080824  13986.688356353632   1.273537899457821e+44  1.5182320812892273e+44  1.6653702810267975e+44 
  57321.36255639097  2523393699254043.5  2601331668319855.5  2675913287749854.5  12656.888813540445  13188.236863209824  13603.264590647008  1.2228892508778223e+44   1.453591545227119e+44  1.5884582115371427e+44 
  57324.21421052631  2628674029119253.5  2709738621818166.5  2785572561073048.5  12230.863650566735  12728.041946858151  13122.031232615696   1.155464753854099e+44  1.3680843488551893e+44  1.4917314656338602e+44 
           57325.11  2661745715517342.5  2743693271672755.0  2819267137048919.0  12100.157380565488   12586.04939073344  12973.521604770702  1.1342192663043591e+44  1.3422279105862145e+44  1.4612331093276148e+44 
  57327.06586466165  2733954358984463.5  2817018785889660.0  2895052838324868.5  11818.804456489252  12281.090671751863  12654.310238360255  1.0872453837756442e+44   1.284486201903367e+44  1.3966650769987806e+44 
           57329.17  2811637013327831.0  2895305954169717.5  2976763365950200.5  11521.070600169563   11961.40236387203  12315.649235188848  1.0373773503421335e+44  1.2231975708503496e+44  1.3277234077967593e+44 
           57329.18  2812006203716602.5  2895678017538785.0  2977151698992057.5  11519.671602300812  11959.900797776525  12314.060949748377  1.0371413399333673e+44   1.222904424581654e+44  1.3273968812299734e+44 
 57329.917518796996  2839234688849942.5  2923616736380794.0  3005791990772634.0   11416.70521119842  11849.464964163702  12197.298477446742  1.0197061206650191e+44   1.201374756567553e+44  1.3033091392715872e+44 
  57332.76917293233  2944092269150017.0  3030564056267752.0  3116252719501516.0  11024.447698889817  11425.257671836966  11751.629292632344   9.528189626799456e+43   1.118759540998546e+44   1.208459753467152e+44 
       57334.401586  3004007162036198.0  3091732851392405.0  3179270165559876.0  10803.114765964325   11187.95145090255  11503.078681731547     9.1481082123225e+43  1.0705325267056716e+44  1.1548171795090331e+44 
       57334.413966  3004461548483248.5  3092197632176985.0  3179748081350713.5  10801.459414732435  11186.164671396655  11501.230384882558   9.145231395035295e+43  1.0701731954704025e+44   1.154415758850972e+44 
       57334.426337  3004915604600783.0  3092662075075582.0  3180225649706690.5  10799.807460146336  11184.379764610807  11499.383583318948   9.142356069928798e+43  1.0698140951859255e+44  1.1540145599698866e+44 
        57334.43871  3005369734125143.0  3093126593060225.5  3180703295270694.5  10798.155150108054  11182.595507936843  11497.536611773094   9.139479563160795e+43   1.069454930392936e+44   1.153613226321962e+44 
  57335.62082706767  3048757292636516.0  3137762942647608.0  3226207075410895.5  10640.952924686404  11013.182121859603  11322.182143534088   8.866879745432794e+43    1.03593569981368e+44  1.1156835381586052e+44 
    57338.472481203  3153422316122481.0  3245167272618278.0  3335577347703105.5  10266.677211039028  10613.828015195842  10906.678178546568    8.22080595842868e+43   9.562170934273887e+43  1.0272511108387593e+44 
           57339.12  3177188371499194.5  3269555336259462.0  3360411813518818.0  10183.152796607452  10525.777334584443  10814.026064537502   8.076882838994807e+43   9.385450513957169e+43  1.0074524368283411e+44 
           57339.13  3177555404170283.0  3269931974956924.5  3360795346258219.0  10181.865313631766  10524.423540296993  10812.597938244004    8.07467738572268e+43   9.382733464004107e+43   1.007146572684188e+44 
  57341.32413533835  3258087339608980.5  3353041298105478.5  3444947619995874.5   9902.573832946022  10230.099118562113   10501.19998711646   7.589099860010617e+43   8.802155252795528e+43   9.416097454181878e+43 
  57344.17578947369  3362752363095212.0  3461305609858503.5  3554317892288364.0   9548.817892731899    9858.87839225954  10110.532199738784   6.976702976307582e+43   8.082299388557885e+43   8.605163627079774e+43 
           57345.23  3401445333651818.0  3501329179217775.0  3594750317415922.5   9419.561171464875   9724.713466802976    9969.07845641442    6.76448900997243e+43   7.826025550308876e+43   8.321292675951748e+43 
           57345.24  3401812366322907.0  3501708833644849.0  3595133850155324.5   9418.341801423501   9723.444834183418   9967.774087784981   6.762497429406388e+43   7.823615852536924e+43   8.318659026232206e+43 
 57347.027443609026  3467417386581444.5  3569569921611529.0  3663688164580853.5   9206.200667674833   9498.329672109438   9736.998608246307   6.412723390269824e+43   7.398540285857662e+43   7.857010335362646e+43 
 57349.879097744364  3571827322291879.0  3677834233364554.0  3773163168497310.5   8870.218371214916   9146.943276490249   9366.173524864005   5.877604718433508e+43   6.737719263321587e+43   7.172457955091209e+43 
   57352.7307518797  3675877556020001.5  3785861223088875.5  3883257173780042.0   8544.289619601997   8805.436360371019    9005.14617175068   5.365152855791456e+43   6.133689670236189e+43   6.533896842105566e+43 
           57355.21  3766339559525301.0  3879223154884579.5  3978973674694610.5    8270.70014556575    8519.52144493012   8705.448038448287   4.956326067656318e+43   5.643654077080481e+43   6.007703041209349e+43 
           57355.22  3766704436290894.5  3879599728455616.5  3979359745375275.5   8269.621498233968   8518.386865313714    8704.26785731797   4.954734474414047e+43   5.641728944441408e+43   6.005653169519724e+43 
  57355.58240601504  3779927789748123.0  3893246981177716.0  3993351179062772.5   8230.893472339865   8477.445309420931   8661.111349647888   4.897406354204015e+43   5.572236940513323e+43    5.93164411209503e+43 
  57358.43406015038  3883978023476245.5  4000632739266557.0  4103445184345504.0   7932.751546200534    8155.99891703868   8323.098626387498   4.464749144765266e+43   5.046456299260457e+43   5.365889230391596e+43 
  57361.28571428572  3988028257204367.0  4108018497355398.0  4213539189628234.5   7643.631151697367   7849.200336914395   7999.961731547603  4.0661740166254457e+43   4.555366799982382e+43   4.842658148685075e+43 
 57364.137368421056  4092078490932489.5  4215404255444239.0  4323633194910966.0   7358.258857581797   7549.161162882265   7701.660906209419  3.6914399997756027e+43   4.107794096547903e+43    4.35876716212427e+43 
           57365.11  4127567557389196.0  4252030990135452.5  4361183648475279.5   7263.402187821875   7449.844371776975   7600.146595654147  3.5679064902162505e+43  3.9664709375909745e+43  4.2022206873833454e+43 
           57365.12  4127932434154790.0  4252407563706490.0  4361569719155945.0    7262.43484450212   7448.836465117034   7599.107335680904  3.5666649809414604e+43   3.965041528914989e+43   4.200628158660506e+43 
 57366.989022556394  4196128724660611.5  4322790013533080.0  4433727200193696.5   7085.557980810584   7264.533716085822   7405.511582757458  3.3436989075947004e+43  3.6974266142586495e+43   3.917259816614498e+43 
  57369.84067669173  4300252379505486.5  4430175771621921.0  4543821205476428.0  6825.6232039587585   6991.444924531033    7119.69647260071   3.013990914271727e+43  3.3211318942254554e+43   3.508800669699218e+43 
            57372.1  4382857915949247.5  4515255916236712.0  4630987702334031.0    6626.87287059727   6779.269137783408   6903.574990244392  2.7748005028980615e+43  3.0542516594777965e+43    3.21392669142953e+43 
           57372.11  4383223536647083.5  4515632489807748.0  4631372548131846.0   6626.007145065661   6778.345587192663    6902.63820886108  2.7737983516297014e+43   3.053141680814806e+43   3.212685600616127e+43 
  57372.69233082707  4404514756979237.5  4537561529710762.0  4653783305300886.0   6575.784606163648   6724.813502164678   6848.352975388741  2.7160535417152006e+43   2.988957160069525e+43  3.1412407149566365e+43 
  57375.54398496241  4508777134452989.0  4644947287799602.0  4763528016359195.0   6330.395710266673   6469.478652130654   6588.111227605322  2.4504474305626843e+43   2.684807962719932e+43   2.821105093872039e+43 
  57378.39563909775  4613039511926740.0  4752333045888442.0  4873904270621059.0   6099.331489620783  6228.4569513422375   6339.507543689014   2.214246670098065e+43   2.409177907352138e+43  2.5384954016364346e+43 
 57381.247293233086  4717301889400491.0  4859718803977284.0  4984304492364859.0   5879.798424831729   5994.948841897208   6104.658323835416   1.992847755764564e+43  2.1649590040064264e+43   2.278584501542416e+43 
 57384.098947368424  4821564266874243.0  4967104562066124.0  5094704714108660.0    5667.97080309891  5778.2580712844265  5878.7365328569595  1.7928592325328878e+43  1.9459381926370493e+43   2.051144062869978e+43 
           57385.06  4856702340248415.0  5003306719664108.0  5131911338263524.0   5598.888998217294   5704.521432047789   5804.493816088673  1.7296702060470445e+43  1.8777577165828873e+43  1.9785049447535495e+43 
           57385.07  4857067960946251.0  5003684299836455.0  5132298482764668.0   5598.186842469199   5703.758305560827   5803.723902825237   1.729024002626913e+43  1.8770516699768718e+43   1.977762764264706e+43 
  57386.95060150376  4922569693774823.0  5074692083812790.0  5205104935852459.0   5463.625779766704   5564.696852849552   5661.870930124292  1.6115999913682303e+43  1.7492298105680818e+43   1.840577921990965e+43 
           57389.11  4969797079997449.0  5140671541672214.0  5288704861195318.0     5321.4550874848   5426.449004299871   5519.253026702377  1.4901503473673227e+43  1.6167558872306951e+43   1.701428030777335e+43 
           57389.12  4970160487593484.0  5141047038659491.0  5289092005696463.0   5320.782245280754   5425.756089823079   5518.530798693014  1.4896290466921747e+43  1.6161371466940365e+43  1.7008056783982833e+43 
   57389.8022556391  4987935076088771.0  5166665532357663.0  5315505157596260.0   5275.461619166244   5383.841212055643  5473.7514631476615    1.45427813607499e+43  1.5748653015750817e+43  1.6588887844979444e+43 
  57392.65390977444  4919205977450286.0  5189261587053754.0  5398674367074811.0   5102.823416837328   5234.442717299709   5357.122406414298  1.3103368895884676e+43  1.4172708649675754e+43  1.5006986631169448e+43 
  57395.50556390978  4694471714214551.0  5131184700419894.0  5482862092882625.0   4956.430703404225   5109.234432399115   5353.238764881164   1.184265505690068e+43  1.2767938949155824e+43  1.3577502835457405e+43 
            57396.1  4641900545143522.0  5132218728578782.0  5472237182247046.0   4928.801286443207   5096.139837312276   5353.238764881164   1.159747047495119e+43  1.2507337947251321e+43  1.3297203144890744e+43 
 57398.357218045116  4450072313779866.0  4956458268508770.0  5493614626079422.0   4844.019752975579   5064.763159494979   5353.238764881164  1.0747534095048876e+43  1.1546438941302772e+43  1.2298343000848578e+43 
 57401.208872180454  4224818492976700.5  4715437083473678.0  5450760769508521.0   4741.665142118519   5064.763159494979   5353.238764881164   9.743718724311138e+42  1.0449693015493983e+43  1.1163866753291887e+43 
            57403.1  4084272189456654.0  4556329953278614.0  5402241018119575.0   4699.842281924741   5064.763159494979   5353.238764881164   9.120788309749255e+42   9.788733556187807e+42   1.046540881258103e+43 
  57404.06052631579  4016334201637306.5  4477878123605885.5  5343973988591118.0   4662.327502729345   5064.763159494979   5353.238764881164   8.829119377031794e+42   9.462048921097719e+42   1.013340018132295e+43 
  57406.91218045113  3823970120229094.5  4255457848813741.0  5097688078721350.0   4629.341010721259   5064.763159494979   5353.238764881164   7.992352885423806e+42   8.588417230367545e+42    9.20759495483382e+42 
  57409.76383458647  3636543020051639.5  4059694260416641.0  4866078315129058.0   4629.341010721259   5064.763159494979   5353.238764881164   7.248729262222538e+42   7.813069977014246e+42   8.396766648131697e+42 
  57412.61548872181  3464862670276992.5  3870944643260157.0  4657232690753665.0   4629.341010721259   5064.763159494979   5353.238764881164   6.612293206768932e+42   7.127847455519275e+42   7.682828893304401e+42 
 57415.467142857146  3309976479153808.5  3695058913533385.0  4472176860217992.0   4629.341010721259   5064.763159494979   5353.238764881164   6.063326321766882e+42   6.512150339261072e+42   7.060988595795701e+42 
 57418.318796992484  3171506203922830.0  3531235764057589.5  4304932142321605.5   4629.341010721259   5064.763159494979   5353.238764881164  5.5417734730971887e+42   5.942291000232827e+42   6.480799997499564e+42 
  57421.17045112782  3036996514155429.0  3382192827437145.0  4148488838250585.0   4629.341010721259   5064.763159494979   5353.238764881164  5.0827603214851895e+42  5.4533666637120565e+42   5.956581664588679e+42 
  57424.02210526316  2901480311995655.0  3245594571841012.0  4001610261035249.0   4629.341010721259   5064.763159494979   5353.238764881164  4.6701980334351196e+42   5.019646818525951e+42   5.502554916086309e+42 
   57426.8737593985  2775866636738687.0  3118032196087442.0  3856528367640305.0   4629.341010721259   5064.763159494979   5353.238764881164   4.295168443811844e+42   4.635224797701989e+42   5.094961324167409e+42 
  57429.72541353384  2659147635920528.0  2998049348757146.0  3717472446609759.5   4629.341010721259   5064.763159494979   5353.238764881164  3.9591705093613233e+42  4.2877492142528304e+42  4.7275264829359747e+42 
 57432.577067669175  2552724026341450.5  2880008914944737.0  3585732219424264.5   4629.341010721259   5064.763159494979   5353.238764881164   3.644943093379156e+42  3.9737584209224643e+42   4.404928995408694e+42 
 57435.428721804514  2453524432069779.0  2769996736424450.0  3462229594568597.5   4629.341010721259   5064.763159494979   5353.238764881164   3.371917139908062e+42    3.68732863613187e+42   4.106430775390527e+42 
  57438.28037593985  2361651865827505.5  2670014678811528.0  3346234056478903.0   4629.341010721259   5064.763159494979   5353.238764881164  3.1257806621066934e+42   3.430622082306834e+42  3.8312683100067136e+42 
  57441.13203007519  2276124002453776.0  2582122019221124.0  3237188148374086.5   4629.341010721259   5064.763159494979   5353.238764881164   2.908640902329068e+42   3.214963103181979e+42    3.58548436936792e+42 
  57443.98368421053  2196090121641257.0  2497001973801685.5  3134453738982839.5   4629.341010721259   5064.763159494979   5353.238764881164   2.711846652817064e+42   3.008449882179997e+42   3.361985970466062e+42 
  57446.83533834587  2121058840802110.8  2414652017526560.0  3037512949844434.5   4629.341010721259   5064.763159494979   5353.238764881164  2.5312714597744798e+42   2.822477000088255e+42  3.1687868330474584e+42 
 57449.686992481205  2051206445113652.8  2335164524584476.0  2945889571847171.5   4629.341010721259   5064.763159494979   5353.238764881164  2.3651078007003573e+42  2.6487294298120186e+42  2.9779098559871025e+42 
 57452.538646616544  1985782304946652.2  2263947729662651.0  2859130704092887.0   4629.341010721259   5064.763159494979   5353.238764881164  2.2138724269986358e+42  2.4876743955930434e+42   2.808143101778544e+42 
  57455.39030075188  1924127870462820.5  2195490398605142.0  2776837153686463.5   4629.341010721259   5064.763159494979   5353.238764881164  2.0765930493140974e+42  2.3449790043959073e+42   2.651283847658972e+42 
  57458.24195488722  1867050000450676.0  2130015968674537.0  2698667824009928.5   4629.341010721259   5064.763159494979   5353.238764881164   1.950339815609053e+42  2.2147053825624893e+42  2.5061668641987726e+42 
  57461.09360902256  1813719084008523.5  2069373051374597.5  2624822418493324.0   4629.341010721259   5064.763159494979   5353.238764881164   1.833980527635944e+42   2.094036868787752e+42   2.370398917167613e+42 
   57463.9452631579  1763228735205063.5  2012426704313135.0  2556581493967896.5   4629.341010721259   5064.763159494979   5353.238764881164  1.7273014450497673e+42  1.9808222697794284e+42   2.244131475843019e+42 
 57466.796917293235  1715742196287979.2  1956398544902966.0  2491249630262825.5   4629.341010721259   5064.763159494979   5353.238764881164  1.6292109552553777e+42  1.8742279657585858e+42  2.1260272488519786e+42 
  57469.64857142857  1670418254041271.5  1903140914431533.0  2428608324202827.0   4629.341010721259   5064.763159494979   5353.238764881164   1.538801243889443e+42   1.774582294776302e+42  2.0179180602502273e+42 
  57472.50022556391  1627103449490798.8  1852383755513726.5  2368488250579076.0   4629.341010721259   5064.763159494979   5353.238764881164  1.4562475187468258e+42   1.683278813951277e+42  1.9170253389400273e+42 
  57475.35187969925  1583778240885261.2  1803935597472629.0  2310723357026076.5   4629.341010721259   5064.763159494979   5353.238764881164  1.3798059788228623e+42  1.5983671462498483e+42  1.8224947472772585e+42 
  57478.20353383459  1542438293660319.2  1757626774218490.8  2255164747612491.0   4629.341010721259   5064.763159494979   5353.238764881164  1.3087767294871689e+42   1.519101831697616e+42  1.7347667774331546e+42 
  57481.05518796993  1502940031597213.5  1712890026328153.2  2201677789014832.0   4629.341010721259   5064.763159494979   5353.238764881164  1.2426273777575646e+42  1.4449776881485905e+42  1.6517080709064843e+42 
 57483.906842105265  1465152734547798.8  1670528476740557.0  2150150232557597.0   4629.341010721259   5064.763159494979   5353.238764881164   1.180926185972316e+42  1.3757143770617449e+42  1.5737283962715503e+42 
   57486.7584962406  1428944808387071.2  1630061871801931.5  2100430862088783.8   4629.341010721259   5064.763159494979   5353.238764881164  1.1236111037504703e+42  1.3111879719169815e+42  1.5009380160828397e+42 
  57489.61015037594  1394203184573497.2  1591134114894442.5  2052024429224677.5   4629.341010721259   5064.763159494979   5353.238764881164   1.070076328546537e+42   1.250189562117848e+42  1.4334672458615248e+42 
  57492.46180451128  1360856263764538.2  1553678277336687.0  2005313930654948.8   4629.341010721259   5064.763159494979   5353.238764881164  1.0198652599108559e+42  1.1928396679136701e+42  1.3698117792801524e+42 
  57495.31345864662  1328802707558818.5  1517599337096190.5  1960206546131311.2   4629.341010721259   5064.763159494979   5353.238764881164   9.726994294690446e+41  1.1388443334595256e+42  1.3096947725088414e+42 
  57498.16511278196  1297967078997632.5  1482817272955680.5  1916622594067708.0   4629.341010721259   5064.763159494979   5353.238764881164   9.283358169828998e+41  1.0879512717298991e+42  1.2528708968677317e+42 
 57501.016766917295  1268521760765313.0  1449260889770569.0  1874486807680204.8   4629.341010721259   5064.763159494979   5353.238764881164   8.865532612831301e+41  1.0399288684202052e+42  1.1991177898204294e+42 
  57503.86842105263  1240333976141190.8  1416866497425945.5  1833730428815487.8   4629.341010721259   5064.763159494979   5353.238764881164   8.467805108790239e+41   9.945768179334916e+41  1.1482354678765018e+42 
  57506.72007518797  1213104050265457.5  1385501326119936.5  1794288919091182.5   4629.341010721259   5064.763159494979   5353.238764881164   8.089881441529696e+41   9.517104386288973e+41  1.1000365341537408e+42 
  57509.57172932331  1186786206527637.0  1355216507988512.5  1756107540896210.2   4629.341010721259   5064.763159494979   5353.238764881164   7.733565649582958e+41   9.111646642817603e+41  1.0541555196071349e+42 
  57512.42338345865  1161331449972047.0  1325956811028311.5  1719126538390018.5   4629.341010721259   5064.763159494979   5353.238764881164   7.397210680030448e+41   8.727775302175686e+41  1.0105134209865313e+42 
  57515.27503759399  1136702618904694.5  1297680580894101.2  1683295655315586.5   4629.341010721259   5064.763159494979   5353.238764881164   7.079519142923492e+41   8.364112089521421e+41   9.691087205252876e+41 
 57518.126691729325  1112861082982620.1  1270332187149927.0  1648566294361832.8   4629.341010721259   5064.763159494979   5353.238764881164   6.779099039516166e+41   8.019347200920532e+41   9.298051642913867e+41 
  57520.97834586466  1089772474225636.6  1243868858402717.5  1614892582637323.0   4629.341010721259   5064.763159494979   5353.238764881164   6.494800763049681e+41   7.692312012502918e+41   8.924719614409586e+41 
           57523.83  1067401753293854.0  1218243378762280.5  1582230982833856.0   4629.341010721259   5064.763159494979   5353.238764881164   6.225510196585401e+41   7.381868647952514e+41   8.566366407157198e+41 
  57526.68165413534  1045721053482566.6  1193424718492550.0  1550541544317338.0   4629.341010721259   5064.763159494979   5353.238764881164   5.970303182908032e+41   7.087031352958207e+41   8.225451724210057e+41 
  57529.53330827068  1024697877062903.6  1169371649072700.0  1519784190312349.8   4629.341010721259   5064.763159494979   5353.238764881164   5.728213734505296e+41   6.806813923647556e+41   7.901264721323671e+41 
  57532.38496240602  1004305269016509.2  1146049202337491.5  1489921227048496.5   4629.341010721259   5064.763159494979   5353.238764881164   5.498413544253377e+41   6.540347383634769e+41    7.59281274267628e+41 
 57535.236616541355   984518430553845.5  1123427500123833.5  1460918519673994.5   4629.341010721259   5064.763159494979   5353.238764881164   5.280151844122737e+41   6.286581807518359e+41   7.299188196745806e+41 
  57538.08827067669   965311940695038.4  1101477907614205.2  1432743960674533.0   4629.341010721259   5064.763159494979   5353.238764881164   5.072717084019462e+41   6.044039818083253e+41    7.01955428893709e+41 
  57540.93992481203   946663236857284.8  1080172424622355.5  1405362066848916.8   4629.341010721259   5064.763159494979   5353.238764881164  4.8754625840085355e+41   5.813111290592541e+41     6.7531006085603e+41 
  57543.79157894737   928548782687592.1  1059483262868712.8  1378747588153076.0   4629.341010721259   5064.763159494979   5353.238764881164   4.687755029427511e+41  5.5931254033334356e+41   6.499064325417869e+41 
  57546.64323308271   910951870054196.1  1039387930610403.8  1352872963914438.5   4629.341010721259   5064.763159494979   5353.238764881164   4.509064831872785e+41    5.38346749208796e+41  6.2568303767748405e+41 
  57549.49488721805   893850290590426.8  1019860683667546.5  1327708116297250.0   4629.341010721259   5064.763159494979   5353.238764881164   4.338840048074549e+41   5.183545398321782e+41  6.0252001169762156e+41 
 57552.346541353385   877223804670665.4  1000879055923176.2  1303226262621875.0   4629.341010721259   5064.763159494979   5353.238764881164   4.176598920164678e+41   4.992812461507028e+41  5.8039392542495475e+41 
  57555.19819548872   861056085997261.0   982424297855841.8  1279403923197321.2   4629.341010721259   5064.763159494979   5353.238764881164  4.0218981392960774e+41   4.810767777300976e+41   5.592677064184434e+41 
  57558.04984962406   845329734660804.8   964476326991789.6  1256217186063727.2   4629.341010721259   5064.763159494979   5353.238764881164   3.874316894357438e+41   4.636939958628905e+41   5.390864985033243e+41 
   57560.9015037594   830028970062008.5   947016249296241.8  1233643681422088.2   4629.341010721259   5064.763159494979   5353.238764881164   3.733461849609797e+41    4.47088951977111e+41  5.1980029385861784e+41 
  57563.75315789474   815138933893317.6   930026089433952.0  1211661946817865.0   4629.341010721259   5064.763159494979   5353.238764881164    3.59896139115211e+41   4.312199386631234e+41   5.013260360768372e+41 
  57566.60481203008   800644070857051.8   913487745836848.2  1190252027940352.0   4629.341010721259   5064.763159494979   5353.238764881164  3.4709045030508532e+41   4.160479055511779e+41    4.83624706373717e+41 
 57569.456466165415   786530576855146.6   897387158100606.1  1169393871448129.0   4629.341010721259   5064.763159494979   5353.238764881164  3.3485879721824717e+41   4.015362139594393e+41   4.666915043006936e+41 
  57572.30812030075   772785750607658.0   881707861025627.8  1149068972891582.8   4629.341010721259   5064.763159494979   5353.238764881164  3.2316183962523563e+41   3.876511296135641e+41  4.5048756280793596e+41 
  57575.15977443609   759396471784395.5   866435268119460.2  1129259035216269.2   4629.341010721259   5064.763159494979   5353.238764881164   3.119713226986413e+41   3.743602932207651e+41   4.349747107584051e+41 
  57578.01142857143   746350535794390.0   851554484634212.2  1109947547080285.5   4629.341010721259   5064.763159494979   5353.238764881164    3.01261133664518e+41   3.616332963991775e+41   4.201187335737846e+41 
  57580.86308270677   733636344922135.5   837052880122015.2  1091117420966369.1   4629.341010721259   5064.763159494979   5353.238764881164   2.910069104428394e+41    3.49441599249885e+41  4.0588637036537626e+41 
  57583.71473684211   721242617202302.9   822917598140579.4  1072753762788468.4   4629.341010721259   5064.763159494979   5353.238764881164  2.8118525387799008e+41  3.3775839609853253e+41  3.9224610520978815e+41 
 57586.566390977445   709158713627254.1   809136131414333.0  1054840786885607.2   4629.341010721259   5064.763159494979   5353.238764881164   2.717741527389769e+41   3.265585157804911e+41   3.791428950440244e+41 
  57589.41804511278   697374209826390.4   795696391792065.6  1037363773900095.1   4629.341010721259   5064.763159494979   5353.238764881164  2.6275328101463758e+41  3.1587855942305783e+41  3.6657731150350035e+41 
  57592.26969924812   685879455188548.8   782587054697676.5  1020308768242677.1   4629.341010721259   5064.763159494979   5353.238764881164   2.541033038082484e+41  3.0564116617459135e+41  3.5452318354929464e+41 
  57595.12135338346   674664931041707.9   769797808579375.4  1003663046772743.1   4629.341010721259   5064.763159494979   5353.238764881164  2.4580611716684553e+41   2.958139401673742e+41  3.4295629938522235e+41 
   57597.9730075188   663721612396116.0   757318150210689.8   987413253666592.2   4629.341010721259   5064.763159494979   5353.238764881164  2.3785727227545312e+41   2.863771109353681e+41  3.3185302543007564e+41 
  57600.82466165414   653040739163107.4   745138233823172.0   971546919933790.6   4629.341010721259   5064.763159494979   5353.238764881164     2.3023081594898e+41    2.77312272418904e+41  3.2119125770008665e+41 
 57603.676315789475   642614226551281.1   733248286672168.6   956052484455205.6   4629.341010721259   5064.763159494979   5353.238764881164  2.2290709394077297e+41  2.6860212267917766e+41  3.1095037709586614e+41 
  57606.52796992481   632433296900717.5   721638089442302.8   940916327015839.0   4629.341010721259   5064.763159494979   5353.238764881164  2.1587119992988567e+41   2.602295766542175e+41   3.011102711642821e+41 
  57609.37962406015   622491431056138.5   710300856974496.8   926132266371261.8   4629.341010721259   5064.763159494979   5353.238764881164  2.0911059833727277e+41  2.5217991210974945e+41  2.9165259151697252e+41 
  57612.23127819549   612729783061781.4   699226869223207.6   911686636757967.0   4629.341010721259   5064.763159494979   5353.238764881164   2.026120772682838e+41   2.444383795723896e+41  2.8256072077656517e+41 
  57615.08293233083   603161477973709.9   688408233617171.2   897569648681145.6   4629.341010721259   5064.763159494979   5353.238764881164   1.963635198542614e+41  2.3699050348631438e+41  2.7381699013943304e+41 
  57617.93458646617   593814776891164.8   677837507614771.5   883770911802970.0   4629.341010721259   5064.763159494979   5353.238764881164  1.9035362455841548e+41   2.298229402836345e+41  2.6540535869553264e+41 
 57620.786240601505   584682887171015.6   667506846804590.5   870281575807284.8   4629.341010721259   5064.763159494979   5353.238764881164   1.845712833847888e+41  2.2292219759803508e+41  2.5731128511965426e+41 
  57623.63789473684   575759341409549.5   657409149418369.6   857092549099402.4   4629.341010721259   5064.763159494979   5353.238764881164  1.7900639489383444e+41  2.1627323976724244e+41   2.495204444301968e+41 
  57626.48954887218   567037785032187.6   647537380677028.8   844195062598260.0   4629.341010721259   5064.763159494979   5353.238764881164  1.7364912773047842e+41   2.098694590789139e+41   2.420194013372152e+41 
  57629.34120300752  558512083324077.44   637884672109854.1   831580529657118.9   4629.341010721259   5064.763159494979   5353.238764881164  1.6849698751561287e+41   2.037001451729845e+41  2.3479553882838132e+41 
  57632.19285714286   550176462292503.9   628445170647655.1   819241096544613.6   4629.341010721259   5064.763159494979   5353.238764881164  1.6354451772790185e+41   1.977549903479603e+41   2.278366460535964e+41 
 57635.044511278196   542025586540399.5   619212305451204.2   807168828390661.4   4629.341010721259   5064.763159494979   5353.238764881164  1.5877215042064497e+41  1.9202432478906503e+41   2.211311941944757e+41 
 57637.896165413535   534053780725938.6   610180434696740.5   795356071926804.9   4629.341010721259   5064.763159494979   5353.238764881164  1.5417217338375672e+41  1.8649902823602835e+41   2.146683366675602e+41 
  57640.74781954887  526255878257355.25   601343379257737.2   783795612200552.2   4629.341010721259   5064.763159494979   5353.238764881164  1.4973710371277306e+41   1.811703214980642e+41  2.0843761433029817e+41 
  57643.59947368421  518626776976456.94   592695691232218.2   772480509477154.1   4629.341010721259   5064.763159494979   5353.238764881164  1.4545993914316106e+41   1.760299293996761e+41  2.0242925778774184e+41 
  57646.45112781955  511161743155298.94   584231967865010.5   761403874325415.9   4629.341010721259   5064.763159494979   5353.238764881164  1.4133395293930402e+41  1.7106996214420251e+41  1.9672222663653266e+41 
  57649.30278195489   503856172308915.8   575947159474715.0   750559179305603.2   4629.341010721259   5064.763159494979   5353.238764881164   1.373528215928985e+41  1.6628285049031652e+41   1.912479213122731e+41 
 57652.154436090226   496705476518773.4   567836399652227.8   739940309438650.5   4629.341010721259   5064.763159494979   5353.238764881164   1.335104732272979e+41  1.6166146568748286e+41   1.859617565560559e+41 
 57655.006090225565   489705325016711.4   559894650424564.6   729540856030164.6   4629.341010721259   5064.763159494979   5353.238764881164  1.2980119840178346e+41  1.5719893600051637e+41   1.808560837216784e+41 
   57657.8577443609   482851639564035.6   552117240725503.0   719354907578375.1   4629.341010721259   5064.763159494979   5353.238764881164    1.26219463628938e+41  1.5288881514108014e+41  1.7592352299354867e+41 
  57660.70939849624  476150461351966.06   544499681036376.5   709376738006649.2   4629.341010721259   5064.763159494979   5353.238764881164  1.2276006064505137e+41  1.4870983181990961e+41   1.711571222302851e+41 
  57663.56105263158  469587228449454.06   537037708247146.3   699600892758235.8   4629.341010721259   5064.763159494979   5353.238764881164   1.194210804271839e+41  1.4466854649570668e+41  1.6655023067440316e+41 
  57666.41270676692  463158144093956.94  529727165024607.25   690022133807444.0   4629.341010721259   5064.763159494979   5353.238764881164   1.161978139636178e+41   1.407630864125715e+41  1.6209654921459788e+41 
 57669.264360902256   456859604007808.7  522563962932234.25   680635097605828.4   4629.341010721259   5064.763159494979   5353.238764881164  1.1308224662241244e+41  1.3698800890787484e+41  1.5778999881185107e+41 
 57672.116015037594  450688070867762.44   515544208092102.8   671434792319223.5   4629.341010721259   5064.763159494979   5353.238764881164    1.10070067697962e+41    1.33338168925995e+41  1.5360957653738935e+41 
  57674.96766917293  444640158452158.75  508664049160026.44   662416436808131.2   4629.341010721259   5064.763159494979   5353.238764881164  1.0715723364447974e+41  1.2980860523777227e+41  1.4954633510794142e+41 
  57677.81932330827  438712563805002.94   501919797112285.1   653575318975847.9   4629.341010721259   5064.763159494979   5353.238764881164  1.0433981927837838e+41  1.2639464315841456e+41  1.4561566089534843e+41 
  57680.67097744361   432902122816959.3   495307913608165.5   644906835017882.0   4629.341010721259   5064.763159494979   5353.238764881164  1.0161409585236227e+41  1.2309174551282603e+41  1.4181240863311024e+41 
  57683.52263157895  427205777148027.94   488824976674293.1   636406620518715.1   4629.341010721259   5064.763159494979   5353.238764881164   9.897651163368983e+40  1.1989562701759858e+41  1.3813169603712784e+41 
 57686.374285714286   421620526283100.9   482466951785818.3   628069027377882.9   4629.341010721259   5064.763159494979   5353.238764881164   9.642362586259158e+40  1.1680201111741538e+41   1.345682458873052e+41 
 57689.225939849624  416154094042599.25  476232344453792.75   619893339597493.5   4629.341010721259   5064.763159494979   5353.238764881164   9.395231925248618e+40   1.138074041354328e+41  1.3111903045761245e+41 
  57692.07759398496  410744617639841.44   470116931863297.5   611873238454862.9   4629.341010721259   5064.763159494979   5353.238764881164   9.155943763461308e+40  1.1090713942250625e+41  1.2777880913302468e+41 
   57694.9292481203  405400228414818.56   464117874521953.0   604005035003317.9   4629.341010721259   5064.763159494979   5353.238764881164   8.924200681982135e+40  1.0808511456015105e+41  1.2455723232176536e+41 
  57697.78090225564   400226500422855.8   458232332536350.5   596284935673152.2   4629.341010721259   5064.763159494979   5353.238764881164   8.699723584918653e+40  1.0535207175167365e+41  1.2148145527936522e+41 
  57700.63255639098   395150761337260.9   452457175851493.6   588709397744839.9   4629.341010721259   5064.763159494979   5353.238764881164   8.482238446829744e+40  1.0270458970774596e+41  1.1847849970958366e+41 
 57703.484210526316  390177595117447.25  446789878523157.25   581274964188136.0   4629.341010721259   5064.763159494979   5353.238764881164   8.271486825833998e+40   1.001395288704459e+41  1.1556452906841259e+41 
 57706.335864661654   385303404054009.0  441227739991325.94   573978176549544.4   4629.341010721259   5064.763159494979   5353.238764881164   8.067220428699353e+40    9.76538242597336e+40  1.1273928804583837e+41 
  57709.18751879699   380519579634341.0  435768166779367.25   566815649938664.2   4629.341010721259   5064.763159494979   5353.238764881164   7.869201578645645e+40   9.524453525064487e+40  1.0999955273654086e+41 
  57712.03917293233  375824014559165.25   430408865029880.1  559784251228795.56   4629.341010721259   5064.763159494979   5353.238764881164   7.677204266953101e+40   9.290891965156107e+40  1.0734235129949713e+41 
  57714.89082706767   371214480690161.9   425147220034847.0  552880817420683.94   4629.341010721259   5064.763159494979   5353.238764881164   7.491010841991421e+40   9.064426308748749e+40  1.0476463632744624e+41 
  57717.74248120301   366688901288932.0   419958863146663.1   546102305409078.0   4629.341010721259   5064.763159494979   5353.238764881164   7.310412730766396e+40   8.843788100516087e+40  1.0226360970269262e+41 
 57720.594135338346  362245279697909.06  414859374311983.75   539445783213387.4   4629.341010721259   5064.763159494979   5353.238764881164    7.13521107880465e+40   8.628154562197308e+40    9.98365294743296e+40 
 57723.445789473684   357881643623984.3  409851548800284.94  532908402621644.25   4629.341010721259   5064.763159494979   5353.238764881164   6.965212612934448e+40   8.419006181404322e+40   9.748082690876578e+40 
  57726.29744360902  353596071514103.44  404933166455508.56   526487374432082.2   4629.341010721259   5064.763159494979   5353.238764881164   6.800232569556791e+40   8.216111262634983e+40   9.519398627916601e+40 
  57729.14909774436   349386751448390.7   400102131648685.1   520179994798692.2   4629.341010721259   5064.763159494979   5353.238764881164   6.640094866575059e+40   8.019246746470787e+40   9.297363608205836e+40 
   57732.0007518797   345251875679306.6  395356435787303.75   513983684524926.4   4629.341010721259   5064.763159494979   5353.238764881164   6.484630547884022e+40   7.828200537991415e+40   9.080611025621067e+40 
  57734.85240601504  341189703183335.75   390694089575453.0  507895897848102.94   4629.341010721259   5064.763159494979   5353.238764881164   6.333677948437343e+40   7.642769207920322e+40   8.869789687227067e+40 
 57737.704060150376  337198570712538.25   386113175606933.6   501914106380079.4   4629.341010721259   5064.763159494979   5353.238764881164   6.187082513427877e+40   7.462757500436926e+40   8.665025207931386e+40 
 57740.555714285714  333276802842348.94  381611818889526.56   496035906487042.9   4629.341010721259   5064.763159494979   5353.238764881164   6.044693036935686e+40   7.287979441206982e+40   8.466111076182864e+40 
  57743.40736842105   329422820532816.5   377188177660648.2   490258957451478.2   4629.341010721259   5064.763159494979   5353.238764881164   5.906365999115353e+40   7.118254494124201e+40   8.272848692857262e+40 
  57746.25902255639  325635072964096.94   372857596573583.0   484580988953467.6   4629.341010721259   5064.763159494979   5353.238764881164   5.771962969294982e+40   6.953408650371454e+40   8.081734950544665e+40 
  57749.11067669173   321912055508047.9   368611064333657.5  478999827744122.56   4629.341010721259   5064.763159494979   5353.238764881164   5.641351433315846e+40   6.793276244879862e+40   7.893546329491612e+40 
  57751.96233082707  318252312667234.06   364436329490249.0  473513314594652.06   4629.341010721259   5064.763159494979   5353.238764881164   5.514404526361408e+40   6.637697241774411e+40    7.70839954061237e+40 
 57754.813984962406  314654420294861.25   360331814658627.4  468119321827580.06   4629.341010721259   5064.763159494979   5353.238764881164   5.390999757251873e+40   6.486518395894205e+40   7.527513635534534e+40 
 57757.665639097744  311116989284441.44   356295947343988.1   462815820326149.0   4629.341010721259   5064.763159494979   5353.238764881164   5.271019446469722e+40   6.339592524696036e+40     7.3518115768149e+40 
  57760.51729323308  307638698078201.94   352327210192636.3   457600850440803.9   4629.341010721259   5064.763159494979   5353.238764881164   5.154215678942858e+40   6.196777550185218e+40   7.177165521856632e+40 
  57763.36894736842   304218219246909.4   348424123915155.7   452472471536303.6   4629.341010721259   5064.763159494979   5353.238764881164   5.040260586694067e+40   6.057937664761846e+40    7.00747910671096e+40 
  57766.22060150376   300854286066846.5  344558770492241.75   447428802721968.0   4629.341010721259   5064.763159494979   5353.238764881164   4.929431241079919e+40   5.922942228559275e+40   6.842657267608724e+40 
   57769.0722556391  297545663440796.75  340642890295949.75  442468012414388.56   4629.341010721259   5064.763159494979   5353.238764881164   4.821625601517645e+40   5.791664404181997e+40   6.682538729595417e+40 
 57771.923909774436   294296948844687.3   336850447860687.0   437588329226516.7   4629.341010721259   5064.763159494979   5353.238764881164   4.716745380962675e+40   5.664350322558846e+40   6.528034618629696e+40 
 57774.775563909774   291106811568882.3  333183232158904.75  432788030894455.56   4629.341010721259   5064.763159494979   5353.238764881164   4.614696061624937e+40   5.539454155870693e+40   6.382380071947445e+40 
  57777.62721804511  287968096714500.75  329570930390618.44   428065442601246.1   4629.341010721259   5064.763159494979   5353.238764881164   4.515386666527429e+40   5.417955357040628e+40   6.240717066738679e+40 
  57780.47887218045  284879709614364.75   326013552326437.9   423418901930576.3   4629.341010721259   5064.763159494979   5353.238764881164   4.418729814439496e+40   5.299744573103121e+40   6.101436909968249e+40 
  57783.33052631579   281840584400523.2   322513152876124.1   418846702915271.4   4629.341010721259   5064.763159494979   5353.238764881164   4.324641019662865e+40   5.184716661127729e+40   5.965647126608332e+40 
  57786.18218045113   278849530505791.2   319068256643581.1   414347392264547.0   4629.341010721259   5064.763159494979   5353.238764881164  4.2330351897000328e+40   5.072765318697168e+40   5.839545052165678e+40 
 57789.033834586466  275905911084757.28   315678336493541.0   409919667903744.7   4629.341010721259   5064.763159494979   5353.238764881164  4.1438429468188123e+40   4.963805333921746e+40   5.716751394150366e+40 
 57791.885488721804  273008508919953.53   312333084003763.1  405561818622650.06   4629.341010721259   5064.763159494979   5353.238764881164  4.0569835236714216e+40   4.857734818950096e+40   5.597159926119235e+40 
  57794.73714285714  270156331780726.75   309033097042150.6   401272385493375.1   4629.341010721259   5064.763159494979   5353.238764881164   3.972383355795613e+40   4.754462399676891e+40   5.480671062175253e+40 
  57797.58879699248  267348507590836.06   305784814191353.2   397050003063587.6   4629.341010721259   5064.763159494979   5353.238764881164   3.889973717742264e+40   4.653902545845342e+40   5.367189484405078e+40 
  57800.44045112782   264584090227827.8   302596193588670.3   392893298552894.4   4629.341010721259   5064.763159494979   5353.238764881164  3.8096865499623547e+40   4.555969988814295e+40   5.256522565551655e+40 
  57803.29210526316  261862204943343.84   299465362351851.0   388800942791156.3   4629.341010721259   5064.763159494979   5353.238764881164  3.7314569166883334e+40   4.460583900282449e+40   5.148258396785835e+40 
 57806.143759398496  259181998917189.56   296382623837833.9   384771637226855.9   4629.341010721259   5064.763159494979   5353.238764881164   3.655222518666786e+40   4.367666289289745e+40    5.04275818039047e+40 
 57808.995413533834   256542611939814.7   293346994141385.6   380804107597418.3   4629.341010721259   5064.763159494979   5353.238764881164  3.5809221700950106e+40  4.2771411586463105e+40   4.939937904840041e+40 
  57811.84706766917  253943234962710.34   290357534730093.1   376897119349703.2   4629.341010721259   5064.763159494979   5353.238764881164  3.5084975189227895e+40   4.188935944036276e+40   4.839716808560193e+40 
  57814.69872180451  251383073781407.38   287413323659555.4  373049469460587.75   4629.341010721259   5064.763159494979   5353.238764881164   3.437892084075468e+40    4.10358966859397e+40   4.742016821260542e+40 
  57817.55037593985   248861338740479.4   284513457536983.5   369259977238391.6   4629.341010721259   5064.763159494979   5353.238764881164   3.369051529518276e+40   4.021665993854085e+40   4.646762602150842e+40 
  57820.40203007519   246377268456099.1   281657058222650.4  365527496950267.25   4629.341010721259   5064.763159494979   5353.238764881164  3.3019231135354057e+40  3.9417736965688553e+40  4.5538815422528775e+40 
 57823.253684210526   243930115620081.4   278843271935093.4   361850906597547.6   4629.341010721259   5064.763159494979   5353.238764881164    3.23645611978555e+40   3.863852755228571e+40    4.46330311818854e+40 
 57826.105338345864  241519152380297.97   276071265353373.6  358229110945360.94   4629.341010721259   5064.763159494979   5353.238764881164  3.1726018569277745e+40  3.7878454250586795e+40   4.374959454751249e+40 
   57828.9569924812  239143671749686.88  273340215840066.94   354661045301771.0   4629.341010721259   5064.763159494979   5353.238764881164  3.1103127783124808e+40  3.7136955069332853e+40  4.2887850735181713e+40 
  57831.80864661654  236802983499377.75  270649333637348.25   351145683156941.7   4629.341010721259   5064.763159494979   5353.238764881164   3.049543205857429e+40   3.641348822339062e+40  4.2047169160042885e+40 
  57834.66030075188  234496422780371.44  267997832539114.47   347681991304720.2   4629.341010721259   5064.763159494979   5353.238764881164   2.990248843355201e+40  3.5707532887120195e+40  4.1226934175693824e+40 
  57837.51195488722   232223326480082.0   265384953883735.8  344268972298612.94   4629.341010721259   5064.763159494979   5353.238764881164  2.9323870448993967e+40  3.5018583170005985e+40  4.0426555149031646e+40 
 57840.363609022555  229983053456217.44   262809957105003.3  340905656578653.25   4629.341010721259   5064.763159494979   5353.238764881164  2.8759164355040935e+40  3.4346149278601546e+40  3.9645461283136905e+40 
 57843.215263157894  227774978961221.97  260272121816362.03   337591097120560.0   4629.341010721259   5064.763159494979   5353.238764881164   2.820797232026502e+40  3.3689760894200395e+40   3.888309845096657e+40 
  57846.06691729323  225598483313320.94  257770744656783.06  334324369177348.94   4629.341010721259   5064.763159494979   5353.238764881164  2.7669908585101536e+40   3.304896100054225e+40   3.813893260444048e+40 
  57848.91857142857   223452971934116.1  255305132589666.38   331104572602597.1   4629.341010721259   5064.763159494979   5353.238764881164  2.7144599980210475e+40    3.24233077519811e+40  3.7412448410898853e+40 
  57851.77022556391  221337859977078.06  252874613653349.12   327930831115152.5   4629.341010721259   5064.763159494979   5353.238764881164   2.663168692266728e+40  3.1812373450098433e+40  3.6703146005692794e+40 
  57854.62187969925  219252578485133.75  250478531240465.06   324802278587938.4   4629.341010721259   5064.763159494979   5353.238764881164  2.6130820562188033e+40   3.121574559092276e+40  3.6010540978379535e+40 
 57857.473533834585  217196569381773.88  248116238564293.34  321718066443951.44   4629.341010721259   5064.763159494979   5353.238764881164   2.564166314742502e+40   3.063302549870217e+40   3.533751604973464e+40 
 57860.325187969924   215169289580090.5   245787106648199.4   318677371591093.6   4629.341010721259   5064.763159494979   5353.238764881164  2.5163887942018566e+40  3.0063825288979864e+40   3.468443125720613e+40 
  57863.17684210526  213170214302825.72  243490527237098.75   315679397619331.4   4629.341010721259   5064.763159494979   5353.238764881164   2.469717945121971e+40  2.9507772159478014e+40   3.403883695105957e+40 
   57866.0284962406   211198817937579.6   241225896717913.0   312723355301481.6   4629.341010721259   5064.763159494979   5353.238764881164  2.4241231724502494e+40  2.8964503208065955e+40   3.340607859813628e+40 
  57868.88015037594  209254595098455.53  238992628946170.22  309808473436826.44   4629.341010721259   5064.763159494979   5353.238764881164  2.3795748552194587e+40  2.8433667301657354e+40  3.2787924930734704e+40 
  57871.73180451128  207337051803300.25   236790151311897.5   306933999618680.4   4629.341010721259   5064.763159494979   5353.238764881164  2.3360443750236003e+40  2.7914925454296167e+40  3.2183975803049043e+40 
 57874.583458646615  205445699982249.66   234617907519521.2  304099199115556.75   4629.341010721259   5064.763159494979   5353.238764881164   2.293503982287712e+40  2.7407948900102013e+40   3.159384317148657e+40 
 57877.435112781954  203580066257464.88  232475348699470.53   301303354575460.1   4629.341010721259   5064.763159494979   5353.238764881164   2.251926812413757e+40  2.6912420162529127e+40  3.1017152105808854e+40 
  57880.28676691729   201739689066574.8   230361938341002.5  298545763994728.25   4629.341010721259   5064.763159494979   5353.238764881164   2.211286853041551e+40  2.6428029801242257e+40   3.045353901289237e+40 
  57883.13842105263  199924114757897.78   228277157968789.7  295825748488761.25   4629.341010721259   5064.763159494979   5353.238764881164  2.1715589063291368e+40   2.595447915999571e+40   2.990265052700904e+40 
  57885.99007518797   198132900994626.1   226220493058931.5  293142632881343.94   4629.341010721259   5064.763159494979   5353.238764881164   2.132718568861335e+40   2.549147886715136e+40  2.9359283860132625e+40 
  57888.84172932331  196365615225223.97  224191443357023.44  290495756475272.44   4629.341010721259   5064.763159494979   5353.238764881164  2.0947422097493037e+40  2.5038748831537956e+40  2.8826407343417816e+40 
 57891.693383458645  194621834414983.84  222189518905890.56   287884477122401.1   4629.341010721259   5064.763159494979   5353.238764881164   2.057606868842421e+40   2.459601706274255e+40  2.8305548679936546e+40 
  57894.54503759398  192901145061044.12   220214241451591.7   285308166893090.9   4629.341010721259   5064.763159494979   5353.238764881164   2.021290322733028e+40  2.4163020005557395e+40    2.78068125429418e+40 
  57897.39669172932   191203143327350.2   218265145140627.8   282766214166305.4   4629.341010721259   5064.763159494979   5353.238764881164   1.985771047550439e+40   2.373950253108169e+40  2.7319362116838644e+40 
  57900.24834586466  189527432110110.66  216341770240774.75  280258015396403.56   4629.341010721259   5064.763159494979   5353.238764881164  1.9510281490270776e+40  2.3325216741152857e+40  2.6842539393166905e+40 
            57903.1  187873624458995.44  214443668907344.28  277782981897644.34   4629.341010721259   5064.763159494979   5353.238764881164  1.9170413762162303e+40   2.291992251268814e+40  2.6376068523203752e+40 
