 texplosion  fnickel    Pspin  log(Bfield)      Mns  thetaPB  mejecta    kappa  kappagamma     vejecta  temperature    alpha  cutoff_wavelength  log(nhhost)      A_V         MJD0  kenergy  mnickel            TSD   log(L0)  Peak_mag     Peak_MJD  log(E_rad)  log(Peak_lum)  Rise_Time    E_fold  tau_1  delta_m15     r_peak     frac 
  -12.81142  0.00952  0.78273     14.30715  1.79672  1.22575   5.5179  0.24845     0.01022  5096.37049   5381.64473   0.0563         2968.32435     21.04816   0.6207  57252.47858  0.85492  0.05255    24843.60936  48.34089  19.72547  57319.77098    51.15471       44.40905   21.64251  51.15501   44.5    0.13804  -20.85062  0.99991 
  -13.44227   0.0196  1.27222     14.32268  1.88806  1.13421  4.52694  0.30766     0.01154  5210.96512   4830.07574  0.11148         2264.61566     21.01944  0.58098  57251.84773  0.73328  0.08871    64209.48085  47.52814  19.71453     57319.13    51.11444       44.36381   23.61001  49.18751   43.5    0.14957  -20.81387  0.99941 
  -12.53596  0.01402  1.29151     14.23393  1.67713  1.35353  4.39279  0.32467     0.01009  5051.68898    5218.7442  0.08405         5273.34092     20.94927   0.4943  57252.75404  0.66872   0.0616    88453.88287   47.3245  19.72604     57319.13    51.08884       44.32658   21.64251  52.34805   43.0    0.15542  -20.75822  0.99949 
  -14.91484   0.0145  2.87777     14.51584  1.80729  0.53261  4.54012  0.30364      0.0135  5407.00399    3421.0787   0.0061         4473.61995     20.80438  0.35408  57250.37516  0.79179  0.06583   129205.07698  46.49648  19.70681     57319.13    51.08926       44.32991   24.07253  49.92623   43.5    0.14591  -20.59966  0.99731 
  -16.72827  0.07595   4.8768     14.12463  1.57164  1.35576  4.49968   0.3168     0.01135  5399.08863   3161.75743  0.14852         5293.81341     18.18145  0.00084  57248.56173  0.78244  0.34175  1955157.96002  44.79775  19.70706  57317.37063    51.06827       44.31675   21.64251  51.15501   45.0    0.15735  -20.25676  0.95213 
  -16.13564  0.08188  5.35168     14.21224  1.83463  1.32327  5.63766  0.30349     0.01086  6096.21027   3075.73904  0.00282         5075.19038      18.0346   0.0006  57249.15436  1.24982  0.46164   1835980.3254  44.81154  19.70839     57319.13     51.1296       44.36755   23.61001  51.15501   44.0    0.15848  -20.32333  0.93908 
  -12.84166  0.05222  0.71203     14.42457  1.85045  0.86465  6.65827  0.20174     0.01034  5317.05118   5385.79663  0.03968         2224.37935     21.09197   0.6866  57252.44834  1.12287   0.3477     12329.2743  48.74019  19.71424     57319.13    51.10576       44.34905   21.64251  53.12251   43.0    0.14974  -20.90516   0.9996 
  -13.21487  0.00447  0.94314     14.32125  1.90218  1.45845  4.76272  0.29917     0.01469  5266.24057   4894.84051  0.06455         3964.45075     21.06531  0.64571  57252.07513  0.78792  0.02128    35786.23822  48.04522   19.7034     57319.13    51.03917       44.28022   24.06433  49.93443   44.5    0.13912  -20.87165  0.99994 
  -12.30058   0.0023  1.22893     14.28085   1.6804  1.14957  4.39658  0.33498     0.01283   5266.7443   5041.80505  0.10791          4626.1079     20.96644  0.51425  57252.98942  0.72749  0.01013    64650.63633  47.50463  19.71722     57319.14    51.15451        44.4036   23.61001  49.18751   43.0    0.14644  -20.78125  0.99993 
   -12.9323  0.00916  1.18613      14.7105  1.96608  0.48051  5.12437  0.32562     0.01083  5233.66237   4165.98587  0.14227         3811.50183     20.94171  0.48578   57252.3577   0.8373  0.04692     9742.90577  48.42549  19.73273     57319.14    51.06573       44.30414   23.61001  51.15501   45.0    0.12581  -20.70656  0.99978 
   -11.9075   0.0025  0.84098     14.40654  1.96937  1.17046  5.75232  0.27374     0.01116   5495.6218   5155.98368  0.25435         2072.58168     21.04452  0.61553   57253.3825  1.03634  0.01438     19890.3827  48.41496  19.73929     57319.14    51.09285       44.33018   21.64251  53.12251   42.5    0.13529  -20.82764  0.99998 
  -11.70271  0.00795  0.91747     14.37447  2.05504   1.5605  4.57933  0.33748     0.01115  5362.81257   5361.59596  0.09904          4840.3479      21.0638  0.64347  57253.58729  0.78562  0.03642     28633.4144  48.19961   19.7207     57319.13    51.07154       44.30935   27.54501  49.18751   43.5    0.16034  -20.91364  0.99992 
  -12.61483  0.01701  1.81527     14.54123  2.19922  0.80528  5.06044  0.29182     0.01104  5371.29117   5021.43765  0.19587         2036.93348     20.95504  0.50092  57252.67517  0.87091  0.08607    55654.61667  47.34773  19.70579     57319.14    51.04399       44.28051   29.21216  47.52036   42.5    0.14835  -20.74714  0.99902 
  -13.44211  0.00668  1.46911     14.32496  1.51099  0.70995  4.89513   0.2949     0.01144  5318.69665    4622.2162  0.15286         2087.12115     20.95715  0.50336  57251.84789  0.82604  0.03269     67807.2808  47.28272  19.73048     57319.13    51.08043       44.32203   25.57751  49.18751   43.5    0.14397  -20.73609  0.99956 
  -13.32274   0.0027  1.05244     14.38228  1.71838  0.77059  5.18362  0.29163     0.01034  5398.24496   4830.35541  0.00661         3157.79023     21.03935  0.60825  57251.96726  0.90108  0.01402    30392.93221  47.97679  19.71099     57319.14    51.12939       44.36948   23.61001  50.38875   43.0    0.14864  -20.85501  0.99993 
  -12.31598  0.02723  0.87318     14.38311  1.83841  0.95108   5.8519  0.23769        0.01  5244.54818   4912.27229  0.02964         5042.93469     21.03615  0.60378  57252.97402  0.96015  0.15933    22296.45793  48.30285  19.70599     57319.13     51.1288       44.38136   23.61001  49.18751   42.5    0.13919  -20.87304  0.99962 
  -13.06334  0.00131  1.04692     14.31408  1.92417  1.52779  6.35829  0.19073      0.0105  5023.34623   5217.90856  0.08351         2827.51605     21.03074  0.59631  57252.22666  0.95709  0.00834     46102.0425  47.84954  19.75895     57319.14    51.07817       44.31556   23.61001  51.15501   43.0    0.14631  -20.84943  0.99997 
  -12.52925  0.01002   0.7357     14.44506  1.55172  0.61261  4.62893  0.31786     0.01212  5214.04161   4993.00144  0.06677         4467.12251     21.01937   0.5809  57252.76075  0.75068   0.0464    10043.96267  48.72435  19.67924  57317.37063    50.60343       43.79007   44.30261  48.16991   43.0    0.14618    -20.914  0.99991 
    -14.988  0.01968  1.63497     14.04409  1.48929  1.40069  4.23263  0.32721     0.01001  5259.85743   3914.05743  0.05331         2952.56022     21.05606   0.6321    57250.302  0.69853   0.0833    301735.1044  46.53518  19.74055     57319.13     51.1473       44.40568   23.61001  49.18751   44.0    0.15564  -20.81763  0.99855 
  -14.03792  0.00133  0.75817     14.46417  1.79143  0.67221  7.49805  0.17195     0.01029  5236.79756   5635.95434  0.01537         5706.99821     21.11502  0.72401  57251.25208  1.22661  0.00994    11277.22799  48.71031  19.72937     57319.13    51.04667        44.2819   21.64251  53.12251   43.5    0.13733  -20.82564  0.99998 
  -12.13071  0.00387  0.95721     14.31167  1.66978  0.96719  5.34048  0.23166     0.01251   5127.1642   4839.26789  0.11438         5716.30604     21.06099  0.63932  57253.15929  0.83746  0.02069    33817.75231  48.00035  19.73206     57319.13    51.02874       44.26055   25.57751  51.15501   43.5    0.15494  -20.90807  0.99992 
  -13.21629   0.0052  1.25858     14.33901  1.60598  0.73378  5.36889  0.24895     0.01025   5173.0704   4263.68297  0.07788          4847.9824      21.0363  0.60398  57252.07371  0.85705  0.02791    49579.14706  47.57953  19.71256     57319.14    51.06711       44.30531   27.54501  49.18751   43.5    0.14841   -20.8478  0.99976 
  -13.25629   0.0012   0.7957     14.27265  1.75853   1.5015  4.96404  0.33353     0.01014  5315.14766   5130.30796  0.00886         5397.54666     21.03398  0.60077  57252.03371  0.83655  0.00596    29455.73464  48.24333  19.71553     57319.13    51.14428       44.39607   25.57751  49.18751   44.5     0.1445  -20.83449  0.99999 
  -12.37753   0.0062  0.86717     14.32855  1.70183  0.97541  4.71842  0.31965      0.0101  5151.79942   5408.58022  0.03718         4830.20635     21.02027   0.5821  57252.91247  0.74704  0.02925    26171.73204  48.20572  19.71042     57319.14    51.11547       44.36145   23.61001  49.18751   44.5    0.14599  -20.80632  0.99992 
   -13.9759  0.00263  1.48868     14.01848  1.26497  1.25143  4.62268  0.32057     0.01123  5412.72376   4873.35408  0.00454         4012.13005     20.94654  0.49121   57251.3141  0.80789  0.01217   239081.15957  46.64678  19.71622  57317.37063    50.59062       43.76207   42.33511  52.10492   43.5    0.15025  -20.73022  0.99978 
  -12.90365  0.04447  1.08609     14.21531  1.55687  1.21428  4.71306  0.29996     0.01068   5066.3015   4771.22978  0.10998         5875.96622     20.98473  0.53637  57252.38635  0.72163  0.20958    63267.96814  47.58818  19.68571  57317.37063    50.58973        43.7683   45.25251  49.18751   43.5     0.1393  -20.79431  0.99871 
  -12.32262  0.00333  1.05316     14.44875  1.83947  0.74052  5.22578  0.24377     0.01045  5106.87773    5201.4102  0.03645         5492.41927     21.04478   0.6159  57252.96738    0.813  0.01741    23988.13624  48.10856  19.70836     57319.13    51.06425       44.30672   24.07253  49.91803   43.5    0.14972  -20.84571  0.99993 
  -11.11548  0.03226   1.0093     14.31561  1.80452  1.56385   4.8905  0.31323     0.01168  5345.00258   5257.52727  0.16986         4901.36985     20.99464  0.54874  57254.17452  0.83344  0.15777    39903.04043  47.91616  19.72516     57319.13    51.10009       44.34937   23.61001  49.18751   42.5    0.14504  -20.86162  0.99945 
  -11.49838   0.0012  0.75458     14.27728  1.62111  1.23823  5.43855  0.25928     0.01608  5453.65041    5297.3071  0.03115         4905.01235     21.03007  0.59539  57253.79162  0.96491  0.00653    23904.96326  48.34476  19.73039     57319.13    51.08136        44.3272   21.64251  51.15501   44.5     0.1486  -20.79966  0.99999 
  -13.08557  0.00137  1.16512     14.37533  1.86442  0.99672   4.6919  0.27924     0.01186  5062.58731   5276.46923  0.00078         3986.95207     20.98584  0.53773  57252.20443  0.71733  0.00641    41729.33046   47.7862  19.72311  57319.77098    51.09377       44.33385   21.64251  52.35625   43.0    0.15033   -20.7766  0.99997 
  -13.63894  0.00141  1.27507     14.52465   1.8651  0.61594  5.17613  0.28697     0.01037  5343.45132   4955.67111  0.01755         2157.31746     20.98212  0.53314  57251.65106  0.88161  0.00732    25134.72901  47.92821  19.69382  57317.37063    50.60499        43.7782   44.30261  50.13741   43.5    0.14853  -20.77194  0.99995 
  -12.38372  0.00958  1.58012     14.48704  2.04792  0.72716  4.40234  0.32437     0.01013  5292.46051   5172.03661   0.0959         4114.08015     21.02602  0.58986  57252.90628  0.73557  0.04215      50400.555  47.48034  19.74457     57319.13     51.1319       44.37224   23.61001  51.15501   43.5    0.15339  -20.85613  0.99959 
  -13.72862  0.00713  0.70219     14.31304  1.91285  1.53655  5.22471  0.29682     0.01082  5373.51304   5517.11464  0.04463         2443.80163     21.09819   0.6965  57251.56138  0.89992  0.03723    20716.30305  48.54131  19.70243  57317.37063    51.03362       44.28042   29.21216   46.7541   43.0    0.14064  -20.83282  0.99996 
  -16.42656  0.00121  5.50889     14.12287   1.8526  1.48369  4.63653  0.33387     0.01007  5767.69868   3686.71208    0.115         4136.74374     17.24228   0.0001  57248.86344  0.92008   0.0056  2964734.74822  44.58251  19.69275  57319.77098    51.12982       44.37869   27.54501  47.22001   44.5    0.16084  -20.30622  0.99917 
  -12.71704  0.00121   1.7265     14.33826  1.90972  1.22189  5.27015  0.26736     0.01054   5220.3094   4958.06408  0.19136         2081.10492     20.91466  0.45645  57252.57296  0.85673  0.00638   111328.59533  47.02888  19.72782     57319.13    51.08662       44.32914   26.03183  48.73319   42.5    0.15594  -20.69489  0.99992 
  -12.61344  0.00144  1.13622     14.20484  1.64093  1.56004   5.3428   0.2827     0.01015  5363.23524   5071.02748  0.02118         4512.48965     21.01354  0.57315  57252.67656  0.91675  0.00768    76585.80292  47.48886  19.72399     57319.13    51.10971       44.35639   21.64251  51.15501   42.5    0.13779   -20.8267  0.99995 
  -13.31922  0.00218  0.83025     14.37474  1.66681  0.72823  5.58495  0.23917     0.01177  5249.04285   5537.88822  0.01102         4391.63898     21.10254   0.7035  57251.97078  0.91792  0.01217    18994.99252  48.37367   19.7053     57319.14    51.11327       44.36496   21.64251  51.15501   45.0     0.1436  -20.91834  0.99997 
  -13.71337  0.00312  0.75115     14.38544  1.88053  1.12924  4.99131  0.33707     0.01334  5466.66126   4948.65197  0.00535         2600.38825     21.03446  0.60144  57251.57663  0.88979  0.01556     16698.6525  48.56899   19.7033     57319.13     51.0635       44.30924   27.54501  48.41305   42.5    0.13809   -20.7331  0.99998 
  -13.79683  0.00226  1.02779     14.27778  1.67008  1.54456  5.03474  0.32855     0.01011   5125.6361   4891.23489  0.07753         3017.66174     20.87299  0.41468  57251.49317  0.78904  0.01137    45582.97566  47.80897  19.72473     57319.13    51.00765       44.23678   26.04003  52.65999   43.0    0.14493  -20.57546  0.99995 
  -14.39242     0.02  1.75765      14.3998  1.96508  0.93956  4.83345  0.29279     0.01186  5206.16537   4518.21942  0.02148         5184.45529     20.97516  0.52468  57250.89758  0.78148  0.09669    89425.57721   47.1209  19.70296  57317.37063    50.92404       44.15848   35.41501  45.25251   45.0     0.1412   -20.6967  0.99875 
  -11.73769  0.00333  0.72926     14.49591  1.76235  0.69261  4.87453  0.29112      0.0125  5272.34323   5504.03697  0.19164         2014.94418     21.01856  0.57981  57253.55231  0.80829  0.01624     8868.44381  48.84132  19.72425  57319.77098    51.09931        44.3447   23.61001  51.15501   43.0    0.14538  -20.83757  0.99998 
  -12.32876   0.0035  0.85949     14.31884  1.80587  1.56862  4.82384  0.29915     0.01333  5212.97687   4996.85108  0.05913         5221.53166     21.00432  0.56111  57252.96124  0.78197  0.01687    28529.61999  48.20176  19.70426     57319.13    51.14837       44.41185   23.61001  47.34805   42.5    0.13774  -20.79406  0.99996 
  -13.32921  0.00106  1.01233     14.47339  2.02771  0.83079  5.38143  0.24148     0.01107  5179.92114   5346.00865  0.02099         5476.76568     21.05113  0.62497  57251.96079  0.86133  0.00568    21811.63061  48.22652  19.71066     57319.13    51.07442       44.31088   24.06433  50.70069   43.5    0.14348  -20.86361  0.99998 
  -12.46681  0.01574  0.78819     14.68578  2.09151   0.5189   5.6837  0.25012     0.01182  5361.92134   4939.66523  0.07045         5035.54238     21.09444  0.69051  57252.82319  0.97476  0.08945     5128.41843  49.08606  19.73813     57319.13    51.18358       44.44472   23.61001  47.22001   42.5    0.14282  -20.91934  0.99989 
  -12.93974   0.0021  1.25133     14.27993  1.89102  1.43702  4.81125  0.33704     0.01109  5533.79068   4961.60843  0.04472         2266.75616     21.04743  0.61966  57252.35026  0.87888  0.01011     75754.0489  47.47139  19.71939     57319.14    51.21865       44.48654     19.675  49.31555   42.5    0.14026  -20.87111  0.99994 
  -12.46095  0.00112  0.77815     14.37131  1.92693  1.06113  5.21752  0.29207     0.01031  5390.72844   5425.21859  0.04728           5898.832     21.09645  0.69371  57252.82905  0.90445  0.00586    19596.93195  48.47939  19.72824     57319.13    51.08521        44.3281   24.07253  50.69249   42.5    0.14086  -20.92868  0.99999 
  -11.07672  0.00436  0.91553     14.35652  1.80752    0.884  5.34057  0.26496      0.0102  5458.44762   5533.92212  0.37016         2115.44379     21.10691  0.71062  57254.21328  0.94919  0.02329    27239.69592  48.16738  19.72392  57319.77098     51.1952       44.45506   21.64251  49.18751   42.5    0.13607  -21.00385  0.99993 
  -13.42952  0.01551  0.84573     14.36516  1.74266  0.99746  5.93543  0.26614     0.01006  5376.57766   5000.94456   0.0011         5020.51974     20.98937  0.54212  57251.86048  1.02351  0.09207    21536.11625  48.32243  19.72931     57319.13    51.05104       44.28239   21.64251  53.12251   43.0    0.14205  -20.75691  0.99979 
  -13.05618  0.00486  0.77098     14.25988   1.6759  1.34908  5.22513  0.27966     0.01181  5300.59012   5164.65577  0.08689         4648.51875     21.05327  0.62806  57252.23382  0.87574  0.02539    27950.76112  48.27261  19.72348     57319.13    51.04362       44.28559   27.54501  48.42125   44.0    0.14191  -20.94584  0.99995 
  -13.61137  0.00298  1.47059     14.37646  1.71861  0.67898  4.96556  0.27448     0.01102  5310.98354   4251.85462  0.01425         2980.38436     21.05359  0.62852  57251.67863   0.8355   0.0148    60960.71088  47.38399  19.71698     57319.13    51.18579       44.44705   23.61001  47.34805   45.0    0.14902  -20.85948  0.99984 
  -12.79346   0.0017  0.82658     14.28051   1.6907   1.5004  5.58101  0.28371     0.01087  5323.17658    5361.5134  0.05701          4733.1099     20.99389  0.54779  57252.49654  0.94337  0.00948    29473.42034  48.19291  19.70069     57319.13    51.10074       44.34698   21.64251  51.15501   43.0    0.15365  -20.79094  0.99998 
   -12.5776  0.00952  1.09957     14.27164  1.49595  0.76944   4.9436  0.28742     0.01091  5373.28391   5403.09596  0.02494         5799.61249      21.0657   0.6463   57252.7124  0.85143  0.04707    48072.83762  47.67942  19.71131     57319.13    50.97414       44.19881   23.61001  53.12251   42.5    0.14724  -20.89497  0.99966 
  -12.73001  0.00279  0.79135     14.43882  1.84529  0.81276  4.97663  0.28775     0.01198  5255.75699   5006.96259  0.01362         2835.17371     21.05074  0.62441  57252.55999  0.82004  0.01388    14222.62967  48.58519  19.71671     57319.13    51.07144        44.3135   24.06433  49.92623   42.0    0.15664  -20.88502  0.99998 
  -15.83447  0.00101  5.08241     14.28515  1.82566   0.9795  5.57778  0.32644     0.01257   6068.3763   3086.30824  0.06394         2165.89317     17.51012  0.00018  57249.45553  1.22527  0.00561  1177822.84194  45.04705  19.74874     57319.13    50.93996       44.15876   31.48001  49.18751   45.0    0.15157  -20.30637  0.99928 
  -12.12707  0.00315   0.8479       14.356  1.95587   1.5034  5.43243   0.2655     0.01097  5192.40424   5508.45253  0.11268         5045.12115     21.05135  0.62528  57253.16293  0.87369  0.01712    25341.71481  48.29966  19.73567  57319.77098    51.15828       44.41378   21.64251  51.15501   42.5    0.13838  -20.91764  0.99997 
   -13.5354  0.00157  0.98075     14.22328  1.68419   1.2266  5.09787  0.27147     0.01094  5234.88141   5271.76842  0.10844         4037.98336     21.10653  0.70999   57251.7546  0.83335  0.00798    53797.20425  47.78136  19.71471  57317.37063    51.14272       44.38973   23.61001  49.18751   43.5    0.14553  -20.90023  0.99997 
  -12.78562  0.00117  0.74356     14.33979   1.9464  1.33311  6.27826  0.21043     0.01088  5235.18672    5150.7942  0.00536         3258.76179     21.09319  0.68852  57252.50438  1.02643  0.00737    20897.96746  48.49534  19.73081     57319.13    51.08408       44.32263   27.54501  48.42125   42.5    0.13265  -20.91626  0.99999 
  -13.40412  0.00983  1.37096     14.20116  1.59744  1.24893    4.634  0.30516     0.01256  5275.85328   3386.12425  0.07476         5114.11256     20.99791  0.55288  57251.88588  0.76943  0.04556   110397.90327  47.15526  19.71626     57319.13    51.04639       44.28686   24.06433  49.93443   43.5    0.14582  -20.79367  0.99952 
  -11.47731  0.00176  0.86666     14.42888  1.58555  0.72965  6.28066  0.23514     0.01016  5314.25902   5070.88586  0.25368         2782.24876     20.96206  0.50908  57253.81269  1.05808  0.01106    15343.48303  48.40741  19.71029     57319.13    50.98063       44.21262   29.21216  49.48786   43.0    0.14642  -20.71943  0.99997 
  -13.25413  0.02211  0.75727     14.23175  1.61429  1.40352  5.75544  0.28511     0.01006  5449.20886   5323.88947  0.02748         3320.19834     21.05073  0.62439  57252.03587  1.01947  0.12724    29566.03426  48.24753  19.74333     57319.14    51.09667       44.33442   21.64251  52.35625   42.5    0.13354  -20.84969  0.99975 
   -13.2552   0.0016  1.29187     14.28483  1.73791  1.08603  5.85995   0.2735     0.01061  5623.96269   5080.65641   0.0096         2403.20309     21.02188  0.58427   57252.0348  1.10562  0.00937     72547.8534  47.42581   19.7261     57319.14    51.02344       44.24457   23.61001  55.09001   42.5    0.14769  -20.85068  0.99993 
  -13.51287  0.00552   1.6281     14.25151  1.79771  1.16934  4.83235  0.27891     0.01012  5190.01393   5352.12398  0.00317          5146.0284     21.01422  0.57404  57251.77713  0.77647  0.02665   138956.63451  46.95732  19.73094     57319.13     51.1242       44.37569   21.64251  51.15501   43.0    0.15267  -20.78981  0.99966 
  -13.65297  0.00493  0.84755     14.42404  1.78794  0.79932  4.78723  0.31291     0.01009  5147.07811   5353.25808   0.0117         5443.68998     21.02534  0.58894  57251.63703  0.75654   0.0236    16920.74545  48.43645  19.72629     57319.13    51.08112       44.31483   23.61001  52.35625   43.0    0.14127   -20.7461  0.99995 
  -14.27984  0.00167  1.15433     14.29714  1.50608  0.70008  4.69331   0.3124     0.01218  5373.44485   4829.65049  0.00569         4292.85929     21.06317  0.64254  57251.01016  0.80837  0.00786    47428.48436    47.646  19.71061     57319.13    51.04519       44.29609   29.21216   46.7459   43.0    0.14626    -20.826  0.99994 
  -11.85177  0.00729  1.22764     14.42631  1.71112  0.75239  4.75872  0.28405     0.01034  4833.25292   5144.47503   0.2265         5720.82766     20.97509  0.52459  57253.43823  0.66313  0.03467    33622.07799  47.79736  19.71832     57319.13     51.0939       44.34391   26.03183  48.73319   45.5    0.14108  -20.77907  0.99976 
  -13.07745  0.00733  1.40715     14.37364   1.7576   0.8046   5.3135  0.24898     0.01087  5232.69641    5290.1107  0.03545         5342.74625      20.9933  0.54705  57252.21255  0.86788  0.03897    57828.38917  47.45494  19.72089  57319.77098    51.12191       44.35955   23.61001  52.34805   43.0    0.14926  -20.82024  0.99963 
  -12.47798  0.00513  0.83066     14.45419  1.90741  0.92007  4.58447  0.31961     0.01191  5132.78993   5378.62878  0.08117         5855.59552     20.99954  0.55496  57252.81202  0.72048   0.0235    15091.45459  48.53172  19.72391  57317.37063     50.8974       44.12062   27.54501  51.15501   42.5    0.14874  -20.77454  0.99996 
  -13.93006  0.01012  1.88233     14.16201  1.44369   1.0037  4.50155   0.3314     0.01314  5513.01678   4950.37184  0.03538         2269.18119     20.91792  0.45988  57251.35994  0.81615  0.04557   225247.20375  46.52627  19.71533     57319.13    51.06584       44.30758   27.54501  48.42125   43.5    0.14888  -20.69921  0.99889 
  -12.57886  0.00292  0.93497     14.23588  1.80731   1.4349  6.48839  0.21046     0.01032  5503.10793   5041.22156  0.02109         4727.73149     21.13021  0.74979  57252.71114  1.17214  0.01898    49508.63445   47.8896  19.72251     57319.13    51.16462       44.41288   21.64251  51.15501   42.5    0.14504  -21.03151  0.99994 
  -13.05311   0.0133  0.99728     14.29993   1.8837  1.54412   5.0866  0.29011     0.01077  5301.89378   5313.46892  0.05902         4302.54162     21.05049  0.62405  57252.23689  0.85294  0.06765    43712.67809  47.90561  19.73357     57319.13      51.049       44.28309   23.61001  52.35625   43.0    0.14555  -20.90446  0.99977 
   -11.2118  0.02327  1.03926     14.44184  1.77205  0.85952  4.80464  0.27979      0.0116  4972.48683   4741.38187  0.18962         5623.30669     20.95249  0.49798   57254.0782  0.70866   0.1118    23230.59859  48.11781  19.71147     57319.13    51.13067       44.38892   25.57751  47.22001   43.5     0.1371  -20.77336  0.99957 
  -14.56684  0.00321  1.51285     14.18403   1.6275    1.275  4.57265  0.28809     0.01033  4975.52725   4805.25788  0.03307         5199.70853     20.95415  0.49989  57250.72316  0.67526  0.01466   148209.21044   46.9499  19.73726     57319.13    51.16433       44.41844   23.61001  49.18751   43.5    0.14374  -20.69243  0.99981 
  -14.09757  0.00947  1.21232     14.34689  1.76118  0.83727  4.92811  0.29082     0.01032  5187.81308   5304.43614  0.04124         5178.99527     21.05447  0.62979  57251.19243  0.79118  0.04669    48647.99875  47.66035  19.74393     57319.13    51.00658       44.23446   23.61001  53.12251   43.5    0.14716  -20.80932  0.99968 
  -11.99687  0.00229  0.73126     14.53584  1.91435  0.68382  5.17087  0.26611     0.01088  5180.07031   5531.08204  0.07587         5750.15424      21.0448  0.61592  57253.29313  0.82768  0.01183      8059.3415  48.91643  19.71278     57319.14    51.11402       44.35022   23.61001  51.15501   43.5    0.15445  -20.85342  0.99999 
  -13.65407  0.00196  1.42401     14.33519  1.93788  1.22802  4.56797  0.30501     0.01059  4959.92032   5257.57014  0.10055         4655.83541     20.99548   0.5498  57251.63593  0.67035  0.00894    77943.38965  47.35737    19.747     57319.13    51.04961       44.28629   26.03183  49.93443   45.5    0.14576   -20.7318  0.99993 
  -13.45393  0.00396  0.70167     14.21702  1.61301  1.54555  4.97035  0.33839     0.01067  5400.51459   4865.08994  0.00321          2828.1187     21.03631    0.604  57251.83607  0.86474  0.01967    27143.76017  48.35055  19.68051     57319.13    51.15648       44.41697     19.675  51.15501   42.5     0.1421  -20.81083  0.99997 
  -12.82299  0.00287  0.73799     14.31881  1.81913  1.24932  6.02041  0.23451     0.01049  5257.37554   5503.49401  0.01638         2465.00646      21.0651   0.6454  57252.46701  0.99264  0.01729    21191.30146  48.46646  19.72026  57317.37063    51.13544       44.39803   21.64251  49.18751   42.5    0.14141  -20.86872  0.99998 
  -11.42872  0.00352  0.76862     14.36731  1.88929  1.47754  4.89012  0.33972     0.01055  5269.36056   4852.18735  0.13655          5426.4363     21.00961  0.56799  57253.86128  0.80996   0.0172    19095.05867   48.4928   19.7183     57319.13    51.09407       44.34096   26.03183  48.73319   42.5    0.13298  -20.78029  0.99998 
  -13.01316  0.00354  1.12597     14.53951  1.87338  0.65981  5.46211  0.29314     0.01024  5308.18811   5273.00796  0.07765         4070.03794     20.97908  0.52943  57252.27684  0.91808  0.01931    18385.81184  48.17393  19.73154  57319.77098    51.10299       44.33948   23.61001  52.34805   43.0    0.13581  -20.79767  0.99991 
  -13.18198  0.03368  1.47301     14.40402  1.80221  0.74306  4.60184  0.30978     0.01051  5181.19674   3691.05445  0.06886         5656.76506     21.01374  0.57341  57252.10802  0.73692  0.15499    56493.72672  47.43624  19.72831  57319.77098    51.09899       44.34289   21.64251  51.15501   45.0    0.15124  -20.83284  0.99843 
  -12.93511  0.01652  0.95357     14.11655  1.43645   1.1893  4.64098  0.30983     0.01131  5400.10597   4921.94975  0.04207         2762.13583     21.07799  0.66484  57252.35489  0.80731  0.07668     70911.2337  47.61672  19.71388     57319.13    50.98989       44.22261   29.51251  49.18751   43.0    0.14533  -20.91191  0.99958 
  -12.57423  0.00129  0.86865     14.44368  1.59653  0.59025  4.51911  0.33979     0.01144   5356.4812   5090.55033  0.03476         3775.78815     21.04322  0.61369  57252.71577  0.77346  0.00582    14498.21297  48.43302  19.71159     57319.13    51.05277        44.2917   25.57751  50.38875   42.5    0.15449  -20.89904  0.99998 
  -15.00684  0.00528  4.93692     14.19112  1.70992  1.53404  6.06794  0.26481      0.0128  5949.48304   3126.48096   0.4287         2526.36115       16.367    1e-05  57250.28316  1.28123  0.03202  1604963.98277  44.90944  19.72899     57319.13    51.13607       44.39757   21.64251  49.18751   43.5    0.15184  -20.29508  0.99577 
  -15.29593  0.00221  4.96289     14.16038  1.74571   1.5644  6.33877  0.28163     0.01004  6156.31866   4262.19269  0.19307         2599.36524      17.2629   0.0001  57249.99407  1.43309  0.01402  1907604.95437  44.83886   19.6823     57319.13    51.04226       44.28194   23.61001  51.15501   44.0    0.15768  -20.33152  0.99818 
  -12.29622  0.01507  1.02357     14.26264  1.46052  0.82875  4.41296  0.33676     0.01063  5207.99438   5255.49214  0.11137         4426.94189     21.00978   0.5682  57252.99378    0.714  0.06652    42391.31513  47.78584   19.7267     57319.13    51.10316       44.35685   21.64251  49.18751   43.5    0.14459  -20.82206  0.99959 
  -12.72509  0.01047  1.25545     14.28036  1.72219  1.05176  4.87183  0.27732     0.01224  5288.91531   5253.21972  0.11126         4477.41852      21.0604  0.63845  57252.56491  0.81293  0.05101    69307.63784  47.46655  19.72993     57319.14    51.08974       44.34229   23.61001  49.18751   43.5    0.15217  -20.88358  0.99961 
  -12.69659   0.0109  0.86596     14.43324  1.65084  0.71086  5.75161  0.25099     0.01021  5196.66175   5200.59067  0.07614         5870.45966     21.01656  0.57714  57252.59341  0.92654  0.06268    15632.66238  48.41753  19.69287     57319.13    51.06752       44.31015   25.57751  49.18751   43.5    0.15599   -20.8388  0.99983 
  -11.63037  0.00163  0.74857     14.27843  1.67508  1.25867  5.33802  0.31056     0.01115  5537.62257    5206.5716   0.0544         3759.39532     21.04475  0.61586  57253.65963  0.97646  0.00871    24180.47813  48.36095  19.69304     57319.13    51.07955       44.32885   25.57751  48.41305   43.5    0.13665  -20.91655  0.99999 
  -16.24392   0.0032  5.02689     14.24322  1.90239  1.49316  5.29056  0.33768     0.01223  5921.50692   4290.67857  0.02134         3591.98259     16.66336    3e-05  57249.04608  1.10661  0.01695  1456406.26858  44.98226  19.72874     57319.13    51.18175       44.42922   21.64251  51.15501   44.0    0.15409    -20.306  0.99802 
   -13.9769  0.00465   0.7589     14.25294  1.51345  0.91216  4.86712  0.33149     0.01048  5376.96119    4942.5914  0.00137         3982.57766     21.07318  0.65751   57251.3131  0.83941  0.02264    25250.59283  48.28617  19.69704  57317.37063    50.58192       43.76589   47.22001  47.22001   43.0    0.14436  -20.78569  0.99994 
    -13.068  0.00245  1.79854     14.27211  1.77861  1.07628  4.99028  0.26157     0.01031  5238.77346   4979.27105  0.08976         3472.92928     20.97539  0.52495    57252.222  0.81698  0.01221   152584.99672  46.82557  19.72592     57319.13    50.98712       44.22397   25.57751  49.18751   43.5    0.14991  -20.78363   0.9998 
  -13.00754  0.00446  1.40747     14.34591  1.72254  0.72498  5.35685  0.26282     0.01005  5472.29923   5093.91521  0.01138         3684.96328     21.06904  0.65129  57252.28246  0.95692  0.02388    64423.74086  47.39909  19.74905     57319.13      51.217        44.4795   20.29412  50.53589   43.0    0.14902  -20.92493  0.99976 
  -13.18069  0.03319  1.10948     14.21484  1.70805  1.37528  5.66738  0.23441     0.01017  5374.66305   5476.02674  0.03767         2001.82613      21.0831   0.6727  57252.10931  0.97659  0.18809    72589.55342  47.55024  19.72728     57319.14    51.06657       44.30779   24.07253  49.92623   43.5    0.15664  -20.90349  0.99892 
  -16.76662  0.01271   4.7014     14.08025  1.59514  1.36159  4.63477  0.33303     0.01067  5679.05131   4181.70777  0.05968         5844.30948     17.55447   0.0002  57248.52338  0.89168  0.05891  2262425.94796  44.77262  19.74268  57317.37063    51.07843       44.32088   29.51251  46.44555   45.0    0.16014  -20.31828  0.99216 
  -13.96536  0.02151  1.10669     14.33578  1.89135  1.34531  5.23656  0.26176     0.01212  5004.74466   3617.25266  0.05439         2614.00555     20.98908  0.54176  57251.32464  0.78242  0.11266    45823.27431  47.79648  19.72164     57319.13    51.14836       44.41029   23.61001  47.34805   44.5    0.13735  -20.66338  0.99951 
  -11.66905  0.00194  1.13982      14.6538  1.95375  0.52157  4.80071  0.31652     0.01002  5185.34906   5605.11703  0.12188         5057.44098     20.98018  0.53077  57253.62095     0.77  0.00933    11608.12713  48.38128  19.71142     57319.13    51.10157       44.34813   25.57751  49.18751   42.5    0.15257  -20.80494  0.99996 
  -12.16234  0.00943   0.9566     14.38029  1.58968  0.69447  4.89677  0.28284     0.01134  5187.74814    5206.4709  0.14337         5364.28635     21.06686  0.64803  57253.12766  0.78613  0.04616    23442.33329   48.1387  19.70277     57319.13    51.02881       44.26996   25.57751  48.42125   43.5    0.15607  -20.91805   0.9998 
   -12.4237  0.00247  0.74287     14.40178  1.80297  0.97033  5.01492  0.31261     0.01202  5232.85996   5083.78375  0.14446         4381.72725     21.03765  0.60587   57252.8663  0.81916  0.01239    14523.49945  48.62093  19.71026  57317.37063    50.87934        44.0958   31.69576  48.97176   44.5    0.13208  -20.81562  0.99998 
  -12.05389  0.02975  0.93176      14.1667  1.51521  1.32428  5.11202  0.32106     0.01035  5599.04024   5231.31348  0.08917         3725.60652     21.05511  0.63072  57253.23611  0.95598  0.15208    56688.57147  47.75722   19.7349  57317.37063    50.58294       43.76006   44.30261  49.91803   43.0    0.15604  -20.92117  0.99932 
  -11.21585   0.0419  0.80352     14.48726  1.81283  0.80162  4.56648  0.32356     0.01517   5437.3383   5090.62769  0.12072         4774.44551     21.01476  0.57477  57254.07415  0.80534  0.19135    11525.13085  48.65557  19.69065  57317.37063    50.59787       43.77038   45.25251  51.15501   43.5    0.12096  -20.85753   0.9997 
  -13.79555  0.01585  0.85642     14.32727  1.92468  1.32015  5.09322  0.33042     0.01003  5461.00714   4950.18732  0.01455         2355.22236     21.05742  0.63408  57251.49445  0.90608  0.08072      29040.795  48.22482  19.73637     57319.13    51.19022        44.4511   21.64251  49.31555   43.0    0.14467  -20.80752  0.99984 
  -13.32703  0.00106  0.79465     14.59289  1.76502  0.53269  6.46334  0.23374     0.01265  5467.66005   5187.89425  0.01134         3067.40416     21.02345  0.58637  57251.96297  1.15262  0.00682     6747.45967  48.88611  19.74729     57319.13    51.12849       44.37373   23.61001  51.15501   43.0    0.13955  -20.82028  0.99999 
  -13.30212  0.00145  0.80697     14.21978  1.61332  1.20517  5.34889   0.2793     0.01085  5397.60497    5297.7123  0.00027         2125.38593      21.0735    0.658  57251.98788  0.92959  0.00775    35455.49693  48.11316  19.69729     57319.13    51.02707       44.26563   24.07253  50.69249   42.5    0.14124  -20.89888  0.99998 
  -12.24396   0.0656  0.98188     14.19217  1.56841   1.2443  4.44064  0.33136      0.0142  5696.11145   4938.75347  0.01636         2688.52345     21.07595  0.66172  57253.04604  0.85947  0.29132    57949.75356  47.71714  19.73667     57319.13    50.99018       44.21181   25.57751  53.12251   43.0    0.16042  -20.93868  0.99859 
  -11.54445  0.01106  0.89683     14.37599  1.64447  0.85373   6.1914  0.25667     0.01294  5681.85922   5022.86198  0.07496         3157.01694     21.03248   0.5987  57253.74555  1.19233  0.06849    21740.89012  48.24217  19.73889     57319.13     51.0942       44.33905   21.64251  51.15501   44.0    0.13223  -20.89683  0.99979 
  -13.54428  0.00126  0.76229     14.28612  1.74567  1.55234  4.79893  0.31313     0.01044  4977.91679   5238.25275  0.07763          4625.1797     21.00856  0.56661  57251.74572  0.70936  0.00605    25222.51923  48.34477  19.71706     57319.13    51.11235       44.36069   21.64251  51.15501   44.5    0.14115  -20.71426  0.99999 
   -14.2354  0.00158  1.72045     14.28174  1.91165  1.14535  4.40605  0.31423     0.01011  5070.95721   5075.31528  0.05671         5801.32767     21.01698  0.57771   57251.0546  0.67586  0.00695   143561.09233  46.92193  19.72735     57319.13     51.0046       44.24068   25.57751  49.18751   45.5    0.14614  -20.79101  0.99991 
  -13.37347   0.0086  1.49348      14.3107  1.54214   0.7065  4.35816   0.3361     0.01251  5420.21391   4731.88215  0.01205         4654.53178     20.99647  0.55106  57251.91653  0.76377  0.03749    76372.36319  47.22563  19.72754     57319.13    51.00807       44.24305   27.54501  49.18751   43.0    0.14461  -20.81248  0.99949 
   -11.8098  0.00209  1.12631     14.28136  1.51241  0.80947  4.61609  0.30147     0.01178  5141.48747   4828.22401  0.28105          3773.1969     21.05994  0.63778   57253.4802  0.72791  0.00963    48761.68241  47.65712  19.71258     57319.13    51.10834       44.35344   25.57751  49.18751   45.5    0.14224  -20.87008  0.99993 
  -12.38377  0.00283  0.96926     14.22204  1.72368  1.56483  5.55601  0.29668     0.01097  5688.60376   4838.01927  0.07585         4164.77655     21.10026  0.69983  57252.90623  1.07251  0.01575    54083.93922  47.79936  19.68954  57319.77098    51.14427       44.39764   21.64251  49.18751   43.0     0.1294   -20.9667  0.99994 
  -13.56258  0.08934  1.37402     14.27048  1.85366   1.4535  4.41474   0.3166     0.01182  5282.78747   3773.22842  0.04116          5152.3515     21.03445  0.60142  57251.72742  0.73495   0.3944    93515.04805  47.29001  19.70963     57319.13    51.10391       44.35132   21.64251  51.15501   43.5    0.14541   -20.8218  0.99677 
   -12.2101  0.01601  0.94112     14.43509  1.86305  0.82304  4.79304  0.31184     0.01017  5225.20329   5179.65358  0.13701         4170.98979     21.05885  0.63617   57253.0799  0.78063  0.07672    20661.02263  48.27662  19.71857  57317.37063     51.0367       44.27452   25.57751  50.38875   44.0    0.15417  -20.88834  0.99978 
  -11.99958  0.00319  0.93141     14.58177  1.89005  0.57176  5.25596  0.28157     0.01013  5342.67723   5245.18202  0.05515         3366.90702     21.03208  0.59814  57253.29042  0.89495  0.01679       10447.94  48.58801  19.73822  57319.77098    51.19669       44.45349   21.64251  51.15501   42.5    0.15149   -20.8296  0.99996 
  -12.85724  0.00195  1.33688     14.41362  1.73465  0.69935  4.46616  0.31752     0.01044   5185.1992   5215.71013  0.08007         3844.96348      20.9936  0.54743  57252.43276   0.7163  0.00869    42852.41256   47.6239   19.7248     57319.13    50.97739       44.19973   25.57751  53.12251   43.5    0.15028   -20.8016  0.99992 
  -12.49619  0.03078  1.17372     14.24701  1.67672  1.32784   5.3771  0.28194      0.0103  5426.74401   4953.55435  0.01812         5176.64716     20.98931  0.54205  57252.79381  0.94461  0.16549    68767.02692   47.5168  19.72232  57317.37063     51.0285       44.27359   21.64251  52.34805   43.0    0.14695  -20.78552  0.99892 
  -13.30588  0.00503  1.86844     14.27765   1.8606   1.3471  4.38288  0.33978     0.01136  5298.46058    4871.5955  0.07435         4644.01972     20.93878  0.48252  57251.98412  0.73398  0.02206   167930.37665  46.77041  19.74655     57319.13    51.09876        44.3353   23.61001  51.15501   43.5    0.14783  -20.73693  0.99965 
  -11.86248   0.0015  0.88706     14.44918  2.14067  1.20136  5.58431  0.27885     0.01026  5212.37687   4823.58351  0.18476         3835.59313      21.0557  0.63158  57253.42752  0.90504  0.00835    19765.97186  48.40757  19.71209     57319.13    51.06008       44.29462   26.04003  50.69249   45.0     0.1372  -20.84096  0.99999 
  -13.15998  0.00108  1.01355     14.51628  2.08258  0.91607  5.92193  0.30863     0.01085  5586.73141   3132.14282  0.00361         5636.08556     20.97424  0.52356  57252.13002  1.10257  0.00638    18430.63746  48.31022  19.73944     57319.14    51.06856       44.31314   27.54501  48.41305   44.5    0.13597  -20.80255  0.99998 
  -11.58285  0.01688  0.79803     14.29822  1.74498  1.25904  4.74019  0.30578     0.01315  5354.67963     5121.809  0.24033         2391.50646     21.05817  0.63517  57253.70715  0.81076  0.08003    26133.91671  48.28939  19.73435     57319.13    51.11278       44.35786   23.61001  49.18751   42.5    0.12393  -20.92617  0.99985 
  -13.29689  0.00278  0.93624     14.29841  1.82823  1.45408  5.38621  0.31614     0.01041  5517.02259   5268.09087  0.02658         2318.70837     21.03136  0.59716  57251.99311  0.97796  0.01497    37652.40475  48.01231  19.73073     57319.13    51.11467       44.35393   25.57751  50.38055   42.5    0.14548  -20.83696  0.99996 
  -13.28527  0.00727  1.40095     13.94189   1.1542  1.20685  4.05032   0.3069     0.01234  5231.93526   3218.16262  0.03479         2011.54682     20.98164  0.53256  57252.00473  0.66137  0.02943   274889.38106  46.59912  19.72419     57319.13    51.02111       44.25833   24.07253  50.69249   43.5    0.15521  -20.78047  0.99945 
  -13.09075  0.00318  1.26783     14.33187  1.71025   0.8512  4.25077  0.32746     0.01237  5306.61584   5271.75931   0.0569         3131.92823     21.03221  0.59833  57252.19925  0.71405  0.01354     55368.6126  47.55252  19.69319     57319.13    51.07672       44.32534   26.03183  48.73319   43.5    0.15401  -20.84976  0.99989 
  -13.41932  0.00106  0.99835      14.2949  1.87119   1.4059  5.49499   0.2828     0.01099  5378.43907   5131.97154  0.09094         2169.55025     21.05412  0.62928  57251.87068  0.94821  0.00581    44535.28554  47.89369   19.7143     57319.13    51.08355       44.33044   21.64251  51.15501   44.5    0.13447  -20.85522  0.99998 
  -12.12634  0.00207  2.00726     14.35415  1.86273  1.14653  4.37387  0.32412     0.01067  4893.11898   4663.64538  0.25997         5527.80343     20.85758  0.40022  57253.16366  0.62469  0.00907    136420.2421  46.79891  19.72737     57319.13    50.94522       44.16962   31.48001  49.18751   43.5    0.14654  -20.65724  0.99983 
  -13.19436  0.01333  1.38134     14.25319   1.5453  0.84469  4.43078  0.32666     0.01202  5412.45897   4629.63201  0.07507         2519.39433     21.02186  0.58424  57252.09564  0.77428  0.05907    85320.57919  47.24621  19.71252     57319.14    51.21336       44.47491   21.64251  49.18751   43.5    0.15011  -20.83919  0.99933 
  -13.85419  0.02016  0.78775     14.31418  1.80499  1.12327  5.05181  0.29627     0.01067  5308.94496     5002.196  0.01357         4106.57018      21.0776  0.66424  57251.43581  0.84936  0.10184    24473.80251  48.34384   19.7152     57319.13    51.11915       44.36593   23.61001  51.15501   43.5     0.1439  -20.81001  0.99981 
   -13.0937  0.00601  0.93188     14.43186  1.95921  1.10103  4.91893  0.32686     0.01448  5447.70567   5016.46273  0.09007         2093.25161     20.98539  0.53718   57252.1963  0.87081  0.02959     21622.1795  48.28731  19.71012  57317.37063    51.02202       44.26781   23.61001  50.38055   42.5    0.13247  -20.82788  0.99994 
  -12.83147  0.00146  0.94988      14.0863  1.35712  1.21319  5.05654  0.25998     0.01025  5198.85281   4972.31958  0.05083         2190.33303     21.03762  0.60582  57252.45853  0.81526  0.00741    76413.17984  47.56295  19.70775     57319.13    51.04824       44.28818   27.54501  48.41305   43.0     0.1549  -20.85199  0.99996 
  -12.92688  0.00282  0.76072     14.16558  1.50547  1.25737  5.58865  0.25751     0.01057   5369.6698    5274.3332   0.0538         2557.48226     21.09292  0.68809  57252.36312  0.96123  0.01577    37738.26253  48.10728  19.72917     57319.13    51.11568        44.3568   25.57751  49.18751   42.5    0.14308  -20.90661  0.99996 
  -14.47386  0.00247  1.73206     14.27381  1.98601   1.3239    4.364  0.32682     0.01057  5206.32074   3601.21008  0.14794         2185.53883     21.03747  0.60562  57250.81614  0.70562  0.01079    156786.5574  46.89439  19.72022     57319.13    51.04073       44.27869   26.04003  50.69249   45.5    0.14246   -20.7957  0.99987 
   -12.8183  0.00161  0.84625     14.30623  1.67134  1.33419  6.53213  0.25871     0.01023  5431.70294   5001.57647  0.05375         2700.27709     20.94809  0.49297   57252.4717  1.14962  0.01051    27128.00856   48.2035  19.73779     57319.14    51.09515       44.32692   21.64251  54.31555   44.5    0.15009  -20.72234  0.99998 
  -14.15499  0.01489  1.00806     14.27768  1.49062  0.74048   4.7948  0.29593     0.01143  5323.93946   5355.56627  0.04647         5613.66262     21.08014  0.66814  57251.13501  0.81071  0.07142    39156.58599  47.84243  19.73753     57319.14    51.20077       44.46574   21.64251  49.31555   44.0    0.15079  -20.85922  0.99958 
  -14.42008  0.00214  2.12658     14.22155  1.72024  1.26304   5.2911  0.28547     0.01032  5329.99509   4581.58988  0.03626         5145.13693     20.92185  0.46407  57250.86992  0.89666   0.0113   260422.28891  46.43339  19.71898     57319.13    51.11659       44.36499   21.64251  51.15501   45.0    0.14318  -20.66747  0.99973 
  -12.76544  0.00197  1.14869     14.18488  1.50689  1.35364  4.96626  0.31928      0.0122  5391.11186   5108.82225  0.10851         3944.78267     20.97115  0.51985  57252.52456  0.86102  0.00979    78803.91336  47.42998  19.74763     57319.13    51.02199       44.25265   27.54501  49.18751   43.0    0.14672  -20.77171  0.99993 
     -14.27  0.04857  3.25758     14.59431  2.04387   0.4454  4.04652  0.33157     0.01068  5455.90328   4673.81589  0.04111         4318.07929     20.91434  0.45611     57251.02  0.71853  0.19653   130447.63942  46.43807  19.71691     57319.13     51.1152       44.37106   21.64251  49.18751   44.0    0.16349  -20.72124  0.99147 
  -13.03236  0.00349  0.86476     14.41255  1.92885  1.02841  5.04701  0.29661      0.0105  5184.49202    5451.8375  0.00605          5057.6513     21.00414  0.56087  57252.25764  0.80923   0.0176    20035.75194  48.37855  19.72746     57319.13    51.08048       44.32672   21.64251  51.15501   42.5    0.12968  -20.87606  0.99997 
  -13.46337  0.00177  1.10429     14.25238  1.75986   1.2807  5.77832  0.21504     0.01027  5178.99201    5284.3566  0.00615         5269.77566     21.03758  0.60577  57251.82663  0.92453  0.01021     62332.0483  47.63344  19.70537     57319.13    51.16177       44.42313   21.64251  49.31555   43.5    0.14871  -20.83675  0.99995 
  -12.29017  0.00207  1.02449      14.1865  1.57478  1.44164  5.24148  0.32191     0.01282  5832.12655   5078.24432  0.09692         2439.64837     21.05225  0.62659  57252.99983  1.06349  0.01086    65021.52994  47.63199   19.7033     57319.13    51.17968       44.43592     19.675  51.15501   43.0    0.13574  -20.90532  0.99994 
  -12.60354  0.00282  1.17314     14.23319  1.73405   1.0963  5.36764  0.23656     0.01021  5249.74373   5026.28361  0.19987         2154.46507     21.11156  0.71827  57252.68646  0.88244  0.01513    75718.38358     47.49  19.72031     57319.14    51.08744       44.32498   26.04003  50.69249   42.5    0.14094  -20.94899   0.9999 
  -12.28345  0.00102  0.74495     14.21687   1.6009  1.12106  6.14092  0.21206     0.01022  5317.28818   5359.97383  0.03823         4128.39983     21.11792  0.72886  57253.00655  1.03572  0.00625    30387.02983  48.24627  19.71195     57319.14    51.17141       44.42385   21.64251  49.18751   42.5    0.14628  -20.97671  0.99999 
  -11.30596  0.01048  1.20034     14.38582  1.98253  1.08367  5.41195   0.2775     0.01014  5364.09797   5098.96426  0.53769         2103.86899     21.04258  0.61279  57253.98404  0.92891  0.05672    44874.84762  47.75545  19.69647     57319.13    51.18433       44.44578   23.61001  47.22001   44.5     0.1332  -20.85181  0.99971 
  -12.13287  0.00508  1.04046     14.41996  1.94912  0.82557  6.03728  0.22146     0.01066   5389.1881   4048.01656  0.02974         4720.59072     21.11577  0.72526  57253.15713  1.04596  0.03069    28325.50776  48.07206  19.71289     57319.13    51.07336       44.31159   23.61001  51.15501   41.5    0.14761  -20.98534  0.99988 
  -12.70261  0.00117  0.82673     14.38975  1.94746  1.36034  6.34878  0.26963     0.01011    5473.595   5184.36702  0.07422         4409.91341      21.0089  0.56706  57252.58739  1.13465  0.00744    20535.43399  48.41108  19.71357  57317.37063    51.12184        44.3712   21.64251  51.15501   41.5    0.15091   -20.8417  0.99999 
  -13.23773  0.01232  1.78628      14.3546  2.14506  1.45807   4.4102  0.32656     0.01129  5321.51213   4957.78706   0.0905         2135.49425     20.99285  0.54649  57252.05227    0.745  0.05434     124152.713  47.00243  19.72417     57319.14    51.10944       44.35426   27.54501  48.41305   43.5    0.15366  -20.78822  0.99937 
  -13.63917  0.01388  1.13585      14.2675  1.82038  1.14324  5.38627   0.2408     0.01084  5342.09741   5002.77024  0.00118         5523.58627     21.09705  0.69467  57251.65083  0.91693  0.07478    63623.54451  47.61474  19.72858     57319.13    51.05399       44.29155   23.61001  52.34805   43.5    0.15493  -20.91289  0.99959 
   -12.1504  0.00189  0.83679      14.4656  1.57602  0.58189  5.20277  0.28926     0.01263  5457.45888   5376.40053  0.06683         5252.49904      21.0403  0.60957   57253.1396  0.92436  0.00982    12006.39299  48.54176  19.73289     57319.14    51.11336       44.36212   24.07253  48.72499   42.0    0.15291  -20.90793  0.99997 
   -11.8217  0.00161  1.24874     14.59924  2.16683  0.81227  5.95114  0.28257     0.01134  5464.37775   4816.58266  0.07737         5352.10167     20.91457  0.45635   57253.4683  1.06001  0.00958    19865.94992  48.11362   19.7172  57319.77098    51.15028       44.40343   21.64251  51.15501   44.5     0.1378  -20.72432  0.99996 
  -12.52142  0.00377  1.15241     14.39521  1.69503  0.74401  5.30063  0.28563     0.01055  5418.09256   5399.44891  0.09141         4635.42893     21.03842  0.60694  57252.76858  0.92821  0.01997     33868.0456  47.84502  19.71117     57319.13    50.59175       43.75896   45.25251  51.15501   43.5    0.15117  -20.87559  0.99988 
  -13.07729  0.05122  1.17417     14.42168  1.54136  0.61474  4.82037  0.29655     0.01168  5237.54801   4813.80486   0.1021         4962.47975     20.98923  0.54195  57252.21271  0.78879  0.24691     28302.5512  47.86546  19.74495  57317.37063    51.15897       44.41017   23.61001  49.18751   44.0    0.14895  -20.79887  0.99812 
  -12.20421   0.0099  0.85469     14.58744   1.9601  0.65422  4.87865  0.32931     0.01256   5393.8357   5170.04638  0.09965         5399.37737     21.04016  0.60938  57253.08579  0.84668  0.04832     8888.35829  48.74869  19.73135     57319.13    51.07652       44.31451   21.64251  52.35625   43.0    0.14909  -20.88103  0.99992 
