                MJD               R_low               R_med              R_high               T_low               T_med              T_high                   L_low                   L_med                  L_high 
            55649.7                 0.0                 0.0                 0.0                 nan                 nan                 nan  2.6210936896509026e+31  1.1262353690614348e+32  1.2175576633124836e+33 
 55652.570927318295                 0.0                 0.0                 0.0                 nan                 nan                 nan  2.6210936896509026e+31  1.1262353690614348e+32  1.2175576633124836e+33 
 55655.441854636585                 0.0                 0.0                 0.0                 nan                 nan                 nan  2.6210936896509026e+31  1.1262353690614348e+32  1.2175576633124836e+33 
  55658.31278195488                 0.0                 0.0                 0.0                 nan                 nan                 nan  2.6210936896509026e+31  1.1262353690614348e+32  1.2175576633124836e+33 
  55661.18370927318                 0.0                 0.0                 0.0                 nan                 nan                 nan  2.6210936896509026e+31  1.1262353690614348e+32  1.2175576633124836e+33 
  55664.05463659148                 0.0                 0.0                 0.0                 nan                 nan                 nan  2.6210936896509026e+31  1.1262353690614348e+32  1.2175576633124836e+33 
  55666.92556390977                 0.0                 0.0                 0.0                 nan                 nan                 nan  2.6210936896509026e+31  1.1262353690614348e+32  1.2175576633124836e+33 
 55669.796491228066                 0.0                 0.0                 0.0                 nan                 nan                 nan  2.6210936896509026e+31  1.1262353690614348e+32  1.2175576633124836e+33 
  55672.66741854636                 0.0                 0.0                 0.0                 nan                 nan                 nan  2.6210936896509026e+31  1.1262353690614348e+32  1.2175576633124836e+33 
  55675.53834586466                 0.0                 0.0                 0.0                 nan                 nan                 nan  2.6210936896509026e+31  1.1262353690614348e+32  1.2175576633124836e+33 
  55678.40927318295                 0.0                 0.0                 0.0                 nan                 nan                 nan  2.6210936896509026e+31  1.1262353690614348e+32  1.2175576633124836e+33 
  55681.28020050125                 0.0                 0.0                 0.0                 nan                 nan                 nan  2.6210936896509026e+31  1.1262353690614348e+32  1.2175576633124836e+33 
  55684.15112781955                 0.0                 0.0                 0.0                 nan                 nan                 nan  2.6210936896509026e+31  1.1262353690614348e+32  1.2175576633124836e+33 
 55687.022055137844                 0.0                 0.0                 0.0                 nan                 nan                 nan  2.6210936896509026e+31  1.1262353690614348e+32  1.2175576633124836e+33 
 55689.892982456135                 0.0                 0.0                 0.0                 nan                 nan                 nan  2.6210936896509026e+31  1.1262353690614348e+32  1.2175576633124836e+33 
  55692.76390977443                 0.0                 0.0                 0.0                 nan                 nan                 nan  2.6210936896509026e+31  1.1262353690614348e+32  1.2175576633124836e+33 
  55695.63483709273                 0.0                 0.0                 0.0                 nan                 nan                 nan  2.6210936896509026e+31  1.1262353690614348e+32  1.2175576633124836e+33 
  55698.50576441103                 0.0                 0.0                 0.0                 nan                 nan                 nan  2.6210936896509026e+31  1.1262353690614348e+32  1.2175576633124836e+33 
  55701.37669172932                 0.0                 0.0                 0.0                 nan                 nan                 nan  2.6210936896509026e+31  1.1262353690614348e+32  1.2175576633124836e+33 
 55704.247619047615                 0.0                 0.0                 0.0                 nan                 nan                 nan  2.6210936896509026e+31  1.1262353690614348e+32  1.2175576633124836e+33 
  55707.11854636591                 0.0                 0.0                 0.0                 nan                 nan                 nan  2.6210936896509026e+31  1.1262353690614348e+32  1.2175576633124836e+33 
  55709.98947368421                 0.0                 0.0                 0.0                 nan                 nan                 nan  2.6210936896509026e+31  1.1262353690614348e+32  1.2175576633124836e+33 
   55712.8604010025                 0.0                 0.0                 0.0                 nan                 nan                 nan  2.6210936896509026e+31  1.1262353690614348e+32  1.2175576633124836e+33 
   55715.7313283208                 0.0                 0.0                 0.0                 nan                 nan                 nan  2.6210936896509026e+31  1.1262353690614348e+32  1.2175576633124836e+33 
 55718.602255639096                 0.0                 0.0                 0.0                 nan                 nan                 nan  2.6210936896509026e+31  1.1262353690614348e+32  1.2175576633124836e+33 
 55721.473182957394                 0.0                 0.0                 0.0                 nan                 nan                 nan  2.6210936896509026e+31  1.1262353690614348e+32  1.2175576633124836e+33 
 55724.344110275684                 0.0                 0.0                 0.0                 nan                 nan                 nan  2.6210936896509026e+31  1.1262353690614348e+32  1.2175576633124836e+33 
  55727.21503759398                 0.0                 0.0                 0.0                 nan                 nan                 nan  2.6210936896509026e+31  1.1262353690614348e+32  1.2175576633124836e+33 
  55730.08596491228                 0.0                 0.0                 0.0                 nan                 nan                 nan  2.6210936896509026e+31  1.1262353690614348e+32  1.2175576633124836e+33 
  55732.95689223058                 0.0                 0.0                 0.0                 nan                 nan                 nan  2.6210936896509026e+31  1.1262353690614348e+32  1.2175576633124836e+33 
  55735.82781954887                 0.0                 0.0                 0.0                 nan                 nan                 nan  2.6210936896509026e+31  1.1262353690614348e+32  1.2175576633124836e+33 
 55738.698746867165                 0.0                 0.0                 0.0                 nan                 nan                 nan  2.6210936896509026e+31  1.1262353690614348e+32  1.2175576633124836e+33 
  55741.56967418546                 0.0                 0.0                 0.0                 nan                 nan                 nan  2.6210936896509026e+31  1.1262353690614348e+32  1.2175576633124836e+33 
  55744.44060150375                 0.0                 0.0                 0.0                 nan                 nan                 nan  2.6210936896509026e+31  1.1262353690614348e+32  1.2175576633124836e+33 
  55747.31152882205                 0.0                 0.0                 0.0                 nan                 nan                 nan  2.6210936896509026e+31  1.1262353690614348e+32  1.2175576633124836e+33 
  55750.18245614035                 0.0                 0.0                 0.0                 nan                 nan                 nan  2.6210936896509026e+31  1.1262353690614348e+32  1.2175576633124836e+33 
 55753.053383458646                 0.0                 0.0                 0.0                 nan                 nan                 nan  2.6210936896509026e+31  1.1262353690614348e+32  1.2175576633124836e+33 
 55755.924310776936                 0.0                 0.0                 0.0                 nan                 nan                 nan  2.6210936896509026e+31  1.1262353690614348e+32  1.2175576633124836e+33 
 55758.795238095234                 0.0                 0.0                 0.0                 nan                 nan                 nan  2.6210936896509026e+31  1.1262353690614348e+32  1.2175576633124836e+33 
  55761.66616541353                 0.0                 0.0                 0.0                 nan                 nan                 nan  2.6210936896509026e+31  1.1262353690614348e+32  1.2175576633124836e+33 
  55764.53709273183                 0.0                 0.0                 0.0                 nan                 nan                 nan  2.6210936896509026e+31  1.1262353690614348e+32  1.2175576633124836e+33 
  55767.40802005012                 0.0                 0.0                 0.0                 nan                 nan                 nan  2.6210936896509026e+31  1.1262353690614348e+32  1.2175576633124836e+33 
  55770.27894736842                 0.0                 0.0                 0.0                 nan                 nan                 nan  2.6210936896509026e+31  1.1262353690614348e+32  1.2175576633124836e+33 
 55773.149874686715                 0.0                 0.0                 0.0                 nan                 nan                 nan  2.6210936896509026e+31  1.1262353690614348e+32  1.2175576633124836e+33 
  55776.02080200501                 0.0                 0.0                 0.0                 nan                 nan                 nan  2.6210936896509026e+31  1.1262353690614348e+32  1.2175576633124836e+33 
   55778.8917293233                 0.0                 0.0                 0.0                 nan                 nan                 nan  2.6210936896509026e+31  1.1262353690614348e+32  1.2175576633124836e+33 
   55781.7626566416                 0.0                 0.0                 0.0                 nan                 nan                 nan  2.6210936896509026e+31  1.1262353690614348e+32  1.2175576633124836e+33 
   55784.6335839599                 0.0                 0.0                 0.0                 nan                 nan                 nan  2.6210936896509026e+31  1.1262353690614348e+32  1.2175576633124836e+33 
 55787.504511278195                 0.0                 0.0                 0.0                 nan                 nan                 nan  2.6210936896509026e+31  1.1262353690614348e+32  1.2175576633124836e+33 
 55790.375438596486                 0.0                 0.0                 0.0                 nan                 nan                 nan  2.6210936896509026e+31  1.1262353690614348e+32  1.2175576633124836e+33 
  55793.24636591478                 0.0                 0.0                 0.0                 nan                 nan                 nan  2.6210936896509026e+31  1.1262353690614348e+32  1.2175576633124836e+33 
  55796.11729323308                 0.0                 0.0                 0.0                 nan                 nan                 nan  2.6210936896509026e+31  1.1262353690614348e+32  1.2175576633124836e+33 
  55798.98822055138                 0.0                 0.0                 0.0                 nan                 nan                 nan  2.6210936896509026e+31  1.1262353690614348e+32  1.2175576633124836e+33 
  55801.85914786967                 0.0                 0.0                 0.0                 nan                 nan                 nan  2.6210936896509026e+31  1.1262353690614348e+32  1.2175576633124836e+33 
  55804.73007518797                 0.0                 0.0                 0.0                 nan                 nan                 nan  2.6210936896509026e+31  1.1262353690614348e+32  1.2175576633124836e+33 
 55807.601002506264                 0.0                 0.0                 0.0                 nan                 nan                 nan  2.6210936896509026e+31  1.1262353690614348e+32  1.2175576633124836e+33 
  55810.47192982456                 0.0                 0.0                 0.0                 nan                 nan                 nan  2.6210936896509026e+31  1.1262353690614348e+32  1.2175576633124836e+33 
  55813.34285714285                 0.0                 0.0                 0.0                 nan                 nan                 nan  2.6210936896509026e+31  1.1262353690614348e+32  1.2175576633124836e+33 
  55816.21378446115                 0.0                 0.0                 0.0                 nan                 nan                 nan  2.6210936896509026e+31  1.1262353690614348e+32  1.2175576633124836e+33 
  55819.08471177945                 0.0                 0.0                 0.0                 nan                 nan                 nan  2.6210936896509026e+31  1.1262353690614348e+32  1.2175576633124836e+33 
 55821.955639097745                 0.0                 0.0                 0.0                 nan                 nan                 nan  2.6210936896509026e+31  1.1262353690614348e+32  1.2175576633124836e+33 
 55824.826566416035                 0.0                 0.0                 0.0                 nan                 nan                 nan  2.6210936896509026e+31  1.1262353690614348e+32  1.2175576633124836e+33 
  55827.69749373433                 0.0                 0.0                 0.0                 nan                 nan                 nan  2.6210936896509026e+31  1.1262353690614348e+32  1.2175576633124836e+33 
  55830.56842105263                 0.0                 0.0                 0.0                 nan                 nan                 nan  2.6210936896509026e+31  1.1262353690614348e+32  1.2175576633124836e+33 
  55833.43934837092                 0.0                 0.0                 0.0                 nan                 nan                 nan  2.6210936896509026e+31  1.1262353690614348e+32  1.2175576633124836e+33 
  55836.31027568922                 0.0                 0.0                 0.0                 nan                 nan                 nan  2.6210936896509026e+31  1.1262353690614348e+32  1.2175576633124836e+33 
 55839.181203007516                 0.0                 0.0                 0.0                 nan                 nan                 nan  2.6210936896509026e+31  1.1262353690614348e+32  1.2175576633124836e+33 
 55842.052130325814                 0.0                 0.0                 0.0                 nan                 nan                 nan  2.6210936896509026e+31  1.1262353690614348e+32  1.2175576633124836e+33 
 55844.923057644104                 0.0                 0.0                 0.0                 nan                 nan                 nan  2.6210936896509026e+31  1.1262353690614348e+32  1.2175576633124836e+33 
   55847.7939849624                 0.0                 0.0                 0.0                 nan                 nan                 nan  2.6210936896509026e+31  1.1262353690614348e+32  1.2175576633124836e+33 
   55850.6649122807                 0.0                 0.0                 0.0                 nan                 nan                 nan  2.6210936896509026e+31  1.1262353690614348e+32  1.2175576633124836e+33 
    55853.535839599                 0.0                 0.0                 0.0                 nan                 nan                 nan  2.6210936896509026e+31  1.1262353690614348e+32  1.2175576633124836e+33 
  55856.40676691729                 0.0                 0.0                 0.0                 nan                 nan                 nan  2.6210936896509026e+31  1.1262353690614348e+32  1.2175576633124836e+33 
 55859.277694235585                 0.0                 0.0                 0.0                 nan                 nan                 nan  2.6210936896509026e+31  1.1262353690614348e+32  1.2175576633124836e+33 
  55862.14862155388                 0.0                 0.0                 0.0                 nan                 nan                 nan  2.6210936896509026e+31  1.1262353690614348e+32  1.2175576633124836e+33 
  55865.01954887218                 0.0                 0.0                 0.0                 nan                 nan                 nan  2.6210936896509026e+31  1.1262353690614348e+32  1.2175576633124836e+33 
  55867.89047619047                 0.0                 0.0                 0.0                 nan                 nan                 nan  2.6210936896509026e+31  1.1262353690614348e+32  1.2175576633124836e+33 
  55870.76140350877                 0.0                 0.0                 0.0                 nan                 nan                 nan  2.6210936896509026e+31  1.1262353690614348e+32  1.2175576633124836e+33 
 55873.632330827066                 0.0                 0.0                 0.0                 nan                 nan                 nan  2.6210936896509026e+31  1.1262353690614348e+32  1.2175576633124836e+33 
  55876.50325814536                 0.0                 0.0                 0.0                 nan                 nan                 nan  2.6210936896509026e+31  1.1262353690614348e+32  1.2175576633124836e+33 
 55879.374185463654                 0.0                 0.0                 0.0                 nan                 nan                 nan  2.6210936896509026e+31  1.1262353690614348e+32  1.2175576633124836e+33 
  55882.24511278195                 0.0                 0.0                 0.0                 nan                 nan                 nan  2.6210936896509026e+31  1.1262353690614348e+32  1.2175576633124836e+33 
  55885.11604010025                 0.0                 0.0                 0.0                 nan                 nan                 nan  2.6210936896509026e+31  1.1262353690614348e+32  1.2175576633124836e+33 
  55887.98696741855                 0.0                 0.0                 0.0                 nan                 nan                 nan  2.6210936896509026e+31  1.1262353690614348e+32  1.2175576633124836e+33 
  55890.85789473684                 0.0                 0.0                 0.0                 nan                 nan                 nan  2.6210936896509026e+31  1.1262353690614348e+32  1.2175576633124836e+33 
 55893.728822055135                 0.0                 0.0                 0.0                 nan                 nan                 nan  2.6210936896509026e+31  1.1262353690614348e+32  1.2175576633124836e+33 
  55896.59974937343                 0.0                 0.0                 0.0                 nan                 nan                 nan  2.6210936896509026e+31  1.1262353690614348e+32  1.2175576633124836e+33 
  55899.47067669173                 0.0                 0.0                 0.0                 nan                 nan                 nan  2.6210936896509026e+31  1.1262353690614348e+32  1.2175576633124836e+33 
  55902.34160401002                 0.0                 0.0                 0.0                 nan                 nan                 nan  2.6210936896509026e+31  1.1262353690614348e+32  1.2175576633124836e+33 
  55905.21253132832                 0.0                 0.0                 0.0                 nan                 nan                 nan  2.6210936896509026e+31  1.1262353690614348e+32  1.2175576633124836e+33 
 55908.083458646615                 0.0                 0.0                 0.0                 nan                 nan                 nan  2.6210936896509026e+31  1.1262353690614348e+32  1.2175576633124836e+33 
  55910.95438596491                 0.0                 0.0                 0.0                 nan                 nan                 nan  2.6210936896509026e+31  1.1262353690614348e+32  1.2175576633124836e+33 
   55913.8253132832                 0.0                 0.0                 0.0                 nan                 nan                 nan  2.6210936896509026e+31  1.1262353690614348e+32  1.2175576633124836e+33 
   55916.6962406015                 0.0                 0.0                 0.0                 nan                 nan                 nan  2.6210936896509026e+31  1.1262353690614348e+32  1.2175576633124836e+33 
   55919.5671679198                 0.0                 0.0                 0.0                 nan                 nan                 nan  2.6210936896509026e+31  1.1262353690614348e+32  1.2175576633124836e+33 
  55922.43809523809                 0.0                 0.0                 0.0                 nan                 nan                 nan  2.6210936896509026e+31  1.1262353690614348e+32  1.2175576633124836e+33 
  55925.30902255639                 0.0                 0.0                 0.0                 nan                 nan                 nan  2.6210936896509026e+31  1.1262353690614348e+32  1.2175576633124836e+33 
 55928.179949874684                 0.0                 0.0                 0.0                 nan                 nan                 nan  2.6210936896509026e+31  1.1262353690614348e+32  1.2175576633124836e+33 
  55931.05087719298                 0.0                 0.0                 0.0                 nan                 nan                 nan  2.6210936896509026e+31  1.1262353690614348e+32  1.2175576633124836e+33 
  55933.92180451127                 0.0                 0.0                 0.0                 nan                 nan                 nan  2.6210936896509026e+31  1.1262353690614348e+32  1.2175576633124836e+33 
  55936.79273182957                 0.0                 0.0                 0.0                 nan                 nan                 nan  2.6210936896509026e+31  1.1262353690614348e+32  1.2175576633124836e+33 
  55939.66365914787                 0.0                 0.0                 0.0                 nan                 nan                 nan  2.6210936896509026e+31  1.1262353690614348e+32  1.2175576633124836e+33 
 55942.534586466165                 0.0                 0.0                 0.0                 nan                 nan                 nan  2.6210936896509026e+31  1.1262353690614348e+32  1.2175576633124836e+33 
 55945.405513784455                 0.0                 0.0                 0.0                 nan                 nan                 nan  2.6210936896509026e+31  1.1262353690614348e+32  1.2175576633124836e+33 
  55948.27644110275                 0.0                 0.0                 0.0                 nan                 nan                 nan  2.6210936896509026e+31  1.1262353690614348e+32  1.2175576633124836e+33 
  55951.14736842105                 0.0                 0.0                 0.0                 nan                 nan                 nan  2.6210936896509026e+31  1.1262353690614348e+32  1.2175576633124836e+33 
  55954.01829573935                 0.0                 0.0                 0.0                 nan                 nan                 nan  2.6210936896509026e+31  1.1262353690614348e+32  1.2175576633124836e+33 
  55956.88922305764                 0.0                 0.0                 0.0                 nan                 nan                 nan  2.6210936896509026e+31  1.1262353690614348e+32  1.2175576633124836e+33 
 55959.760150375936                 0.0                 0.0                 0.0                 nan                 nan                 nan  2.6210936896509026e+31  1.1262353690614348e+32  1.2175576633124836e+33 
 55962.631077694234                 0.0                 0.0                 0.0                 nan                 nan                 nan  2.6210936896509026e+31  1.1262353690614348e+32  1.2175576633124836e+33 
  55965.50200501253                 0.0                 0.0                 0.0                 nan                 nan                 nan  2.6210936896509026e+31  1.1262353690614348e+32  1.2175576633124836e+33 
  55968.37293233082                 0.0                 0.0                 0.0                 nan                 nan                 nan  2.6210936896509026e+31  1.1262353690614348e+32  1.2175576633124836e+33 
  55971.24385964912                 0.0                 0.0                 0.0                 nan                 nan                 nan  2.6210936896509026e+31  1.1262353690614348e+32  1.2175576633124836e+33 
  55974.11478696742                 0.0                 0.0                 0.0                 nan                 nan                 nan  2.6210936896509026e+31  1.1262353690614348e+32  1.2175576633124836e+33 
 55976.985714285714                 0.0                 0.0                 0.0                 nan                 nan                 nan  2.6210936896509026e+31  1.1262353690614348e+32  1.2175576633124836e+33 
 55979.856641604005                 0.0                 0.0                 0.0                 nan                 nan                 nan  2.6210936896509026e+31  1.1262353690614348e+32  1.2175576633124836e+33 
   55982.7275689223                 0.0                 0.0                 0.0                 nan                 nan                 nan  2.6210936896509026e+31  1.1262353690614348e+32  1.2175576633124836e+33 
   55985.5984962406                 0.0                 0.0                 0.0                 nan                 nan                 nan  2.6210936896509026e+31  1.1262353690614348e+32  1.2175576633124836e+33 
   55988.4694235589                 0.0                 0.0                 0.0                 nan                 nan                 nan  2.6210936896509026e+31  1.1262353690614348e+32  1.2175576633124836e+33 
  55991.34035087719                 0.0                 0.0                 0.0                 nan                 nan                 nan  2.6210936896509026e+31  1.1262353690614348e+32  1.2175576633124836e+33 
 55994.211278195486                 0.0                 0.0                 0.0                 nan                 nan                 nan  2.6210936896509026e+31  1.1262353690614348e+32  1.2175576633124836e+33 
  55997.08220551378                 0.0                 0.0                 0.0                 nan                 nan                 nan  2.6210936896509026e+31  1.1262353690614348e+32  1.2175576633124836e+33 
  55999.95313283208                 0.0                 0.0                 0.0                 nan                 nan                 nan  2.6210936896509026e+31  1.1262353690614348e+32  1.2175576633124836e+33 
  56002.82406015037                 0.0                 0.0                 0.0                 nan                 nan                 nan  2.6210936896509026e+31  1.1262353690614348e+32  1.2175576633124836e+33 
  56005.69498746867                 0.0                 0.0                 0.0                 nan                 nan                 nan  2.6210936896509026e+31  1.1262353690614348e+32  1.2175576633124836e+33 
  56008.56591478697                 0.0                 0.0                 0.0                 nan                 nan                 nan  2.6210936896509026e+31  1.1262353690614348e+32  1.2175576633124836e+33 
  56011.43684210526                 0.0                 0.0                 0.0                 nan                 nan                 nan  2.6210936896509026e+31  1.1262353690614348e+32  1.2175576633124836e+33 
 56014.307769423554                 0.0                 0.0                 0.0                 nan                 nan                 nan  2.6210936896509026e+31  1.1262353690614348e+32  1.2175576633124836e+33 
  56017.17869674185                 0.0                 0.0                 0.0                 nan                 nan                 nan  2.6210936896509026e+31  1.1262353690614348e+32  1.2175576633124836e+33 
  56020.04962406015                 0.0                 0.0                 0.0                 nan                 nan                 nan  2.6210936896509026e+31  1.1262353690614348e+32  1.2175576633124836e+33 
  56022.92055137844                 0.0                 0.0                 0.0                 nan                 nan                 nan  2.6210936896509026e+31  1.1262353690614348e+32  1.2175576633124836e+33 
  56025.79147869674                 0.0                 0.0                 0.0                 nan                 nan                 nan  2.6210936896509026e+31  1.1262353690614348e+32  1.2175576633124836e+33 
 56028.662406015035                 0.0                 0.0                 0.0                 nan                 nan                 nan  2.6210936896509026e+31  1.1262353690614348e+32  1.2175576633124836e+33 
  56031.53333333333                 0.0                 0.0                 0.0                 nan                 nan                 nan  2.6210936896509026e+31  1.1262353690614348e+32  1.2175576633124836e+33 
  56034.40426065162                 0.0                 0.0                 0.0                 nan                 nan                 nan  2.6210936896509026e+31  1.1262353690614348e+32  1.2175576633124836e+33 
  56037.27518796992                 0.0                 0.0                 0.0                 nan                 nan                 nan  2.6210936896509026e+31  1.1262353690614348e+32  1.2175576633124836e+33 
  56040.14611528822                 0.0                 0.0                 0.0                 nan                 nan                 nan  2.6210936896509026e+31  1.1262353690614348e+32  1.2175576633124836e+33 
 56043.017042606516                 0.0                 0.0                 0.0                 nan                 nan                 nan  2.6210936896509026e+31  1.1262353690614348e+32  1.2175576633124836e+33 
  56045.88796992481                 0.0                 0.0                 0.0                 nan                 nan                 nan  2.6210936896509026e+31  1.1262353690614348e+32  1.2175576633124836e+33 
 56048.758897243104                 0.0                 0.0                 0.0                 nan                 nan                 nan  2.6210936896509026e+31  1.1262353690614348e+32  1.2175576633124836e+33 
   56051.6298245614                 0.0                 0.0                 0.0                 nan                 nan                 nan  2.6210936896509026e+31  1.1262353690614348e+32  1.2175576633124836e+33 
   56054.5007518797                 0.0                 0.0                 0.0                 nan                 nan                 nan  2.6210936896509026e+31  1.1262353690614348e+32  1.2175576633124836e+33 
  56057.37167919799                 0.0                 0.0                 0.0                 nan                 nan                 nan  2.6210936896509026e+31  1.1262353690614348e+32  1.2175576633124836e+33 
  56060.24260651629                 0.0                 0.0                 0.0                 nan                 nan                 nan  2.6210936896509026e+31  1.1262353690614348e+32  1.2175576633124836e+33 
 56063.113533834585                 0.0                 0.0                 0.0                 nan                 nan                 nan  2.6210936896509026e+31  1.1262353690614348e+32  1.2175576633124836e+33 
  56065.98446115288                 0.0                 0.0                 0.0                 nan                 nan                 nan  2.6210936896509026e+31  1.1262353690614348e+32  1.2175576633124836e+33 
  56068.85538847117                 0.0                 0.0                 0.0                 nan                 nan                 nan  2.6210936896509026e+31  1.1262353690614348e+32  1.2175576633124836e+33 
  56071.72631578947                 0.0                 0.0                 0.0                 nan                 nan                 nan  2.6210936896509026e+31  1.1262353690614348e+32  1.2175576633124836e+33 
  56074.59724310777                 0.0                 0.0                 0.0                 nan                 nan                 nan  2.6210936896509026e+31  1.1262353690614348e+32  1.2175576633124836e+33 
 56077.468170426066                 0.0                 0.0                 0.0                 nan                 nan                 nan  2.6210936896509026e+31  1.1262353690614348e+32  1.2175576633124836e+33 
 56080.339097744356                 0.0                 0.0                 0.0                 nan                 nan                 nan  2.6210936896509026e+31  1.1262353690614348e+32  1.2175576633124836e+33 
  56083.21002506265                 0.0                 0.0                 0.0                 nan                 nan                 nan  2.6210936896509026e+31  1.1262353690614348e+32  1.2175576633124836e+33 
  56086.08095238095                 0.0                 0.0                 0.0                 nan                 nan                 nan  2.6210936896509026e+31  1.1262353690614348e+32  1.2175576633124836e+33 
  56088.95187969925                 0.0                 0.0                 0.0                 nan                 nan                 nan  2.6210936896509026e+31  1.1262353690614348e+32  1.2372139626051147e+33 
  56091.82280701754                 0.0                 0.0                 0.0                 nan                 nan                 nan  2.6210936896509026e+31  1.1262353690614348e+32  1.2372139626051147e+33 
  56094.69373433584                 0.0                 0.0                 0.0                 nan                 nan                 nan  2.6210936896509026e+31  1.1262353690614348e+32   1.421073339725811e+33 
 56097.564661654134                 0.0                 0.0                 0.0                 nan                 nan                 nan  2.6210936896509026e+31  1.1262353690614348e+32    1.44956028580976e+33 
 56100.435588972425                 0.0                 0.0                 0.0                 nan                 nan                 nan  2.6210936896509026e+31  1.1262353690614348e+32  1.8835769787604777e+33 
  56103.30651629072                 0.0                 0.0                 0.0                 nan                 nan                 nan  2.6210936896509026e+31  1.1262353690614348e+32  2.5493287475690808e+33 
  56106.17744360902                 0.0                 0.0                 0.0                 nan                 nan                 nan  2.6210936896509026e+31  1.1262353690614348e+32   2.623362989657952e+33 
  56109.04837092732                 0.0                 0.0                 0.0                 nan                 nan                 nan  2.6210936896509026e+31   1.332886623064765e+32   9.569244549861508e+33 
  56111.91929824561                 0.0                 0.0  124642179095939.16    64231.4405991853                 nan                 nan  2.6210936896509026e+31  1.4407201120466981e+32  1.2394891514061541e+44 
 56114.790225563906                 0.0                 0.0  254903295778713.38   48696.88927766593                 nan                 nan  2.6210936896509026e+31  1.6921581327757626e+32   2.658778311006048e+44 
   56117.6611528822                 0.0                 0.0   408496495906274.6  41266.123092673064                 nan                 nan  2.6210936896509026e+31   2.308161584537831e+32   3.228278588983767e+44 
   56120.5320802005                 0.0                 0.0   549869767506227.0   36437.24635029966                 nan                 nan  2.6446709275022247e+31   5.360473351099462e+33   3.734166901551844e+44 
  56123.40300751879                 0.0  131491363256944.78   688023614039360.4  33068.901934841444   60598.54505864534                 nan  2.6709223572797545e+31   9.264054998499272e+43   4.078089497418612e+44 
  56126.27393483709                 0.0  269135021087581.28   825823378103207.6  30142.831475035237   47034.63864137589                 nan  3.0536389549212845e+31   2.076287867868872e+44   4.334578552982994e+44 
  56129.14486215539                 0.0   405946937048221.9   968742079731031.2  27732.431992115897   39708.73302393079                 nan   6.486365026961178e+31    2.76108238856275e+44   4.884221242843535e+44 
 56132.015789473684   42978112092382.03   544714944816780.6  1120235726103622.8  25565.828661905052   35218.14274772983    66720.8974834089   7.763846227770349e+42   3.071427387360984e+44   5.149335646663981e+44 
 56134.886716791974  182161072633045.97   672622841968458.2  1267441900103457.0  23717.337621802726   31987.83350720256  50191.447614957106    8.88258996217567e+43  3.1597857273084585e+44   5.113428282473419e+44 
  56137.75764411027   315552129333296.8   816291940927644.2  1413144962221668.2  22045.897882831236   29423.12828227102   42616.77585290975  1.6098603686983644e+44   3.124758628865777e+44   4.720665234688992e+44 
  56140.62857142857  445540422040184.94   946834600067932.0  1593193168729740.8  20536.228049803216  27219.967576363895  37475.302955283994  1.9090826220590112e+44   3.092227562277012e+44   4.620927773399478e+44 
  56143.49949874687   564110056423308.6  1070157719541230.2  1745612782182476.5  19164.035267843177  25159.185815234057   33729.71901226812  1.9805036826839034e+44  2.9333956888403487e+44   4.368497556681348e+44 
  56146.37042606516   692086565888375.8  1196018373478198.5  1896327786612251.0  17883.950945769735  23317.064047267795  30521.061295716405   2.067586110047764e+44    2.75644149571735e+44  3.8533895418545195e+44 
 56149.241353383455   821783939959117.9  1327239808728159.8  2045341496284674.8  16834.895507827987  21634.807543978834   27703.74681597289  1.9977375550654687e+44   2.536358009675422e+44  3.4276428940392395e+44 
            56149.7   841535796023265.8  1347259122030742.2  2069147265704204.5  16641.160622110317   21374.32555293507  27313.274279008503   1.982458888992616e+44  2.4969754566851113e+44   3.365364577067417e+44 
  56152.11228070175   952597277879474.9  1463625452321766.5  2194355205957098.0  15711.806721025823  20052.046176340024  25229.604185823813  1.8939462912011123e+44  2.3309676885935977e+44  3.0251843736664955e+44 
  56154.98320802005  1095481885574296.2  1608369723472729.0  2385260538337196.0  14680.353559044424   18439.56522408741  23228.754495972833  1.7080613207667398e+44  2.0721889011257563e+44  2.6358914522949526e+44 
  56157.85413533834  1249295005202900.0  1750369362550343.5  2562054941806909.5  13747.486001010066  17069.043026309722  21149.039212948795  1.5171115763256895e+44  1.7903966356295315e+44   2.238097791961836e+44 
            56158.3  1271989484754125.2  1773941403019575.2  2587677674359231.0  13614.113346228838  16882.423186588872  20818.543389390914  1.4876359131127087e+44   1.752182892114181e+44   2.178938829378564e+44 
  56160.72506265664  1392631083036255.2  1890538213936705.2  2709237822887629.0  12891.738587208294  15917.500554177746  19035.617194174534  1.3310052219379588e+44  1.5614831979709881e+44   1.880869332083584e+44 
 56163.595989974936  1525988200411698.5  2029065821567736.2  2854155462456083.0   12089.18583557319  14709.859176911343    17502.2516869832  1.1623932438528258e+44  1.3361241212309589e+44  1.5860883544411776e+44 
            56164.3  1560255770427782.0  2063476070493684.0  2894303259847588.5  11900.536906740777  14462.642745073728   17182.22741812796  1.1249332069820341e+44  1.2822506547812524e+44  1.5254056022076545e+44 
            56166.4  1662472918581149.2  2166118817289181.5  3007275354881192.5  11342.232315625186  13690.022232016054  16175.190505531038  1.0006868955787487e+44  1.1245176670984255e+44  1.3469240125065083e+44 
  56166.46691729323  1665730106617498.5  2169389567187023.5  3011439947453095.5  11326.619599809654  13666.732092097736   16137.70613081634    9.97278530636993e+43  1.1198572333654664e+44  1.3412219001427211e+44 
 56169.337844611524  1790726438002649.2  2305200872435659.0  3180454582945708.5  10582.551862688253   12691.68577752692  14781.478264341593   8.520475349793955e+43   9.357636274251458e+43  1.1081169072789634e+44 
  56172.20877192982  1917085325744293.8  2443985187858279.0  3342413383358592.5   9915.802239818135  11814.412511713705  13678.072846474248   7.190334345123545e+43   7.929874632972822e+43   9.389885697281025e+43 
  56175.07969924812  2047192369335592.8  2586410356069153.0  3500387104162792.5   9371.039881868792  11094.189965307894  12625.584419377214   6.101694220411682e+43   6.671941920265893e+43   7.966959654086294e+43 
  56177.95062656641  2176807522208630.2  2714907700587964.5  3654981634575325.0   8884.468492130256   10341.16715706452  11721.696448303006   5.241721789659134e+43   5.763274724941096e+43   6.896659848580075e+43 
            56179.6  2249359407099334.2  2788235216518651.0  3743797575618532.0   8620.414676957069   9969.748442445722  11253.564729405865   4.811687122538797e+43   5.256598089749318e+43    6.32448398167657e+43 
  56180.82155388471  2303092561172463.5  2853726637228814.5  3809576164988249.0    8421.76691972967   9701.726130864718    10945.3808122436   4.517389356875039e+43   4.923777297311992e+43   5.925577667753776e+43 
 56183.692481203005  2413224819175983.0  3002062228324207.0  3964170695401172.0  7984.0735491499145   9136.080060459872   10232.20144945105   3.940706812116244e+43   4.275787178889817e+43   5.121828752347559e+43 
            56186.3  2521660011096766.5  3123822971004763.0  4104581127039630.5   7624.898031313114   8670.614683707325   9600.336745552795   3.486996851027464e+43  3.7833973592007577e+43   4.555204431132433e+43 
   56186.5634085213  2533112184088386.5  3136476788217368.0  4118765225814096.5    7590.58057360711   8625.947593818499   9542.476280157929  3.4456308970058774e+43  3.7424973712532557e+43   4.504137447279927e+43 
  56189.43433583959  2659302547474456.0  3286304560959134.0  4273359756226628.5   7242.692551110673   8156.468753428317   9006.685245207516  3.0375945996509803e+43   3.311819236553939e+43   3.875287092601249e+43 
  56192.30526315789  2786448004109345.0  3426996147948589.0  4421863327214739.5   6927.938636339366    7752.86098458179   8553.128618382108  2.7038885286584117e+43   2.969072187515087e+43   3.462519254911706e+43 
            56194.3  2875646305485987.0  3533809445181208.5  4535294364218963.0   6726.601874762676   7500.024668775171    8253.14334487379  2.5088329018585264e+43  2.7617103849893346e+43   3.197035381733906e+43 
  56195.17619047619  2915317983469413.0  3575747285517868.0  4582548817052475.0   6642.171558244767   7396.589436966761   8122.938225703236  2.4351378053232976e+43  2.6822920222499766e+43   3.098104796506576e+43 
 56198.047117794486  3045306276176301.0  3713681164783760.0  4737143347465400.0   6381.213647134987   7084.953870819012  7722.4481339405165  2.1858172421543897e+43   2.422085266962251e+43   2.808940853084127e+43 
 56200.918045112776  3172278727255720.0  3855829947798281.0  4891737877877932.0   6143.020078177058   6809.722561698925   7368.822933989854  1.9906032548863843e+43  2.2148849684532708e+43  2.5765307115746554e+43 
  56203.78897243107  3294713428512164.0  3994047376844206.0  5046332408290857.0    5925.20668918137   6553.141370492418  7049.6868299997805  1.8190666028136723e+43  2.0308335692352196e+43   2.363404868134316e+43 
  56206.65989974937  3420330442102127.0  4134620569501742.0  5200926938703780.0   5725.865796075748  6307.8668817231455   6764.070263305277  1.6678857131255823e+43  1.8698420173539823e+43   2.178196004933662e+43 
  56209.53082706767  3545947455692090.0  4277295415145542.5  5355521469116704.0   5542.777737760266    6095.00632383519    6509.18250583774  1.5342230111673005e+43  1.7341276986494308e+43  2.0250177033286232e+43 
            56210.3  3581329461217718.0  4314981115471255.0  5396940117203917.0   5496.143377275572   6040.552057961902   6444.587184347793  1.5049435722900854e+43  1.6996722785484726e+43  1.9876424883804877e+43 
  56212.40175438596  3678614367870781.5  4417956769732815.0  5520783685403937.0   5373.634957891269   5890.976257593576   6275.389149790001  1.4214050714006654e+43   1.610659121083587e+43  1.8900574170094334e+43 
  56215.27268170426  3803559041047457.0  4558618124320444.0  5689111792848909.0   5217.964565502993   5695.472120966591   6059.029098366188  1.3209748280733797e+43  1.5039273490347619e+43  1.7757375761206223e+43 
 56218.143609022554  3938452947494980.0  4702967291335503.0  5856275141693454.0   5069.506088549431    5511.83104453745   5861.551007761794   1.237408210596717e+43  1.4086462567700974e+43  1.6754255851783536e+43 
  56221.01453634085  4067806964350176.5  4845862828849140.0  6006317157114183.0    4930.52978323462   5341.006843462599   5679.315925710958   1.158617861790633e+43  1.3211536085942679e+43  1.5796322569157757e+43 
            56223.5  4171876473257644.0  4968674412572554.0  6136213854357878.0  4818.1535044434795    5204.09925029722   5532.153104421818  1.0957634688244382e+43   1.253225680465487e+43  1.5070615319809933e+43 
  56223.88546365914  4187580101454076.0  4986925286251884.0  6156359172534532.0   4801.279782916101   5183.549305883644   5509.893986284922  1.0865747675633781e+43   1.243533268831029e+43  1.4970702210766142e+43 
  56226.75639097744  4307168227780222.5  5122717197377391.0  6306401187955261.0   4679.258760787071   5036.040271254774  5346.8212566749935  1.0228064162411331e+43  1.1751870106229933e+43  1.4261704616030066e+43 
  56229.62731829574  4432250242035202.5  5258509108502898.0  6456443203375991.0  4563.6538330127305   4903.831656555224   5192.566630928026   9.685853753952677e+42  1.1145878511256652e+43  1.3496645917371031e+43 
 56232.498245614035  4555496047876116.0  5394301019628405.0  6606485218796720.0   4454.245625366429   4780.406182404635   5051.997392179567   9.208162983753085e+42  1.0571863984109555e+43  1.2798544629937024e+43 
            56233.4  4591209027109540.0  5436953075170092.0  6653613212815427.0   4421.057659406387   4743.447043447093   5010.798842904537   9.068041321765334e+42  1.0396841497876794e+43   1.260124180901908e+43 
 56235.369172932325  4671638621079608.0  5530092930753568.0  6756366613725416.0   4350.322872486647   4664.364286824197   4923.176196815003   8.729499988720446e+42  1.0031967287933555e+43  1.2186130275101197e+43 
  56238.24010025062  4788899789328422.0  5671571411361996.0  6902645949908059.0   4250.533082160115   4553.566005865403   4797.002024606067   8.272774760277029e+42   9.557419492054083e+42   1.161648950844343e+43 
  56241.11102756892  4908746316546026.0  5827406970514174.0  7056061303657691.0   4151.873121678958   4441.895337129378    4673.53162321449   7.879635584412668e+42   9.085782144744624e+42  1.1056213192445786e+43 
  56243.98195488722  5033010276534470.0  5984947871154482.0  7210655834070615.0   4063.712082517872   4337.476739184707   4554.801367834123   7.522881430316282e+42   8.676569189928976e+42  1.0526363019285548e+43 
  56246.85288220551  5157274236522599.0  6142486292918869.0  7365250364483147.0   3980.118736404238   4235.300261437309    4443.67686461828   7.190733552707174e+42   8.272848201226563e+42  1.0010980207907314e+43 
 56249.723809523806  5281538196511043.0  6291717915796532.0  7531970221843310.0   3896.418916091645   4136.815231242053   4340.265949893949   6.865640873124037e+42   7.906744889253003e+42   9.574704255110927e+42 
 56252.594736842104  5405802156499488.0  6440949538674196.0  7694407850232707.0   3815.275512297362   4043.395722204209   4238.700159329675   6.551683879604351e+42   7.567972708537845e+42   9.156350396854778e+42 
            56254.2  5475283663590252.0  6521329400497386.0  7785233953229862.0   3769.013105849621   3993.888590992751  4184.4083158387175   6.385040225256072e+42   7.385192528229285e+42   8.928546574781764e+42 
   56255.4656641604  5530066116487932.0  6581616146899821.0  7856845478622103.0  3732.2515091713585   3957.087431479551   4143.134912644291   6.258995225667623e+42   7.248734361172114e+42   8.746372733913108e+42 
  56258.33659147869  5655039733457870.0  6718365588491254.0  8019283107011087.0  3652.8717218203756  3877.5435503850476   4054.292163118709   5.999587133185935e+42   6.952260587386451e+42   8.372999886146615e+42 
  56261.20751879699  5780951647821277.0  6855115030083034.0  8148267305392626.0  3584.0045205485058  3802.1990459942303   3969.544765108606   5.749703024274093e+42   6.673001813647022e+42    8.02758330245766e+42 
  56264.07844611529  5909629763862076.0  6994393626639240.0  8292817546960297.0  3506.8015839677664  3729.1036431559214  3888.1310059576304   5.499088101808937e+42   6.404629365201978e+42   7.716478324632123e+42 
 56266.949373433585  6039076874543417.0  7137810381255644.0  8447412077373222.0  3441.3937690558137  3649.7124303433484  3809.8431228208624  5.2766804568548623e+42   6.165578618419231e+42   7.432962205740288e+42 
            56268.2  6095581749105665.0  7198071385794172.0  8514756180974944.0  3414.5136641817494   3615.485764288715   3776.624640609092   5.184068282402771e+42   6.062637695812614e+42   7.309893805639318e+42 
 56269.820300751875  6169359879971091.0  7275754925275611.0  8602006607785754.0  3380.4855019641477  3576.0636313374307   3734.422980137042  5.0680394892142756e+42   5.927243114307361e+42   7.145785442937552e+42 
  56272.69122807017  6296283106495955.0  7413398381541882.0  8756601138198678.0    3320.97082857506  3506.5042320298744  3661.8856796480236   4.869971514113222e+42   5.692303234174645e+42   6.858872063477426e+42 
  56275.56215538847  6427616419395639.0  7527714943208389.0  8776391589585397.0  3274.0584576888978  3436.5995587159714  3591.9569887967923   4.672082722097163e+42  5.4807062049738306e+42   6.586159040567053e+42 
  56278.43308270676  6558099540403237.0  7641624730774679.0  8890905284670471.0  3219.9905710932585  3371.2986729336426  3526.5663106087245  4.4993359229274073e+42   5.273814922508124e+42   6.328743134438594e+42 
  56281.30401002506  6682276851618488.0  7772583721714451.0  9017476404590106.0  3169.9737520650533    3310.31451645836  3458.0534751870773  4.3354575599170045e+42   5.063213162166172e+42   6.099314965664328e+42 
 56284.174937343356  6800789713565070.0  7904159960604100.0  9102713707223576.0  3119.6649920714653  3257.4936178413263  3396.0828541895153    4.17847203954313e+42  4.8760777584814425e+42   5.894596286046915e+42 
  56287.04586466165  6905462758485917.0  8000501435800094.0  9144945602856304.0   3080.595552415221  3215.9651539478145  3338.8544298813395   4.034654171041289e+42   4.701039358132398e+42    5.69940200861359e+42 
 56289.916791979944  6984095581287292.0  8094498915146342.0  9059307746651680.0  3057.2086117434496   3174.076215237207  3281.1548779074587   3.897232598407048e+42   4.538571577328163e+42   5.507588362589447e+42 
  56292.78771929824  7050982363020282.0  8014010718969632.0  9024592408377804.0  3042.3609319056222  3130.6238158055353   3236.143461162105  3.7544975435290556e+42   4.394632876451086e+42  5.3004324045621645e+42 
            56295.2  7097336183088150.0  7943279681460544.0  8901793274824837.0  3033.4580808030273  3106.9750823237773   3221.512073322566   3.644391235227298e+42   4.260492967610451e+42    5.13341063688613e+42 
  56295.65864661654  7117473309041254.0  7920507436389068.0  8873192646526174.0  3028.6353130814673   3103.119904951941  3214.8425979445447  3.6250860752220855e+42   4.233840185627398e+42   5.102373588420337e+42 
  56298.52957393484  7166223620740915.0  7811317601111674.0  8757377116198278.0   3025.358086543549   3087.070844143517  3209.4027085297253  3.5069047128990083e+42  4.0622257250065785e+42  4.9104996857346876e+42 
  56301.40050125313  7144930455096340.0  7778971050299818.0  8646394893442453.0   3022.678924768963   3076.407168696064   3189.970890075614   3.374172074792322e+42   3.896959760138478e+42  4.7302793768829424e+42 
 56304.271428571425  7008057040225399.0  7651726324546466.0  8485031785386130.0   3021.613029898202   3076.407168696064    3187.83165026373  3.2482352937432547e+42   3.757251909890614e+42   4.542616032212963e+42 
  56307.14235588972  6854476357770539.0  7516699591281722.0  8342009536625208.0   3021.613029898202   3075.883896378093  3186.8956674802203  3.1393696535259436e+42   3.623899839124278e+42   4.367691322817744e+42 
  56310.01328320802  6725517909857700.0  7384656285187971.0  8195221411226403.0  3020.4585140027884   3075.883896378093  3186.8956674802203   3.040858955855036e+42  3.5014420802552877e+42  4.2208215474544076e+42 
  56312.88421052631  6597381237965780.0  7268137127680700.0  8045115936672855.0  3020.4585140027884   3075.123977577531  3186.8956674802203  2.9465566308091423e+42   3.388605303580306e+42   4.072416864425194e+42 
  56315.75513784461  6471173385690925.0  7155315541030666.0  7896397170321777.0  3020.4585140027884   3075.123977577531  3186.8956674802203   2.840702592014279e+42   3.289992070482234e+42    3.92981103277884e+42 
 56318.626065162905  6363211955504817.0  7041965216896322.0  7748252820897272.0  3020.4585140027884   3075.123977577531  3186.8956674802203  2.7390336762303373e+42   3.192106448643077e+42   3.811260871719224e+42 
   56321.4969924812  6239753829123208.0  6927370613363486.0  7602796879795221.0  3020.4585140027884   3075.123977577531  3186.8956674802203  2.6300884368618006e+42   3.090933536605326e+42  3.6965154683260054e+42 
  56324.36791979949  6113200409925210.0  6813796128221508.0  7487023436745907.0  3020.4585140027884   3075.123977577531  3186.8956674802203   2.521954906867361e+42    2.99070388978841e+42   3.581832040376768e+42 
  56327.23884711779  5989742161701665.0  6683651240761298.0  7376229895091462.0  3020.4585140027884   3075.123977577531  3186.8956674802203   2.419668984869512e+42   2.891720108375839e+42  3.4535322419042483e+42 
  56330.10977443609  5870923946063138.0  6570420684977801.0  7258609997292799.0  3020.4585140027884   3075.123977577531  3186.8956674802203   2.341383001309452e+42   2.798468858008453e+42  3.3292550019698206e+42 
 56332.980701754386  5767402416672683.0  6467503400628642.0  7147789951940509.0  3020.4585140027884   3075.123977577531  3186.8956674802203  2.2696495337194458e+42    2.71170702256205e+42   3.211816978567209e+42 
  56335.85162907268  5672756354202390.0  6361574664961565.0  7033588671332150.0  3020.4585140027884   3075.123977577531  3186.8956674802203  2.1957001766753913e+42  2.6283776510910022e+42   3.119863742538233e+42 
 56338.722556390974  5571155216378319.0  6252579308932026.0  6932293025312744.0  3020.4585140027884   3075.123977577531  3186.8956674802203  2.1174841749145714e+42  2.5545727430151993e+42  3.0196452924363055e+42 
  56341.59348370927  5483833704736305.0  6161563256906778.0  6845486834690327.0  3020.4585140027884   3075.123977577531  3186.8956674802203  2.0412189274235364e+42   2.470097630597795e+42   2.919436718925097e+42 
  56344.46441102757  5386506330320935.0  6057533487362996.0  6743733947973827.0  3020.4585140027884   3075.123977577531  3186.8956674802203   1.961524632717735e+42  2.3972363706959247e+42  2.8263169408744304e+42 
  56347.33533834586  5294789769685410.0  5967581495718284.0  6649126162403452.0  3020.4585140027884   3075.123977577531  3186.8956674802203  1.8846154213153016e+42   2.332792036504258e+42  2.7543766642493363e+42 
  56350.20626566416  5201110086372410.0  5876776709660308.0  6559020766508899.0  3020.4585140027884   3075.123977577531  3186.8956674802203   1.820585063732287e+42  2.2678486100117562e+42    2.68301574003084e+42 
 56353.077192982455  5110393784986470.0  5780239768171212.0  6473957090420216.0  3020.4585140027884   3075.123977577531  3186.8956674802203   1.755133934540828e+42  2.1907615668469487e+42  2.6082150775944062e+42 
 56355.948120300745  5013878504133805.0  5693494949595221.0  6385906213263246.0  3020.4585140027884   3075.123977577531  3186.8956674802203  1.7022905758360664e+42  2.1163841309916807e+42   2.542987258442866e+42 
  56358.81904761904  4921333834409741.0  5608447317540380.0  6303412525627000.0  3020.4585140027884   3075.123977577531  3186.8956674802203   1.641637966626235e+42   2.039836822738618e+42   2.482211437286843e+42 
  56361.68997493734  4848491063231031.0  5537651124272098.0  6226835555840472.0  3020.4585140027884   3075.123977577531  3186.8956674802203  1.5864251015235165e+42   1.969545286039483e+42  2.4241121503223742e+42 
  56364.56090225564  4770698035911993.0  5464307900096524.0  6148149038222833.0  3020.4585140027884   3075.123977577531  3186.8956674802203  1.5312998802431967e+42  1.9083392862532992e+42  2.3676070413218804e+42 
  56367.43182957393  4692395254449056.0  5379534374301182.0  6075125484075602.0  3020.4585140027884   3075.123977577531  3186.8956674802203    1.47905655106367e+42   1.856636523464499e+42  2.3084704011077628e+42 
 56370.302756892226  4621372105262657.0  5299506832443045.0  6005071797594398.0  3020.4585140027884   3075.123977577531  3186.8956674802203   1.427542198717999e+42  1.8058143793176155e+42  2.2521058889886243e+42 
 56373.173684210524  4544974357000799.0  5213629331749582.0  5932989786386135.0  3020.4585140027884   3075.123977577531  3186.8956674802203  1.3809925862891089e+42  1.7618130868706166e+42   2.200201811913701e+42 
  56376.04461152882  4465797630629583.0  5137291016822515.0  5862076777441805.0  3020.4585140027884   3075.123977577531  3186.8956674802203  1.3359798927846692e+42  1.7143843203043035e+42  2.1509016949162954e+42 
  56378.91553884711  4388455349926292.0  5065466092437103.0  5790865991868086.0  3020.4585140027884   3075.123977577531  3186.8956674802203  1.2918342404699648e+42  1.6690853506225713e+42   2.103145724031959e+42 
  56381.78646616541  4322147580924638.5  4996001424050168.0  5716630207019279.0  3020.4585140027884   3075.123977577531  3186.8956674802203  1.2484940110217796e+42   1.620856851118245e+42  2.0568674633782537e+42 
  56384.65739348371  4256785333465761.0  4910832645712004.0  5646689945496090.0  3020.4585140027884   3075.123977577531  3186.8956674802203  1.2074864314867849e+42  1.5729576913656865e+42  2.0047630632955254e+42 
 56387.528320802005  4191609945157072.0  4826839440157600.0  5572066545400676.0  3020.4585140027884   3075.123977577531  3186.8956674802203  1.1677073021818777e+42   1.530533699283286e+42  1.9450937263743764e+42 
 56390.399248120295  4132801382604881.0  4748119788944390.0  5497749367394631.0  3020.4585140027884   3075.123977577531  3186.8956674802203  1.1272411552731025e+42  1.4881128657142763e+42  1.8935885220299702e+42 
  56393.27017543859  4064525416003916.0  4671559589212816.0  5426462135552415.0  3020.4585140027884   3075.123977577531  3186.8956674802203  1.0873290062004951e+42  1.4466192361030726e+42   1.849542743771488e+42 
  56396.14110275689  3991504839720195.5  4606648327313336.0  5351034176203788.0  3020.4585140027884   3075.123977577531  3186.8956674802203  1.0489478770306495e+42   1.404325941940637e+42  1.8056182669160095e+42 
  56399.01203007519  3924181120587801.0  4532469423218226.0  5279643609061948.0  3020.4585140027884   3075.123977577531  3186.8956674802203   1.012036617551845e+42  1.3657718384702168e+42  1.7675708732767138e+42 
  56401.88295739348  3858765336498182.5  4480666597643240.0  5206732319003019.0  3020.4585140027884   3075.123977577531  3186.8956674802203   9.765364799526041e+41  1.3212553183143976e+42  1.7309175705532478e+42 
 56404.753884711776  3795737658924115.0  4419189353867627.0  5131006318649538.0  3020.4585140027884   3075.123977577531  3186.8956674802203   9.423910432549921e+41   1.281714490782753e+42  1.6866345834997392e+42 
  56407.62481203007  3733980555787244.5  4354531913953212.0  5056923657349088.0  3020.4585140027884   3075.123977577531  3186.8956674802203    9.10061142764482e+41  1.2420132337913944e+42   1.637640821131882e+42 
  56410.49573934837  3667358103631653.5  4293228651575777.5  4988883693522753.0  3020.4585140027884   3075.123977577531  3186.8956674802203   8.813852497908772e+41  1.2061994318668256e+42  1.5911267181101086e+42 
  56413.36666666666  3603167297221113.0  4234912117172017.5  4918937373649331.0  3020.4585140027884   3075.123977577531  3186.8956674802203   8.553794954258388e+41  1.1707613482595437e+42   1.551210964938853e+42 
  56416.23759398496  3540988921666878.5  4177584525351715.5  4864129812968904.0  3020.4585140027884   3075.123977577531  3186.8956674802203   8.307424079232716e+41  1.1398176261027195e+42  1.5109855334378534e+42 
  56419.10852130326  3480129195752857.5  4118191257568053.0  4809257493392239.0  3020.4585140027884   3075.123977577531  3186.8956674802203   8.051933449562146e+41  1.1092585670554923e+42   1.471938926789613e+42 
 56421.979448621554  3420557083424140.0  4060175794013394.5  4756812498574589.0  3020.4585140027884   3075.123977577531  3186.8956674802203   7.791327365540143e+41  1.0766635943280569e+42   1.437656646660274e+42 
 56424.850375939845  3362643404666978.0  4007178525471694.5  4708940981421160.0  3020.4585140027884   3075.123977577531  3186.8956674802203   7.540071781981334e+41  1.0498027470382277e+42  1.4079213129741893e+42 
  56427.72130325814  3304046766281839.5  3946086320999059.0  4656502823735723.0  3020.4585140027884   3075.123977577531  3186.8956674802203   7.298138518406232e+41  1.0249769107166253e+42  1.3789036909743716e+42 
  56430.59223057644  3246395624689128.0  3894118423444058.5  4602273319261821.0  3020.4585140027884   3075.123977577531  3186.8956674802203   7.064865904064255e+41  1.0009068697433961e+42  1.3525553388034789e+42 
  56433.46315789474  3190028879030688.0  3847892006623881.5  4540947147421263.0  3020.4585140027884   3075.123977577531  3186.8956674802203   6.843697269048448e+41   9.775666737756417e+41  1.3269034762861285e+42 
  56436.33408521303  3136045655072720.5  3802503646699266.5  4482240503147025.5  3020.4585140027884   3075.123977577531  3186.8956674802203  6.6326564490011036e+41   9.549303220329414e+41  1.3019219696270735e+42 
 56439.205012531325  3083973070218928.0  3753202270830344.0  4426549722721860.0  3020.4585140027884   3075.123977577531  3186.8956674802203   6.429118973653576e+41   9.310236495874394e+41  1.2775858118126231e+42 
  56442.07593984962  3033025011744745.0  3704625214186450.0  4369737169198799.0  3020.4585140027884   3075.123977577531  3186.8956674802203  6.2327904172355336e+41   9.049277035481087e+41  1.2521236035311731e+42 
  56444.94686716792  2983173082015926.5  3658388087591694.0  4324104467810929.5  3020.4585140027884   3075.123977577531  3186.8956674802203    6.04338750263756e+41    8.79693368313148e+41  1.2239303473577481e+42 
  56447.81779448621  2934389364223032.0  3612554205054884.0  4279609782559734.5  3020.4585140027884   3075.123977577531  3186.8956674802203   5.860639686175697e+41   8.576015868088204e+41  1.1963725756071637e+42 
  56450.68872180451  2886646814328401.0  3558330069562208.0  4232553325529980.0  3020.4585140027884   3075.123977577531  3186.8956674802203   5.684287788532803e+41    8.37358384538624e+41  1.1666441001856561e+42 
 56453.559649122806  2839919185948784.0  3509702762915071.5  4182457875938097.5  3020.4585140027884   3075.123977577531  3186.8956674802203  5.5140834602545794e+41   8.192846987065102e+41   1.136820711249169e+42 
   56456.4305764411  2793492677061660.5  3463370273578207.5  4132572078689635.0  3020.4585140027884   3075.123977577531  3186.8956674802203   5.347918029373214e+41   8.033185667623324e+41  1.1078818199862862e+42 
 56459.301503759394  2747992807210563.0  3417854508893143.5  4082692587881406.5  3020.4585140027884   3075.123977577531  3186.8956674802203  5.1832380479621034e+41   7.846940828026393e+41  1.0797984216047227e+42 
  56462.17243107769  2703422337134456.5  3373137976167389.0  4033612042520720.0  3020.4585140027884   3075.123977577531  3186.8956674802203   5.024427454304742e+41   7.662427879624342e+41  1.0525357413079431e+42 
  56465.04335839599  2659759538152626.0  3331518293265031.0  3985315169891953.0  3020.4585140027884   3075.123977577531  3186.8956674802203   4.871253434790648e+41   7.483106550428438e+41  1.0252026775104747e+42 
  56467.91428571428  2616983226009620.0  3297739344335338.0  3935156706164949.0  3020.4585140027884   3075.123977577531  3186.8956674802203   4.723493330884187e+41   7.296506270713533e+41  1.0040829406813093e+42 
  56470.78521303258  2575072751565237.5  3260576178838173.5  3887854659544011.0  3020.4585140027884   3075.123977577531  3186.8956674802203   4.580933691800489e+41   7.113136517849415e+41   9.827221248861042e+41 
 56473.656140350875  2534008082935080.5  3220999227728464.0  3841383506778957.0  3020.4585140027884   3075.123977577531  3186.8956674802203   4.443370275914849e+41   6.935145968343432e+41   9.619374976761867e+41 
  56476.52706766917  2493769500593099.0  3178406731116180.0  3795609041374006.0  3020.4585140027884   3075.123977577531  3186.8956674802203   4.310607594760169e+41  6.7623580755841755e+41    9.41704276750282e+41 
  56479.39799498746  2454337844785191.5  3141311412398558.0  3751721325089088.0  3020.4585140027884   3075.123977577531  3186.8956674802203   4.182458463845845e+41   6.594602627839473e+41   9.220235878957901e+41 
  56482.26892230576  2415694466859818.0  3098942879853018.0  3711398402388444.0  3020.4585140027884   3075.123977577531  3186.8956674802203  4.0587436296576335e+41  6.4485240798193875e+41   9.028625904941376e+41 
  56485.13984962406  2378940299816772.0  3056731529782447.0  3671629813370098.5  3020.4585140027884   3075.123977577531  3186.8956674802203   3.939291414013996e+41   6.308862431298505e+41    8.84373811427894e+41 
 56488.010776942356  2343107082156868.5  3015327464743589.0  3632413627150753.5  3020.4585140027884   3075.123977577531  3186.8956674802203   3.823937375479774e+41   6.172637578873095e+41    8.66592641749408e+41 
 56490.881704260646  2308011606151003.5  2974713549306365.0  3591445483257033.5  3020.4585140027884   3075.123977577531  3186.8956674802203  3.7124956775030294e+41   6.039680041856654e+41   8.476774953608547e+41 
 56493.752631578944  2273605415265777.5  2934999150612144.0  3556754816164212.5  3020.4585140027884   3075.123977577531  3186.8956674802203   3.604897219310085e+41     5.9094846258162e+41   8.292390269805013e+41 
  56496.62355889724  2239880546941588.2  2899446858441712.0  3524861254582873.5  3020.4585140027884   3075.123977577531  3186.8956674802203   3.500892777718757e+41   5.774316859192397e+41    8.11251049566613e+41 
  56499.49448621554  2208231106479326.0  2864577224560705.0  3493045544316314.5  3020.4585140027884   3075.123977577531  3186.8956674802203  3.4004496391047304e+41   5.642646655150931e+41    7.94683435713118e+41 
  56502.36541353383  2178542760189366.0  2829330961019811.0  3460715192167800.5  3020.4585140027884   3075.123977577531  3186.8956674802203  3.3038077433029945e+41   5.514383570367321e+41   7.791197724712666e+41 
  56505.23634085213  2149408923802754.2  2794683430546386.0  3428770439979878.5  3020.4585140027884   3075.123977577531  3186.8956674802203  3.2126747113539818e+41   5.383571896294298e+41   7.639009997382572e+41 
 56508.107268170425  2120816854500090.2  2760622393707512.5  3397544206711612.0  3020.4585140027884   3075.123977577531  3186.8956674802203  3.1245634261602004e+41  5.2533764265066164e+41   7.490186840342715e+41 
  56510.97819548872  2092754147537785.5  2725849679116010.0  3369623377713799.0  3020.4585140027884   3075.123977577531  3186.8956674802203   3.037758833958027e+41   5.125574178954369e+41   7.344646331539947e+41 
  56513.84912280701  2065208727824199.5  2691152848676652.5  3342016609869420.5  3020.4585140027884   3075.123977577531  3186.8956674802203  2.9491063003062683e+41   5.000485792877358e+41   7.201944858704467e+41 
  56516.72005012531  2038168840027753.0  2657044584464196.5  3311992866077684.5  3020.4585140027884   3075.123977577531  3186.8956674802203   2.863495689468236e+41  4.8789056035059496e+41   7.059346205226028e+41 
  56519.59097744361  2011803103475952.2  2623513305980933.0  3280351987109191.5  3020.4585140027884   3075.123977577531  3186.8956674802203  2.7808086809658118e+41   4.760726477383575e+41  6.9327914449907596e+41 
 56522.461904761905  1986502800677306.2  2590547676606364.5  3248614477115798.0  3020.4585140027884   3075.123977577531  3186.8956674802203   2.700932066969435e+41   4.645844690514158e+41   6.812037846880702e+41 
 56525.332832080196  1961640174537241.0  2560719564778446.5  3215072389815559.5  3020.4585140027884   3075.123977577531  3186.8956674802203  2.6237575102099222e+41  4.5408723171274314e+41  6.6940508487805195e+41 
  56528.20375939849  1935543959042397.5  2532471951012225.0  3181785717743054.0  3020.4585140027884   3075.123977577531  3186.8956674802203   2.549181314357557e+41     4.4393636416961e+41   6.578751213199663e+41 
  56531.07468671679  1908953563773337.2  2504631663525851.5  3148953823411461.5  3020.4585140027884   3075.123977577531  3186.8956674802203   2.477104206087303e+41   4.340490461334009e+41   6.456619292700803e+41 
  56533.94561403508  1882857807517293.5  2477192139304536.0  3118455364638228.0  3020.4585140027884   3075.123977577531  3186.8956674802203   2.407431128240433e+41   4.244177216707859e+41   6.322677757345342e+41 
  56536.81654135338  1857245652267540.8  2452495759590745.0  3090697958513480.0  3020.4585140027884   3075.123977577531  3186.8956674802203  2.3400710434699004e+41   4.150350638875891e+41   6.186019195863578e+41 
  56539.68746867168  1831605140143883.2  2428068083721582.0  3063709929927892.0  3020.4585140027884   3075.123977577531  3186.8956674802203  2.2749367477981804e+41   4.058939739236743e+41   6.057214518605928e+41 
 56542.558395989974  1805992925981914.2  2403004859556656.0  3037037379118588.0  3020.4585140027884   3075.123977577531  3186.8956674802203   2.211944693555135e+41   3.969875686526568e+41   5.946141107025366e+41 
 56545.429323308264  1780849363225004.8  2378281132491507.0  3009305484167448.0  3020.4585140027884   3075.123977577531  3186.8956674802203  2.1510148211863265e+41   3.883091739271352e+41   5.837398890756157e+41 
  56548.30025062656  1756164490098584.5  2352424578816664.0  2981630641325114.5  3020.4585140027884   3075.123977577531  3186.8956674802203  2.0920703994544135e+41  3.7920367829983754e+41   5.728206419398101e+41 
  56551.17117794486  1731928612472888.8  2326032907251242.0  2954292374932374.0  3020.4585140027884   3075.123977577531  3186.8956674802203  2.0350378833484946e+41  3.7030888058595754e+41    5.62178199761047e+41 
  56554.04210526316  1708294942294494.0  2300006777788965.0  2927285690801522.5  3020.4585140027884   3075.123977577531  3186.8956674802203  1.9798467486650533e+41   3.616501874933031e+41   5.524294027273058e+41 
  56556.91303258145  1685492091665090.8  2274341027127147.5  2901767180160620.0  3020.4585140027884   3075.123977577531  3186.8956674802203  1.9264293567019353e+41   3.532209338938464e+41  5.4287372800738346e+41 
 56559.783959899745  1663148370911361.0  2248831705683434.5  2876846168441629.5  3020.4585140027884   3075.123977577531  3186.8956674802203   1.874720844513643e+41   3.444005204504368e+41   5.335069311266597e+41 
  56562.65488721804  1641706316664264.8  2222429385350685.5  2852201530658707.0  3020.4585140027884   3075.123977577531  3186.8956674802203  1.8259336188680568e+41  3.3565121728064596e+41   5.243248597932399e+41 
  56565.52581453634  1621812188619584.0  2196428270805038.0  2826850629826947.5  3020.4585140027884   3075.123977577531  3186.8956674802203  1.7792082714702327e+41   3.271479694244432e+41   5.153197884466368e+41 
  56568.39674185463  1602561362277421.0  2170821097423410.0  2799966710779520.5  3020.4585140027884   3075.123977577531  3186.8956674802203   1.732013398524701e+41  3.1888353427433848e+41   5.064979802587322e+41 
  56571.26766917293  1583005291298976.8  2145603065027826.5  2773421389985181.5  3020.4585140027884   3075.123977577531  3186.8956674802203  1.6818177505628903e+41  3.1085088346575664e+41   4.978460645516811e+41 
 56574.138596491226  1563424644810698.2  2120766098066095.0  2747207242666387.5  3020.4585140027884   3075.123977577531  3186.8956674802203  1.6333108050198767e+41  3.0304051710284018e+41   4.893642140059042e+41 
 56577.009523809524  1544194303201260.2  2096304224855036.0  2721316742181312.5  3020.4585140027884   3075.123977577531  3186.8956674802203  1.5874088892514243e+41   2.954537860009318e+41   4.810470869157025e+41 
 56579.880451127814  1525291381082595.2  2072211415437739.0  2695755444388927.5  3020.4585140027884   3075.123977577531  3186.8956674802203  1.5444966050644308e+41   2.880764065305082e+41   4.728917985046833e+41 
  56582.75137844611  1506713795228501.8  2048481342707054.5  2670508383654235.5  3020.4585140027884   3075.123977577531  3186.8956674802203  1.5007637298973878e+41    2.80904643986808e+41   4.648949304107748e+41 
  56585.62230576441  1488831222509979.2  2025108017250305.5  2645124617428485.5  3020.4585140027884   3075.123977577531  3186.8956674802203  1.4590857989039506e+41  2.7393250155654915e+41   4.574438623272357e+41 
  56588.49323308271  1471483751999112.5  2002860364419269.8  2622279351690359.0  3020.4585140027884   3075.123977577531  3186.8956674802203  1.4187436073005392e+41  2.6715410597921796e+41   4.502448668981333e+41 
    56591.364160401  1454428365468286.5  1981532885382088.0  2599606312928568.0  3020.4585140027884   3075.123977577531  3186.8956674802203   1.382658493597991e+41  2.6056375731819897e+41  4.4317550300277176e+41 
 56594.235087719295  1437658778774712.2  1960528090330430.0  2575079556447502.0  3020.4585140027884   3075.123977577531  3186.8956674802203  1.3478996520067351e+41  2.5415592540184247e+41   4.362331120144297e+41 
  56597.10601503759  1421168868183996.0  1939839913770161.0  2550436123548447.0  3020.4585140027884   3075.123977577531  3186.8956674802203  1.3154923701970539e+41  2.4792524449333357e+41   4.294151115299953e+41 
  56599.97694235589  1404952666651950.0  1919462435158197.0  2526116634929495.5  3020.4585140027884   3075.123977577531  3186.8956674802203  1.2840282560113088e+41  2.4186650906225413e+41   4.227189632886014e+41 
  56602.84786967418  1389004359654332.2  1899389806205584.0  2505347102982273.0  3020.4585140027884   3075.123977577531  3186.8956674802203  1.2534755454995511e+41  2.3597466906946333e+41   4.161422049208568e+41 
  56605.71879699248  1373318280355165.5  1879616339039020.5  2487341629193113.5  3020.4585140027884   3075.123977577531  3186.8956674802203   1.224324415404925e+41  2.3024482552153533e+41    4.09682435217137e+41 
 56608.589724310776  1357888905322009.5  1860136468707898.8  2469124033682316.5  3020.4585140027884   3075.123977577531  3186.8956674802203  1.1969794034116358e+41  2.2467498007893286e+41  4.0333731194044086e+41 
  56611.46065162907  1342710850377417.5  1840944750956130.2  2448119351777248.0  3020.4585140027884   3075.123977577531  3186.8956674802203   1.170381961577156e+41   2.196226743877407e+41   3.971045497506334e+41 
  56614.33157894736  1327778866582708.8  1822035863395613.5  2427347293786640.5  3020.4585140027884   3075.123977577531  3186.8956674802203  1.1416435689459766e+41   2.147037248320705e+41  3.9098191823342055e+41 
  56617.20250626566  1312655664583930.0  1803404588877504.5  2406804964070267.0  3020.4585140027884   3075.123977577531  3186.8956674802203  1.1132453058103816e+41  2.0991422081288585e+41   3.849672400280371e+41 
  56620.07343358396  1297456434529406.2  1785045825257207.2  2386489508150980.5  3020.4585140027884   3075.123977577531  3186.8956674802203  1.0856752983652094e+41   2.052503745842551e+41   3.794654149511915e+41 
  56622.94436090226  1282507181148059.5  1766954580382771.0  2366398109119380.0  3020.4585140027884   3075.123977577531  3186.8956674802203  1.0601127046047038e+41  2.0087833373426212e+41   3.738576884910583e+41 
  56625.81528822055  1267802807001360.2  1749125968642612.0  2346527989361581.0  3020.4585140027884   3075.123977577531  3186.8956674802203  1.0369191617106099e+41  1.9679672200395577e+41   3.685395050686331e+41 
 56628.686215538844  1253338336269061.8  1731555208307254.0  2326876408736128.0  3020.4585140027884   3075.123977577531  3186.8956674802203  1.0144256114384607e+41   1.928159831242368e+41  3.6333668503649904e+41 
  56631.55714285714  1239108911436038.0  1714237619072784.0  2307440663718168.0  3020.4585140027884   3075.123977577531  3186.8956674802203   9.925268971624683e+40     1.8893321512431e+41   3.576156357830285e+41 
  56634.42807017543  1225109790083001.8  1697168643742937.5  2288218086611467.0  3020.4585140027884   3075.123977577531  3186.8956674802203   9.712046756622623e+40  1.8514561036289996e+41   3.517727229048117e+41 
  56637.29899749373  1211044541946383.5  1680343778808043.5  2269206044804469.5  3020.4585140027884   3075.123977577531  3186.8956674802203   9.471232729224259e+40  1.8145045218935724e+41  3.4586635250032445e+41 
  56640.16992481203  1196060519846657.8  1663758627519729.2  2250328823356611.0  3020.4585140027884   3075.123977577531  3186.8956674802203   9.250295639516355e+40  1.7784511153966454e+41   3.399114756026321e+41 
 56643.040852130325  1182262905691671.8  1647408892026270.8  2231502696037342.5  3020.4585140027884   3075.123977577531  3186.8956674802203   9.036237393776714e+40  1.7432704382054734e+41   3.341953181875179e+41 
 56645.911779448616  1168705504652359.0  1631290364524872.2  2213407316973012.2  3020.4585140027884   3075.123977577531  3186.8956674802203   8.828113895110935e+40  1.7089378591356446e+41  3.2842069575158106e+41 
  56648.78270676691  1155230196413350.8  1615398935177629.5  2195211768257203.8  3020.4585140027884   3075.123977577531  3186.8956674802203   8.625737777918048e+40   1.675429532942775e+41  3.2261952413496536e+41 
  56651.65363408521  1142585980287067.8  1599603748072162.0  2177214094794406.5  3020.4585140027884   3075.123977577531  3186.8956674802203   8.428928221576024e+40  1.6427223727400517e+41  3.1707654705153333e+41 
  56654.52456140351  1130140023007914.2  1582422588561747.8  2159411861012457.8  3020.4585140027884   3075.123977577531  3186.8956674802203   8.237510701764594e+40  1.6107940229761997e+41  3.1285031367427607e+41 
   56657.3954887218  1117888461406610.0  1565786347633860.5  2141802662323971.8  3020.4585140027884   3075.123977577531  3186.8956674802203   8.051316751943337e+40  1.5796228341743765e+41  3.0869356998097054e+41 
   56660.2664160401  1105827520031395.5  1549465238896865.0  2124384136205865.5  3020.4585140027884   3075.123977577531  3186.8956674802203   7.870183740269155e+40    1.54918783818638e+41   3.042366356812456e+41 
 56663.137343358394  1093953509033969.2  1533379044455089.0  2107153926758960.5  3020.4585140027884   3075.123977577531  3186.8956674802203   7.700898427419339e+40  1.5194687244558834e+41   2.990560486166664e+41 
  56666.00827067669  1082262821901697.5  1517523803817941.0  2090109720210535.2  3020.4585140027884   3075.123977577531  3186.8956674802203   7.538823996962629e+40  1.4904458192353932e+41  2.9387919776868225e+41 
  56668.87919799498  1070751933314859.0  1501892753799682.0  2073246603198099.2  3020.4585140027884   3075.123977577531  3186.8956674802203   7.380901567147151e+40  1.4621000766446644e+41   2.888098628151112e+41 
  56671.75012531328  1059488514762775.5  1486490228473675.5  2056569804376161.8  3020.4585140027884   3075.123977577531  3186.8956674802203   7.226982372815133e+40  1.4344114204400198e+41   2.838445764357205e+41 
  56674.62105263158  1047909296321159.2  1471301866959263.8  2040066616025255.0  3020.4585140027884   3075.123977577531  3186.8956674802203   7.077009149212668e+40  1.4073666048980685e+41  2.7898325732597504e+41 
 56677.491979949875  1036021200242551.0  1456335614025979.0  2023747599158006.2  3020.4585140027884   3075.123977577531  3186.8956674802203     6.9308350299233e+40  1.3809438155152418e+41   2.744919920306884e+41 
 56680.362907268165  1024358216525200.4  1441578223316546.0  2007599681515132.2  3020.4585140027884   3075.123977577531  3186.8956674802203   6.788329376791866e+40  1.3551275474342066e+41  2.7037327076099096e+41 
  56683.23383458646  1012878972226885.5  1427029452006249.5  1991624465086962.8  3020.4585140027884   3075.123977577531  3186.8956674802203   6.649399274690531e+40  1.3299015800707533e+41   2.663261303596613e+41 
  56686.10476190476  1001580020030869.5  1412685842030086.5  1975819836440137.2  3020.4585140027884   3075.123977577531  3186.8956674802203   6.513940738044284e+40  1.3052501151952324e+41  2.6234920543513257e+41 
  56688.97568922306   991097036758834.9  1398543970952218.5  1960183703000903.5  3020.4585140027884   3075.123977577531  3186.8956674802203   6.381853069165591e+40   1.281157830086457e+41  2.5844115739150595e+41 
  56691.84661654135   980879192315606.1  1384600477633798.5  1944713997983412.2  3020.4585140027884   3075.123977577531  3186.8956674802203   6.253038850004558e+40  1.2576098660148216e+41  2.5460067361036273e+41 
 56694.717543859646   970814161147774.0  1370852061373340.0  1929408680314464.2  3020.4585140027884   3075.123977577531  3186.8956674802203   6.127403828368423e+40  1.2345918128210068e+41  2.5082646726421466e+41 
  56697.58847117794   960899084109139.0  1357295481052858.8  1914265734406827.2  3020.4585140027884   3075.123977577531  3186.8956674802203   6.004856804917273e+40  1.2120897012182287e+41  2.4711727855508555e+41 
  56700.45939849624   951131164503112.1  1343927554065099.0  1899283169875089.5  3020.4585140027884   3075.123977577531  3186.8956674802203   5.885309524042434e+40   1.190089967021945e+41  2.4347187314927862e+41 
  56703.33032581453   941507666533005.4  1330745155208408.8  1884459021234725.8  3020.4585140027884   3075.123977577531  3186.8956674802203   5.768676569124361e+40  1.1685794561796344e+41   2.398890416256639e+41 
  56706.20125313283   932025913795147.9  1317745215632004.5  1869791347608823.2  3020.4585140027884   3075.123977577531  3186.8956674802203   5.654875262100261e+40     1.1475454079179e+41  2.3639149579239746e+41 
  56709.07218045113   922683287814224.1  1304924722950042.0  1855278232442198.5  3020.4585140027884   3075.123977577531  3186.8956674802203   5.543825566537191e+40  1.1269754401274899e+41  2.3298803940790334e+41 
  56711.94310776942   913585450246154.1  1292280727584568.2  1840917783219873.2  3020.4585140027884   3075.123977577531  3186.8956674802203   5.435449994553213e+40  1.1068575368658476e+41   2.296413955388958e+41 
 56714.814035087715   904691724366579.9  1279810312045366.2  1828915448684790.8  3020.4585140027884   3075.123977577531  3186.8956674802203   5.329673517305559e+40  1.0871800363100456e+41  2.2635051888291913e+41 
  56717.68496240601   895924965594943.1  1267510622716615.2  1817034303990597.2  3020.4585140027884   3075.123977577531  3186.8956674802203   5.226423478899603e+40  1.0679316208157986e+41   2.231143847274882e+41 
  56720.55588972431   887282868629537.0  1255378857273554.0  1805258325279460.0  3020.4585140027884   3075.123977577531  3186.8956674802203   5.125629516049837e+40  1.0491013009517747e+41   2.199319885054693e+41 
   56723.4268170426   878763177839385.8  1243412263790395.5  1793586267541044.2  3020.4585140027884   3075.123977577531  3186.8956674802203    5.02722347719918e+40   1.030678408674831e+41  2.1680234536280618e+41 
   56726.2977443609   870363684888815.4  1231608139851872.0  1781158536181862.5  3020.4585140027884   3075.123977577531  3186.8956674802203    4.93113933326065e+40  1.0126525866251082e+41  2.1372448973803032e+41 
 56729.168671679196   862082229277054.2  1220522892720129.0  1768843582373189.2  3020.4585140027884   3075.123977577531  3186.8956674802203   4.837313122940568e+40   9.950137774986135e+40  2.1069747495297393e+41 
  56732.03959899749   853551440152018.4  1210097499354901.5  1756645803901402.0  3020.4585140027884   3075.123977577531  3186.8956674802203   4.745682873985543e+40   9.777522143614315e+40  2.0772037281416597e+41 
  56734.91052631578   845024328885420.0  1199801354572001.8  1744563803356776.2  3020.4585140027884   3075.123977577531  3186.8956674802203    4.65618853485937e+40   9.608584113069168e+40   2.047922732247746e+41 
  56737.78145363408   836621343783516.9  1189632404898947.0  1732596204327466.2  3020.4585140027884   3075.123977577531  3186.8956674802203   4.563949617079258e+40   9.443231544412318e+40  2.0191228385619242e+41 
  56740.65238095238   828340239840034.2  1179588635750435.0  1720741650871355.5  3020.4585140027884   3075.123977577531  3186.8956674802203   4.471901983501433e+40   9.281374931865648e+40  1.9907952969094275e+41 
 56743.523308270676   820178818792005.6  1169668070593461.0  1708998807086287.2  3020.4585140027884   3075.123977577531  3186.8956674802203   4.382125156039995e+40   9.122927319000566e+40  1.9629315261000614e+41 
  56746.39423558897   812134928030823.8  1159868770131980.5  1697366356729672.8  3020.4585140027884   3075.123977577531  3186.8956674802203  4.2945545720351856e+40    8.96780422050911e+40   1.935523112151529e+41 
 56749.265162907264   804206459541048.2  1150188831510559.2  1685843002842916.8  3020.4585140027884   3075.123977577531  3186.8956674802203  4.2091277816660343e+40   8.815923534724524e+40  1.9085618040461653e+41 
  56752.13609022556   796391348867113.6  1140626387536823.2  1674427467372354.5  3020.4585140027884   3075.123977577531  3186.8956674802203   4.125784315067993e+40   8.667205477805045e+40  1.8820395103894354e+41 
  56755.00701754386   788687574106303.5  1131179605921528.5  1663118490806197.2  3020.4585140027884   3075.123977577531  3186.8956674802203   4.044465597819136e+40   8.521572507953993e+40  1.8559482961475747e+41 
  56757.87794486215   781093154927761.6  1121846688536772.8  1651914831820832.5  3020.4585140027884   3075.123977577531  3186.8956674802203   3.965114886629762e+40   8.378949254803236e+40  1.8302803794609547e+41 
  56760.74887218045   773606151616448.9  1112625870690965.5  1640815266936510.8  3020.4585140027884   3075.123977577531  3186.8956674802203  3.8876772068170613e+40   8.239262451503701e+40  1.8050281285311517e+41 
 56763.619799498745   766224664141958.0  1103515420421099.8  1629778781456867.8  3020.4585140027884   3075.123977577531  3186.8956674802203   3.812099292239469e+40   8.102440869151029e+40   1.780184058579119e+41 
  56766.49072681704   758946831250449.4  1094513637801094.4  1617528292288371.0  3020.4585140027884   3075.123977577531  3186.8956674802203   3.738329527425484e+40   7.968415253452455e+40   1.755740828872786e+41 
  56769.36165413533   751770829580228.8  1085618854266168.9  1605408131092597.0  3020.4585140027884   3075.123977577531  3186.8956674802203   3.666317891815674e+40   7.837118263554896e+40   1.731691239820521e+41 
  56772.23258145363   744694872799342.9  1076829432674342.2  1593416577728101.8  3020.4585140027884   3075.123977577531  3186.8956674802203   3.596015906033053e+40    7.70848441298976e+40  1.7080282301287329e+41 
  56775.10350877193   737717210765993.4  1068143766683788.0  1581551937881038.8  3020.4585140027884   3075.123977577531  3186.8956674802203  3.5273765801110014e+40   7.582450012480872e+40  1.6847448740244662e+41 
 56777.974436090226   730836128707718.1  1059560275512763.0  1569812542645644.2  3020.4585140027884   3075.123977577531  3186.8956674802203  3.4603543635762656e+40   7.458953114899301e+40  1.6616443972699622e+41 
 56780.845363408516   724049946422438.4  1051077410221825.6  1558196752546153.0  3020.4585140027884   3075.123977577531  3186.8956674802203   3.394905097341296e+40   7.337933461938413e+40  1.6388771185476477e+41 
 56783.716290726814   717357017501754.8  1042693648722776.5  1546702943804855.0  3020.4585140027884   3075.123977577531  3186.8956674802203   3.330985967354236e+40    7.21933243260534e+40  1.6164779414086553e+41 
  56786.58721804511   710755728570765.6  1034407497302877.8  1535329521986509.0  3020.4585140027884   3075.123977577531  3186.8956674802203  3.2685554598844858e+40   7.103092993450354e+40   1.594440191863476e+41 
  56789.45814536341   704244498547904.8  1026217489296936.8  1524074914966504.2  3020.4585140027884   3075.123977577531  3186.8956674802203  3.2075733184188253e+40   6.989159650450173e+40  1.5727573261066693e+41 
   56792.3290726817   697855904486912.4  1018122184633666.2  1512937576131378.0  3020.4585140027884   3075.123977577531  3186.8956674802203  3.1480005020972646e+40   6.877478433119812e+40  1.5514229278751316e+41 
            56795.2   691561169182774.5  1010120171482407.0  1501915981335960.0  3020.4585140027884   3075.123977577531  3186.8956674802203  3.0897991520462063e+40   6.767996760268984e+40  1.5304307058565198e+41 
