 log(Bfield)      Mns    Pspin  cutoff_power  cutoff_wavelength  fnickel    kappa  kappagamma   mejecta  log(nhhost)  temperature  texplosion  thetaPB      vejecta      A_V        MJD_0   log(KE)      M_Ni  Peak_mag     Peak_MJD 
    13.27575  1.74426  0.75698       4.04415         3515.35815  0.28933  0.15253     0.02613  68.21426     18.88025   8330.48182   -11.27895  1.28832   5127.33859  0.00422  56930.22105   52.1707  27.33288   17.5874   57088.7893 
    13.94267    1.762  0.72034       3.76164          3535.6421  0.00577  0.20124     0.04178  79.73105     18.54632   9284.37297   -13.61725  0.19505      7225.53  0.00195  56927.88275   52.4789    0.5579  17.67347  57091.91631 
    13.50709  1.58801  0.79578        4.2498         3337.11348  0.18277  0.10368     0.22809  99.64115     19.75801   4368.63799    -18.4555   0.4786   5412.95231  0.03182   56923.0445  52.24227  18.26723  17.13655  57104.42431 
    14.00816  1.88982  0.74467       4.05393         3606.29922  0.01229  0.10536      0.0835  67.95863      20.5912   9815.17907   -14.09505  0.09431   7544.13717  0.21673  56927.40495  52.50588   1.16034  17.93703   57088.7893 
    13.11778  1.76881  0.72177        4.5938         3351.96262  0.01809  0.12945      0.0224  89.94458     20.17123   8258.29748   -20.76051   1.2394   5344.86636  0.08241  56920.73949  52.22479   1.78122  18.02878   57073.1543 
    13.47734  1.59546  0.76143       3.98021         3532.48848  0.00319   0.1723     0.01432  54.48793     17.23778   7369.77861   -14.86307   0.5961   5075.90325   0.0001  56926.63693  52.14674   0.29079  17.45005   57085.6623 
    13.19512  1.64631  0.71367       3.67581          3968.0442  0.19768  0.13503     0.01139  77.30301     18.35663   7119.34863   -15.33258  1.55803   4899.35949  0.00126  56926.16742  52.13943    19.032   18.4802  56998.10626 
    12.80407  1.87609  1.13123       2.70106         3727.16845    0.036  0.01566     0.15557  66.01849     18.82912   5102.87977   -18.49775  0.94837    6824.7753  0.00375  56923.00225  52.41691   3.38398  17.68511  57107.55131 
    13.28562  1.74674  0.74643       4.74918         3391.33704  0.00158  0.11237     0.01364  80.81313     19.71727   8485.48305   -15.33399  0.89319   4244.84567  0.02897  56926.16601  52.01776   0.15333   17.4986  57095.04331 
     13.3751  1.76446   0.7671       3.63434         3425.13985  0.00726  0.22756     0.01567  55.16165     18.03109   3454.50806   -14.30958  0.77617   6015.82573   0.0006  56927.19042  52.29515   0.66333  17.59099  57091.91631 
    12.59513  1.63398  1.17724       1.51095         3730.15845  0.09157  0.01014     0.01397  97.62122     17.73804   8306.85168   -26.88176  1.43301  15835.29788   0.0003  56914.61824  53.17336    9.1247  17.55201   57085.6623 
    12.81156  1.69256  0.89649       1.96731         3421.57216  0.08565  0.02218     0.27759  58.26826     19.36758   6781.62582   -23.00382  0.43269  14654.09442  0.01295  56918.49618  53.07222   7.89635  17.44403  57091.91631 
    12.37066  1.37644  0.72891       3.21503         2962.90245  0.00197  0.03004     0.26785  40.26432     18.61845    8438.7726   -28.85982  0.97525   8687.73387  0.00231  56912.64018  52.59218   0.17105  17.09212  57060.64629 
    13.34874  1.38521  0.70484       4.18192         4051.89525  0.20361  0.06009     0.02321  93.38445     19.09192   9882.85165   -13.09355  0.47842   4037.56072  0.00687  56928.40645  51.98354  20.15898  17.12701   57085.6623 
    13.09096  1.54594  0.73591        3.5506         3115.13981  0.28336  0.15673     0.03407  98.28616     16.23676   7688.53126   -22.65208  1.47653   6275.50212    1e-05  56918.84792  52.36984  28.26538    18.606  56991.85226 
    13.08138  1.65943  0.78085       3.78714         3704.18793  0.37307  0.23166     0.06395  39.74037     19.17364   5043.96526   -15.62763  1.38988   5854.30391  0.00829  56925.87237  52.24837  32.32786  17.79866   57079.4083 
    13.15692  1.82289  0.81592       3.46206          3573.8849   0.0656  0.21856     0.02112  55.20909     19.93727   3705.44137   -16.43247  1.30749   7482.63283  0.04808  56925.06753  52.48472   5.99624  17.52648  57129.44032 
    13.22172  1.89925  0.74816       3.79783         3496.23547  0.15877  0.17448     0.04977  90.69423     17.13193   5983.44578   -13.33914  1.49605    6716.0205    8e-05  56928.16086  52.42367  15.65276  17.66948  57107.55131 
    13.26063  1.80673  0.72725       3.64358         3478.88919  0.08633  0.17816     0.06799  71.38331     20.11841    6573.9509   -13.83329  1.45049   5523.61625  0.07297  56927.66671  52.23837   8.21227   17.2168  57057.51929 
    13.08468  1.72057  0.81327       2.76645         3594.84151  0.04544  0.13814     0.40078  89.43638     17.50273   8832.45124   -22.64755  1.56401   7292.91425  0.00018  56918.85245  52.49436   4.47024  17.90675   57082.5353 
    13.16433  1.82923  0.73774       3.41132         4453.42592  0.36208  0.14045      0.0161  64.63881     19.63392   3287.77046   -12.36356  1.37741   6673.90632  0.02391  56929.13644  52.39608  33.92296    17.836   57088.7893 
     14.2938    2.119   0.7325       3.43701         3851.07949  0.01277  0.20645     0.08786  68.74612     19.41813   6133.23279   -11.36297   0.1296   5123.06429  0.01455  56930.13703  52.17049   1.20821  18.46439  57001.23326 
    13.41607  1.36355  1.39055       1.05193         4367.96387  0.30808  0.03909     0.31641  78.75353     19.57088   9049.03786   -15.36573  0.32861  24824.39598  0.02068  56926.13427  53.55012  29.74367   17.5739  57113.80532 
    13.60273  1.82948  0.72416        2.6394         3126.36262  0.43674  0.21912     0.02457   83.0273     19.78273   4660.19723   -16.93937  0.61036   6525.99439  0.03369  56924.56063  52.39308  42.49943   17.7275   57085.6623 
    13.32077  1.88145  0.72539       3.58467         3471.63921   0.1431  0.19721     0.01048  95.53673     17.46188   8108.10605   -13.93176  1.35813   6515.43555  0.00016  56927.56824  52.40064  14.21539  17.91379   57070.0273 
    13.18134  1.88243  1.58979       2.51023         3673.53309  0.31551  0.06299     0.33949  28.67998     18.06047   9427.91799    -14.1051  0.78319  19909.33793  0.00064   56927.3949  53.28722  25.85242  17.60764   57079.4083 
    14.38134  1.91339  0.72711       4.95969         3139.97388  0.03289  0.26661     0.15046  53.15639     19.57212    8526.6424   -16.72391  0.07369   4378.42558  0.02074  56924.77609  52.01664   2.98806  17.80024   57082.5353 
    14.19639   1.7922  0.72416       3.97995         3671.44212  0.01036   0.1682     0.07342  58.57018      19.7135   4512.51358   -11.79884  0.15566   3832.13987  0.02872  56929.70116  51.90754     0.956  17.50463  56988.72526 
    13.80097  1.81335  1.32057       4.01134         3201.21726  0.02714  0.04087     0.04321  73.87524     18.24259   6941.83503   -22.57332  0.24685   4058.02541  0.00097  56918.92668  51.97281    2.5955   18.4835  56988.72526 
     13.3264  1.87305  0.73804       3.22567         3427.59077  0.00344  0.24969     0.49437  73.96513     18.65669   8043.07826   -20.24104  0.91471   5611.38881  0.00252  56921.25896   52.2544   0.32905  17.31079  57098.17031 
    13.64255   1.8262  0.90285        3.3417         3207.55612  0.00447  0.24802     0.24045  57.97996     19.94744   7415.00696   -20.67949   0.3795   9219.21575  0.04922  56920.82051  52.66936    0.4117  17.07654  57095.04331 
    15.02386   1.5009  2.68357       0.51712         4057.34195   0.1818  0.01114     0.04397  84.14491     17.76758   8975.15562   -20.62266  0.01493  25332.50075  0.00033  56920.87734    53.572  17.72564  18.07254   57085.6623 
    13.27393  1.67723   0.7341        3.8144         3627.45562  0.00263  0.12316      0.0148  85.60749     16.57769   6629.61052   -14.68472  1.14241   5047.01918    2e-05  56926.81528  52.17183   0.25692  17.81395   57088.7893 
     13.1608   1.3567  0.71476       3.62914         3767.59128  0.14299  0.08244      0.0385  96.83001     19.74141   6026.15612   -13.65747  1.48168   4350.19654  0.03063  56927.84253  52.05062  14.23273  17.95386   57088.7893 
    14.22214  1.82956   0.7336        3.2815         3719.85299  0.17624    0.159     0.12646  98.48433     19.93926   6088.08999   -14.33527  0.07557   9184.60503   0.0483  56927.16473  52.70079  17.58504  17.48453   57085.6623 
     13.3117  1.99034  0.70714       3.90118         3465.35738  0.01746  0.23419     0.01005  66.25537     19.51548    7644.3342   -14.59773  0.96954   5249.44845  0.01821  56926.90227   52.1892    1.6419  18.23611  56976.21725 
    13.38225  1.93178  0.71272       3.08969         3513.53008   0.0013  0.27849     0.01306  63.82788     19.43385   6702.26021   -15.28652  1.10179   5211.52355  0.01509  56926.21348   52.1804   0.12136  17.08041  57101.29731 
    13.19629  1.52093  0.75255       3.32178         3648.89164  0.00602  0.15259     0.07275  57.11306     19.08292    8110.7945   -15.94832  1.45304   3965.52818  0.00672  56925.55168  51.93554   0.55367  17.50092   57085.6623 
    13.22601  1.80313  0.72136       3.89731         4770.37272  0.04332  0.08173     0.13315  93.95586     16.56023   5375.66103   -11.00668  1.43147   5415.80315    2e-05  56930.49332  52.23902   4.29249  17.75726  57036.52366 
    13.30578  1.62374  0.70852        4.1838         3417.41137  0.44775  0.13469     0.04695  73.05185     20.28101   9075.06109   -13.45139  1.11267   4738.39623  0.10611  56928.04861  52.10671  42.74208  17.79565  57091.91631 
    13.26652  1.97602  0.70423       4.90185         3032.48569  0.00157  0.21936     0.10887  86.43268     18.68171   8217.24254   -26.56549   0.9054   4805.49437  0.00267  56914.93451  52.12985   0.15409   18.7256  56991.85226 
     13.2607  1.80669  1.54139       2.63753         3979.42561   0.0659  0.01775     0.17217  56.72139     18.65821   9720.28085   -13.82118  0.57221  13408.94986  0.00253  56927.67882  52.99326   6.04936  18.64203  57035.63028 
    14.18075  1.96229  0.74813       3.27803         3673.04115  0.18868  0.29683     0.21178  53.71421     19.67157    3444.7898   -17.30327  0.08012   8174.74703  0.02608  56924.19673  52.55967  17.17172  18.28902  57026.24928 
    13.40576  1.88895  0.76906       4.54546         3333.53951  0.01105  0.09573     0.10995   86.6703     19.06299    8374.5483   -11.71911  1.55301   3189.66572  0.00642  56929.78089  51.77404   1.08243  17.39414  57101.29731 
    14.15095  1.87234  0.72769       4.65482          3162.3129  0.10749  0.13666     0.13286  80.84998     20.14369   3811.34185   -11.42117  0.16078   4820.01199  0.07734  56930.07883  52.12816  10.41843  17.66899   57076.2813 
    12.83148  1.57831  0.77606       2.45795         5620.49696  0.23567  0.27573     0.34486   9.62819     18.79388   9793.21107   -12.56799  0.65251   21918.9166  0.00346  56928.93201  53.27781  15.59022  18.07617  57007.48727 
    13.05705  1.51844  0.74856       3.94213         3583.16739  0.08617  0.14196     0.11099  62.52671      18.3103   7656.76992   -16.75888  1.52235   5576.71558  0.00114  56924.74112  52.23784   8.03163  17.78834   57088.7893 
    13.41233  1.84422  0.79229       3.46533         3231.36924  0.00755  0.20407     0.12799  76.25918     20.07959   6694.72589   -15.14882  0.81213   6767.15417  0.06673  56926.35118  52.41907   0.72535  17.83319   57082.5353 
    13.30987  1.77951  0.70199       4.02039         3611.65829  0.04804   0.1325     0.08173  94.38718     18.35886   8299.47303   -12.32266  0.77173   6081.92829  0.00127  56929.17734  52.34007   4.76348  18.76016  56976.21725 
    13.48592  1.84735  0.70798       4.75553         3417.81052  0.48857  0.15827     0.01205  80.14906     19.32312   7383.03218   -12.18016  0.74518   3998.35869  0.01169  56929.31984  51.96527  47.29345  17.49615  57091.91631 
    13.09246  1.63564  0.71041       4.31263         3598.58591  0.00119  0.09304     0.02728  91.96281     18.24138   9956.00664    -16.5453  1.18208   4255.70648  0.00097   56924.9547  52.02828   0.11737  17.89901  57095.04331 
    13.08744  1.69896  0.75588       3.81082         3381.34185  0.01818  0.17427     0.21242  62.94115     18.03545   5846.12394   -27.61112  1.11955   4284.83476   0.0006  56913.88888   52.0094   1.69581  18.68835  57016.86827 
    13.17063  2.02521  0.93569       3.68863          3710.0342  0.00124  0.12338     0.01582  56.41892     16.65492   4215.61926    -18.5784  1.40755   5021.78504    3e-05   56922.9216  52.13982   0.11395  17.52272  57129.44032 
    12.82163  1.99881  1.14807       1.36154         4701.56982   0.1836  0.03613     0.11591  98.01967     17.08269   8297.88432   -14.78138  1.53634  25370.05644    7e-05  56926.71862  53.58301  18.30719  17.69901  57095.04331 
    13.71702  1.82407  0.81493       3.81144         3665.18874  0.00249  0.15596     0.05958  60.47621     19.21599   8541.42861   -15.23231  0.29958   5568.70139  0.00914  56926.26769  52.23434   0.23054  16.55508   57079.4083 
    13.95385  1.63531  1.66707       3.84246         3619.50578  0.02044  0.01189     0.23511  44.46806     18.37328   4186.17267   -16.77724  0.12922   5336.31142  0.00131  56924.72276  52.17597   1.80413  18.52963  57029.37628 
    14.04823  2.12676  0.70826       3.70292         3960.87403  0.15108  0.17654     0.15074  65.56512      20.1517   5404.81308    -9.50756  0.22147   4957.31734  0.07878  56931.99244  52.13876  14.18606  17.49061  57095.04331 
    13.09722  1.90737  1.53552       3.20643          3251.7388   0.0748  0.02235     0.06684  44.02501      17.7596   9465.54804   -15.82589  0.77625  13883.37407  0.00032  56925.67411  53.00577   6.59275  17.38928  57098.17031 
    13.35038  1.86172  0.70798        3.6428         3481.89098  0.31446  0.25853     0.02786  67.58825     19.17485   8636.60943   -12.60694  1.51153   5903.42318  0.00831  56928.89306  52.29251  29.66418  17.82685   57076.2813 
    13.00273  1.43047  0.80797       4.02751         3615.47579   0.0339  0.05661     0.02612   88.0114     16.63118   8439.65814   -19.31473  1.42832   4004.09015    2e-05  56922.18527  51.97254   3.32703   18.8069  56985.59826 
    14.23167  1.84126  0.87933       3.29468         3725.30495  0.01817  0.16857     0.39999  56.34112     16.56214   4204.83507   -13.67295  0.10218   6859.43152    2e-05  56927.82705  52.41058    1.6661  17.68839  57016.86827 
    13.10754  1.92573  0.87061       3.83778         3388.48292   0.0109  0.18352     0.01319  46.03157     19.78658   4017.60797   -18.62213  1.26706   6076.85559  0.03399  56922.87787   52.2913   0.96787  17.65004  57113.80532 
    13.42684  2.11196  0.71562       3.09343         3641.51064  0.00993  0.21958     0.04447  72.37991     16.73746   4075.37974   -15.11195  0.75962   4950.17185    3e-05  56926.38805  52.14408   0.94686  17.91312  57107.55131 
    12.66513  1.39849  0.93883       1.90049         4589.58439  0.35327  0.03041     0.24855  61.20817     16.95626   9882.71143   -14.41848  0.73743  18558.06935    5e-05  56927.08152  53.28071  32.81934   17.7592  57095.04331 
    13.73398  1.67955  0.91899       2.73864         3314.80727  0.43662  0.13226     0.04962  79.69499     18.32437    7395.6392   -19.06665  0.18504  10083.01214  0.00117  56922.43335  52.76831  42.22839  17.82434  57039.52813 
    12.86837  1.87277   1.0677       3.58529         3377.90238   0.0973  0.02363     0.01012  84.48894     17.54446   7506.80031   -18.62481  1.15129   5544.67432  0.00019  56922.87519  52.25266   9.49265  18.74222  57010.61427 
    13.31756  2.06505  0.71049       3.61946         3493.68988  0.30375  0.19028      0.0349  91.00845     18.21763   3202.18479   -16.74009  1.48557   5139.67221  0.00092  56924.75991  52.19154  29.96091  17.50251   57085.6623 
    13.55834  2.12145  0.93066       3.66377         3494.14579  0.03443  0.23237     0.01861  48.23181     19.52285   6097.43615   -19.30004  0.61901   4788.29624  0.01852  56922.19996  52.08759   3.07975  18.75475  56966.83625 
    12.79469  1.68267  1.03131       4.49648         3815.80381  0.02942  0.01134     0.01644   84.8941     17.46598   7850.23189   -14.73343  1.33235   4316.36509  0.00016  56926.76657  52.03545    2.8719  17.53624   57076.2813 
    12.56012  1.85868  0.75594       3.84043         3506.49788  0.16625  0.10985     0.08648  26.77535     16.85803   7066.29693   -21.66696  1.24941   7268.05955    4e-05  56919.83304  52.40665  13.45685  18.10709  57007.48727 
    12.89487  1.58061   0.7139       3.18109         3269.77117  0.00667  0.22908     0.10074  58.50817     16.32885   7525.80263   -28.26241  1.14364   7611.65678    1e-05  56913.23759  52.50354   0.61537  17.82374   57088.7893 
    13.24112  1.73854   0.7741       1.95091          3738.7802  0.00228  0.26798     0.03471  61.61101     20.21495   4664.67564   -23.90013  0.88132   7352.82029  0.09113  56917.59987    52.477   0.21182  17.65399  57036.52366 
    14.30197  1.60912  0.70108        4.0271          3336.2012   0.2493  0.15031     0.03653  90.91765     19.31356   5763.05602    -12.1446   0.0951   6128.82781  0.01144   56929.3554  52.34436  24.58676  17.67436  57107.55131 
    13.26263  1.59724  0.83085        4.4909         3588.79661  0.00226  0.07312     0.06219   93.9705     16.39933   5603.18219   -14.86544   0.8913   4789.08061    1e-05  56926.63456  52.13221   0.22412  18.91094  56991.85226 
    13.60951  1.98062  0.74666       2.97263         3428.49338  0.09517  0.23443     0.05546  59.08537     20.51003   6691.81622   -19.53195  0.24132  10544.97167  0.17979  56921.96805  52.78734   8.79273  17.14128  57098.17031 
    12.90642  1.76903  1.44256       3.02324         2924.64023   0.1032  0.01973     0.25514  32.89128      16.6277   9200.67598   -20.54813  0.78372  12449.70432    2e-05  56920.95187   52.8898   8.66065  17.55061   57076.2813 
    13.06029  1.88672  0.73365       3.68375         4263.93222  0.47007  0.17785     0.10625  66.40344     18.43515   8448.37807    -11.8929  1.22232  10497.48741  0.00151   56929.6071  52.79129  44.22412  16.86146   57073.1543 
    13.47808  1.78132  0.88659       4.30833          3594.8273   0.3878  0.06566      0.0175  99.17067     19.35132   4914.93562   -11.35173  1.22875   3527.69057  0.01248  56930.14827  51.87008  38.73289  17.66399   57088.7893 
    13.50996  1.99324   0.7564       4.45677         3431.21571  0.00119  0.18077     0.02131  73.62545     17.62198    8395.8819   -12.22652  0.85217   4930.63425  0.00023  56929.27348  52.14176   0.11412  17.96215  57001.23326 
    13.00404  1.05804  0.81408       1.26095         3035.39015  0.17018  0.08079     0.34981  24.08253     17.11361   8251.32805   -20.97649  0.23505  21519.63076    7e-05  56920.52351  53.34118  13.51435  17.97605  57098.17031 
    13.53801  1.99858  0.72937       4.47178         3280.51269  0.00129  0.28544     0.04456  51.24339     16.24539   5747.84194   -15.64843  0.51326   4978.96129    1e-05  56925.85157  52.12574   0.11614  17.77961  57095.04331 
     14.1723  2.03479  0.96347       4.12349         3148.18953  0.07651  0.30344     0.04398  40.90153     19.85313    8550.7046   -18.83803  0.12743   7309.45731  0.03962  56922.66197  52.44327   6.66148  18.05738  57001.23326 
    13.81283  1.92571  0.73201       2.53146         3403.07127  0.09749  0.26182     0.01561  71.95273     19.43878   5131.44251    -9.03414  0.44254   8733.95581  0.01526  56932.46586  52.63687   9.28521   17.8205  57116.93232 
    13.29281  1.59358  0.94981       3.72032         3470.82719  0.49798  0.07898     0.05736  85.21994     16.33004   5528.51678    -15.6303  1.01426   5386.13604    1e-05   56925.8697  52.22802  48.64589   17.9933   57079.4083 
    13.38574  1.42789  0.71798        4.2582         3441.28382   0.0469  0.11705     0.16641  62.79158     19.47072   3991.70231   -15.07547  0.61793   3983.81731  0.01642  56926.42453  51.94597   4.37442  18.08353  57066.90029 
    12.61387  2.03215  0.85103       3.69844         5713.40478   0.0014  0.01245      0.3699  43.34802     18.45356    7810.3397   -16.85475  1.51615   10899.4104  0.00158  56924.64525  52.79448   0.12281  17.81735  57113.80532 
    13.30781  1.75838  1.69438       1.81813         4181.12283  0.09019  0.01217     0.42642  67.57771     19.41285   7796.98879   -18.29247   0.4743  13477.53796  0.01437  56923.20753  53.00951   8.50792  17.73871   57076.2813 
    14.06369  1.71437  0.72836         3.799         2971.09558  0.28121  0.21052     0.05904  83.32495     20.00746   7770.54184   -17.00217  0.09171  10756.97759  0.05652  56924.49783   52.8274  27.37882  18.71238  56963.70925 
    13.43822  1.76424  0.76929       3.08094         3589.19015  0.21655  0.13316     0.03461  81.90909     19.46765   6196.95881   -16.96804  0.35716   8701.83594  0.01631  56924.53196  52.64213  21.02975  17.65663   57082.5353 
    13.34032  1.69756  0.74499       3.03569         3450.07445  0.02852  0.15264     0.01682  85.78471     19.29301   5312.23336   -15.64917  1.28368   5109.03729  0.01091  56925.85083  52.18257   2.78899    17.804   57079.4083 
    13.33393  2.03562  0.86453       3.93455         3371.88251  0.00467   0.2505     0.26418   49.5482     20.32723   6191.56798    -20.3258  1.16082   5749.69054  0.11802   56921.1742  52.24841   0.41922  17.16025  57091.91631 
    13.38264  1.90006  0.83261       4.13988         3359.62986  0.00102  0.14093     0.02442  64.84088     19.19925   7249.80171   -15.54544  1.25942   3951.69808  0.00879  56925.95456  51.94109   0.09556  17.48025  57091.91631 
    12.82052  1.45247  0.82162        2.1444         4927.01757  0.13792  0.08251     0.04095  85.96345     17.76475   3187.22144   -18.16923  1.52511  12854.95885  0.00032  56923.33077  52.98416  13.48994  17.53177  57113.80532 
    13.60926  1.84916  0.74241       3.75416         3418.92319  0.00163  0.32597     0.49192  47.82335      20.1127   8264.27823   -23.31077  0.36199   5784.45288  0.07202  56918.18923  52.25116    0.1455  17.71732  57091.91631 
    13.20699   1.8832  0.73563       3.07749         3637.87747  0.00937  0.22156     0.11163  76.93757     18.71249   7888.56845   -26.14082  0.86642   5378.16624  0.00287  56915.35918  52.22011   0.90138  17.42238   57088.7893 
    13.92237  2.00383  0.78151       4.43579         3354.16041  0.01891  0.14654     0.02305  76.48131     17.71573    4006.6583   -15.07241  0.23017   4116.30123  0.00029  56926.42759  51.98747    1.8175  17.58644   57085.6623 
    13.15088  1.62486  0.79639       4.03194         3528.68081  0.00348  0.12837     0.01478  68.75734     18.61649   8587.33496   -17.34806  1.53568   4643.50604   0.0023  56924.15194  52.08513   0.32911  17.74378   57088.7893 
     14.2107  2.17156  0.74961       3.24856         3531.03343  0.37562  0.30833     0.02598  72.02395      17.1165   6820.64088   -15.20406  0.09836   9698.73427    7e-05  56926.29594  52.72794  35.77895  17.01848   57082.5353 
    13.24977  1.61307  0.78426       4.47009         3317.97405  0.05616  0.08486     0.06153  81.78132     17.90049   5079.82987   -14.27182  1.53817   3321.96885  0.00044  56927.22818   51.8056   5.45302   17.4867  57104.42431 
    13.63434  2.00475  0.77533       3.46099         3689.72599  0.41217  0.10853     0.07956   82.6618     17.78624   7533.90504    -7.14447  1.42832     4501.385  0.00034  56934.35553  52.07019  40.08184  17.73827   57076.2813 
    13.16033  1.45298  0.70117       3.60628         3858.85553  0.04606  0.11185     0.20556  83.06693     16.56223   7645.56857   -15.78272  0.93964   5219.38916    2e-05  56925.71728  52.19906   4.48198  17.45199   57085.6623 
    13.12112  2.12143  1.77232       3.20536         3390.25785  0.03992  0.02523     0.14622  30.49461     18.64806   9847.10929   -17.37437   1.0232  11667.10964  0.00247  56924.12563  52.82771   3.30649  18.17474  57036.52366 
    13.44355   1.5544  0.70085       4.31847          3451.0148  0.04751  0.13769     0.02716  65.80688     19.31213   7876.95354   -16.37278  0.44341    4631.0738   0.0114  56925.12722  52.07988   4.46342  17.59366  57098.17031 
    13.43043  1.85564  0.73935       4.21857         3684.74835  0.36318  0.14282     0.08455  66.92055      19.4089   3720.25867    -9.98762  1.52509   4187.80874  0.01424  56931.51238  51.99361  34.20873  17.64649   57088.7893 
    13.82009  1.94048    0.771       3.36526         3500.85432  0.26207  0.24155      0.0158  75.46144     18.73977   3310.31452   -15.58712  0.29416   7462.46991  0.00305  56925.91288  52.50334  25.14022  18.59963  56985.59826 
    13.39061  1.74667  0.76707       3.60858         3647.94772   0.0099  0.11086     0.23016  90.04689     20.11584   9076.06095   -16.96126  0.65489   5411.74117  0.07254  56924.53874  52.23567   0.97471  18.41294  57007.48727 
    14.02674  2.06939  0.80644       2.67883         3819.30935  0.00519  0.21988     0.26681  69.06068     19.56092   5398.18766   -17.92511  0.17109   7069.98659  0.02021  56923.57489  52.45057   0.49076  18.41915  57038.75728 
    13.23788  1.95731  0.73444       3.59725         5205.88289    0.013  0.18514     0.40155  49.86614     16.75844   4131.51744    -13.4659   1.4643   6441.43577    3e-05   56928.0341  52.34753   1.16902  17.16791   57082.5353 
     13.2199  1.74293   0.7417       2.64934         4131.93226  0.05492  0.19246     0.02524   77.9379     16.77772   7447.67902   -19.28491  0.74801   9311.17387    3e-05  56922.21509  52.69769   5.29393  17.73218  57110.67831 
    13.37698  1.97408  1.89697       3.01903         3125.36876  0.09498  0.01232     0.06181  67.16108     19.85644   9014.27074    -19.6094  0.53236  12503.06805  0.03992   56921.8906  52.94391   8.95165  17.30413  57091.91631 
    13.26226  2.16621  0.99487       3.92834         3399.82214  0.00196  0.22232     0.04938  37.48305     20.08823   9520.25811   -17.66399  1.22501    6357.0955  0.06807  56923.83601  52.31568   0.16837  17.46208  57101.29731 
    12.89407    1.691  1.47108       2.50939         2148.37126  0.46052  0.03779     0.12972  57.33197     17.26696   8818.54496   -23.30226  0.93117  31877.94593   0.0001  56918.19774  53.74618  42.34663  17.91412  57007.48727 
    13.58519  1.87686  0.77545       3.13506         3623.15829  0.09693  0.31867     0.17231  39.62842     18.23294   4089.17776   -17.23472  0.25618   8804.84513  0.00095  56924.26528  52.60266   8.39555   17.9581  57104.42431 
    14.26626   1.9212  0.71921       4.07254         3706.41789  0.00157  0.13747      0.1389  69.89634      19.8544   7518.54729   -10.96803  0.10831    4421.5344  0.03973  56930.53197  52.04367   0.14867  16.99647  57063.77329 
    14.01985  2.12662  0.71849       4.41921         3599.92273  0.36765  0.25343     0.02835  63.15334     18.89366   5142.19692   -10.69321  0.20921   6018.03041  0.00435  56930.80679  52.30467  34.32173  17.85364  57095.04331 
    13.48036  1.66228  1.14374       3.72228         3338.25203  0.49929  0.07912     0.01475  97.25859     17.61187   8194.57387   -16.66595  0.77222   6413.41454  0.00023  56924.83405  52.38806  49.72868  17.52186   57082.5353 
    13.23174  2.01334  1.95799       3.32061         3651.56563  0.02777  0.01024     0.18715  24.49969     20.17199   9433.59416   -16.70494  0.78712   7043.20541  0.08255  56924.79506   52.3724   2.21181  17.45377   57073.1543 
    12.36621  2.03919  0.70365       3.89422         4497.47297  0.00216  0.01164     0.12183   41.7573     18.22925   9660.04098   -14.50392  1.06789   6856.21189  0.00094  56926.99608  52.38916   0.18914  17.36811  57095.04331 
    13.67571  2.06528  0.75015       4.04286         3331.38102  0.00313  0.15511     0.06493  92.42317     17.97996   6115.74164   -14.33977  0.41078   4747.46536  0.00053  56927.16023  52.12357   0.30991  17.52296  57116.93232 
    13.32163  1.63064  0.73843       3.97299         3333.63981  0.00579  0.18514     0.03077  60.00009      16.4881   6256.31597   -21.37032  0.79118   3979.60928    2e-05  56920.12968  51.94198     0.536  17.93597  57004.36026 
    13.86008   1.9151  0.73108       4.38748         3446.53459  0.00262  0.27155     0.23657  46.48133      17.0779   7250.97877   -12.49907  0.29447   4608.06295    7e-05  56929.00093  52.05167   0.23331  17.39437   57088.7893 
    13.17862  1.71617   1.2417       4.33553         3421.74447  0.42166  0.02395     0.05062   43.5157     17.47443   7702.23285   -14.07254  0.54519   4709.78471  0.00017  56927.42746  52.06595  37.09245  17.72388  57066.90029 
    14.79806  2.11554  2.53259       4.53219         3336.09594  0.49154  0.01026     0.07143  68.78542     19.36383   5260.56906     -8.6579  0.47132   2962.51433  0.01284   56932.8421  51.69479  46.49444  17.62557  57113.80532 
    13.36333  1.69296  0.71757        3.2974          3701.7168  0.01075  0.12426     0.11337  88.12747     19.76549   7968.30593   -12.14108   0.7238   5765.46426  0.03238  56929.35892  52.28928   1.05547  17.78253  57101.29731 
    13.29692  1.56476  1.49168        0.6432         4176.22601  0.10936    0.013     0.49926  52.50491      19.1885   9910.22793   -28.24756  0.32307   20078.9075  0.00857  56913.25244  53.33863   9.91678  17.55819  57041.88428 
    13.13138  1.61481  0.88678       3.72369         3254.71982  0.00854   0.1061     0.03031  80.74266     17.88201   6635.70652   -17.00529  1.04088   7950.56519  0.00042  56924.49471  52.56278   0.82791  17.41638   57085.6623 
     12.3774  1.27536  0.70947       2.32693         3319.37767  0.40468   0.0789     0.10166  32.82477     18.19728   8400.38245   -18.02866  0.90521  24362.89755  0.00088  56923.47134  53.47279  33.94856  17.37628  57116.93232 
    13.33668  1.77357  0.70092       3.43935         3638.04089  0.02265  0.27611      0.0561  46.89739      18.6055   9972.67204   -11.52789  1.22443    4894.9671  0.00224  56929.97211  52.10476   2.01724  17.75555  57098.17031 
    12.67766  1.72313  0.91513       2.65138         3830.11914  0.02707  0.05643     0.07905  45.82759     16.96298   3299.53287   -23.64008  1.23824  11862.64607    5e-05  56917.85992  52.87199    2.4013  17.81662   57085.6623 
    13.72185  1.91582  0.74767       2.56479         3746.66985   0.1669  0.31769     0.27889  48.19487     17.95033   7538.28853   -14.75591  0.33758   6697.21653   0.0005  56926.74409  52.37897  14.92804  18.37047  57001.23326 
    13.22273  1.99773  0.87014       3.21717         3273.25873  0.20466  0.32046     0.01204  45.94733     16.88573    3237.9179   -27.88777   1.1128   5905.75413    4e-05  56913.61223  52.26636  18.16387  17.91511   57088.7893 
    12.71944  2.17487  1.15995       3.16854         3709.70766  0.00242  0.01426     0.06306  32.55116      18.3956   7838.37019   -23.40788  0.98764   4903.04929  0.00138  56918.09212  52.07964   0.20302  17.44901   57082.5353 
    13.23955  1.65278  0.70275       3.44203         3687.18219  0.08741  0.12264      0.0113  82.40335     18.66018   6463.74845   -13.28678  1.32019   4270.87517  0.00254  56928.21322  52.02433   8.49665  17.42167   57085.6623 
    13.82644  1.67531  1.24867       4.47428         3656.17172  0.14964  0.01146     0.06409  82.34001     18.97609   4299.35985   -16.35533  0.12753   3934.45962  0.00526  56925.14467  51.95302  14.54379  17.78313   57088.7893 
    13.40271  1.82958  0.72183       3.97787         3388.66634  0.16912  0.14192     0.03637  95.60184     17.03625   6677.22117   -12.25401  1.03461   5306.02972    6e-05  56929.24599  52.22233  16.80161  17.69809  57135.69433 
    13.56298  1.81311  2.00938       2.73073         3335.44133  0.15275   0.0302     0.13763   24.9294     17.28215   8767.85807   -18.81591  0.36061  11508.50714  0.00011  56922.68409  52.80027  12.20626  18.09198  56998.10626 
    12.67708  1.81198  0.81246       3.41348         2059.89391  0.44114  0.04391     0.09519  61.72366     20.76566   3911.20701   -32.37544    0.484  12375.02439  0.32389  56909.12456  52.92931  41.03601   17.1402  57107.55131 
    12.45698  1.53699  0.77509       3.08046         3640.02376  0.00227  0.01287     0.01708  56.63878     20.77041   7817.68063   -22.96618  1.34611   6626.21389  0.32744  56918.53382   52.3809   0.20826  18.05741   57088.7893 
    13.73205  1.67237  0.82701       3.74748         3197.10458  0.36175  0.14335     0.02117  92.01639     18.85039   8233.90687   -19.17344  0.19638   8670.57216  0.00394  56922.32656  52.64647   35.7398  17.89052   57085.6623 
    13.34143  1.97415  0.96798       3.59914         3559.35163  0.18471  0.14875      0.0736  65.77204     17.32916   5675.23441   -15.34431  1.54617   6074.75369  0.00012  56926.15569  52.31554   17.3519  17.31993  57013.74127 
    13.24867   1.7109  1.01763       2.38411         3905.08959  0.17112  0.01551     0.38531  81.31716     17.66982   6850.70377   -16.04867  0.20555  14000.95974  0.00026  56925.45133  53.05476  16.59982  17.44464   57088.7893 
    13.45625  2.07547  1.08489       4.20337          3460.8358  0.48034  0.06944     0.01695  91.22889     17.85567    3144.0915   -14.11375  1.49527   3702.17295   0.0004  56927.38625  51.90674  47.39664  17.88506  57091.91631 
    13.40945  1.75162  0.72784       4.20799         3638.35883  0.43471  0.09423     0.03189  78.94034     19.92089   3329.85916    -10.5905  1.56371   3506.32223   0.0463   56930.9095  51.85022  41.98446   17.2999  57095.04331 
    12.81449   1.3224  1.71269       2.98528         2824.08304  0.39281  0.01552     0.15831   73.6266     19.30267   8596.93436   -15.93713  0.24045  15704.36319  0.01115  56925.56287    53.148  37.54139  17.76859  57113.80532 
    13.16432  1.49662  0.77673       4.30444         3344.43325  0.26354   0.1063     0.07592  76.36709     18.45675   5587.93324   -15.35375  0.89549   5395.93592  0.00159  56926.14625  52.22249  25.32627  17.36807  57104.42431 
    13.80401  2.05546  0.81888       3.25247         3256.32339  0.00161  0.32364     0.07339  55.76827     18.13369   4237.69488   -18.98386  0.35529   6345.37812  0.00076  56922.51614  52.34222   0.14721  17.61944  57123.18632 
    12.85272  1.74429  0.95593       2.75688         2891.07136  0.05098  0.01243     0.42249  49.39839     16.44689   6991.38893   -20.77496  0.40926  10350.75319    2e-05  56920.72504  52.75885   4.57821  17.32573  57091.91631 
    13.42795  2.13065  0.75644       3.38324         3192.89762  0.00482  0.20092      0.2936  99.76013     18.41177   3463.73208   -17.82718   0.6237   6450.66374  0.00143  56923.67282  52.39469   0.48174  17.63699  57013.74127 
     13.2204   1.7309   1.3994       1.59156         3431.70192  0.24056  0.08906     0.47877  45.53786     19.49456   8484.49899   -16.90407  0.69997  26237.90545  0.01735  56924.59593  53.56104  21.31949  18.36412  57004.36026 
    13.44181  1.95248  0.75944       2.79545          3397.7605  0.39789  0.22039     0.48669  94.03734     18.35189   4934.09708    -14.0902  1.09928   6793.46046  0.00125   56927.4098  52.43593  39.43498  17.91802  57101.29731 
